long;lat;locality;province;community;year;month;kingdom;class;family;genus;species;common_name
-1.856;37.237; Almeria; Almeria;Andalucia;2012;Oct;Animalia;Reptilia;Colubridae;Hemorrhois;Hemorrhois hippocrepis;Horseshoe Whip Snake
-2.256;36.797; Almeria; Almeria;Andalucia;2013;Apr;Animalia;Reptilia;Chamaeleonidae;Chamaeleo;Chamaeleo chamaeleon;Common Chameleon
-2.294;36.835; Almeria; Almeria;Andalucia;2017;Oct;Animalia;Reptilia;Chamaeleonidae;Chamaeleo;Chamaeleo chamaeleon;Common Chameleon
-2.286;36.82; Almeria; Almeria;Andalucia;2017;Oct;Animalia;Reptilia;Chamaeleonidae;Chamaeleo;Chamaeleo chamaeleon;Common Chameleon
-2.224;36.763; Almeria; Almeria;Andalucia;2017;Aug;Animalia;Reptilia;Chamaeleonidae;Chamaeleo;Chamaeleo chamaeleon;Common Chameleon
-2.222;36.759; Almeria; Almeria;Andalucia;2017;Oct;Animalia;Reptilia;Chamaeleonidae;Chamaeleo;Chamaeleo chamaeleon;Common Chameleon
-2.26;36.79; Almeria; Almeria;Andalucia;2019;May;Animalia;Reptilia;Chamaeleonidae;Chamaeleo;Chamaeleo chamaeleon;Common Chameleon
-2.253;36.799; Almeria; Almeria;Andalucia;2019;Apr;Animalia;Reptilia;Chamaeleonidae;Chamaeleo;Chamaeleo chamaeleon;Common Chameleon
-2.24;36.76; Almeria; Almeria;Andalucia;2019;Sep;Animalia;Reptilia;Chamaeleonidae;Chamaeleo;Chamaeleo chamaeleon;Common Chameleon
-2.232;36.768; Almeria; Almeria;Andalucia;2019;Sep;Animalia;Reptilia;Chamaeleonidae;Chamaeleo;Chamaeleo chamaeleon;Common Chameleon
-2.23;36.75; Almeria; Almeria;Andalucia;2019;Sep;Animalia;Reptilia;Chamaeleonidae;Chamaeleo;Chamaeleo chamaeleon;Common Chameleon
-6.059;39.925; Badajoz; Badajoz;Extremadura;2005;May;Animalia;Reptilia;Lacertidae;Timon;Timon lepidus;Ocellated Lizard
-6.987;39.238; Badajoz; Badajoz;Extremadura;2011;May;Animalia;Reptilia;Lacertidae;Timon;Timon lepidus;Ocellated Lizard
-3.589;42.055; Burgos; Burgos;Castilla-La Mancha;2007;Apr;Animalia;Reptilia;Lacertidae;Timon;Timon lepidus;Ocellated Lizard
-5.91;39.606; Caceres; Caceres;Extremadura;2013;Apr;Animalia;Reptilia;Lacertidae;Timon;Timon lepidus;Ocellated Lizard
-5.904;39.877; Caceres; Caceres;Extremadura;2013;May;Animalia;Reptilia;Lacertidae;Timon;Timon lepidus;Ocellated Lizard
-6.259;39.445; Caceres; Caceres;Extremadura;2014;May;Animalia;Reptilia;Lacertidae;Timon;Timon lepidus;Ocellated Lizard
-5.885;39.568; Caceres; Caceres;Extremadura;2014;May;Animalia;Reptilia;Lacertidae;Timon;Timon lepidus;Ocellated Lizard
-5.908;39.873; Caceres; Caceres;Extremadura;2015;May;Animalia;Reptilia;Lacertidae;Timon;Timon lepidus;Ocellated Lizard
-5.888;39.882; Caceres; Caceres;Extremadura;2015;Apr;Animalia;Reptilia;Lacertidae;Timon;Timon lepidus;Ocellated Lizard
-3.936;36.736; Malaga; Malaga;Andalucia;2014;Jun;Animalia;Reptilia;Chamaeleonidae;Chamaeleo;Chamaeleo chamaeleon;Common Chameleon
-4.55;36.738; Malaga; Malaga;Andalucia;2015;Jul;Animalia;Reptilia;Chamaeleonidae;Chamaeleo;Chamaeleo chamaeleon;Common Chameleon
-4.3;36.718; Malaga; Malaga;Andalucia;2015;Jul;Animalia;Reptilia;Chamaeleonidae;Chamaeleo;Chamaeleo chamaeleon;Common Chameleon
-2.58;42.8;Aberasturi;Alava;Euskadi;2000;Jan;Animalia;Aves;Podicipedidae;Tachybaptus;Tachybaptus ruficollis;Zampullin comun
-2.58;42.8;Aberasturi;Alava;Euskadi;2001;May;Animalia;Aves;Podicipedidae;Podiceps;Podiceps cristatus;Somormujo lavanco
-2.58;42.8;Aberasturi;Alava;Euskadi;2001;Jan;Animalia;Aves;Podicipedidae;Tachybaptus;Tachybaptus ruficollis;Zampullin comun
-2.58;42.8;Aberasturi;Alava;Euskadi;2002;Jan;Animalia;Aves;Podicipedidae;Tachybaptus;Tachybaptus ruficollis;Zampullin comun
-2.58;42.8;Aberasturi;Alava;Euskadi;2003;May;Animalia;Aves;Podicipedidae;Podiceps;Podiceps cristatus;Somormujo lavanco
-2.58;42.8;Aberasturi;Alava;Euskadi;2003;Jan;Animalia;Aves;Podicipedidae;Tachybaptus;Tachybaptus ruficollis;Zampullin comun
-2.58;42.8;Aberasturi;Alava;Euskadi;2004;Jan;Animalia;Aves;Podicipedidae;Tachybaptus;Tachybaptus ruficollis;Zampullin comun
-2.58;42.8;Aberasturi;Alava;Euskadi;2005;Jan;Animalia;Aves;Podicipedidae;Tachybaptus;Tachybaptus ruficollis;Zampullin comun
-2.58;42.8;Aberasturi;Alava;Euskadi;2006;May;Animalia;Aves;Podicipedidae;Podiceps;Podiceps cristatus;Somormujo lavanco
-2.58;42.8;Aberasturi;Alava;Euskadi;2006;Jan;Animalia;Aves;Podicipedidae;Tachybaptus;Tachybaptus ruficollis;Zampullin comun
-2.58;42.8;Aberasturi;Alava;Euskadi;2007;Jan;Animalia;Aves;Podicipedidae;Tachybaptus;Tachybaptus ruficollis;Zampullin comun
-2.58;42.8;Aberasturi;Alava;Euskadi;2009;Jan;Animalia;Aves;Podicipedidae;Tachybaptus;Tachybaptus ruficollis;Zampullin comun
-2.58;42.8;Aberasturi;Alava;Euskadi;2010;May;Animalia;Aves;Podicipedidae;Podiceps;Podiceps cristatus;Somormujo lavanco
-2.58;42.8;Aberasturi;Alava;Euskadi;2010;Jan;Animalia;Aves;Podicipedidae;Tachybaptus;Tachybaptus ruficollis;Zampullin comun
-2.58;42.8;Aberasturi;Alava;Euskadi;2011;May;Animalia;Aves;Podicipedidae;Podiceps;Podiceps cristatus;Somormujo lavanco
-2.58;42.8;Aberasturi;Alava;Euskadi;2012;Jan;Animalia;Aves;Podicipedidae;Tachybaptus;Tachybaptus ruficollis;Zampullin comun
-2.58;42.8;Aberasturi;Alava;Euskadi;2013;Jan;Animalia;Aves;Podicipedidae;Tachybaptus;Tachybaptus ruficollis;Zampullin comun
-2.58;42.8;Aberasturi;Alava;Euskadi;2014;Jan;Animalia;Aves;Podicipedidae;Tachybaptus;Tachybaptus ruficollis;Zampullin comun
-2.58;42.8;Aberasturi;Alava;Euskadi;2015;Jan;Animalia;Aves;Podicipedidae;Tachybaptus;Tachybaptus ruficollis;Zampullin comun
-2.58;42.8;Aberasturi;Alava;Euskadi;2016;May;Animalia;Aves;Podicipedidae;Podiceps;Podiceps cristatus;Somormujo lavanco
-2.58;42.8;Aberasturi;Alava;Euskadi;2016;Jan;Animalia;Aves;Podicipedidae;Tachybaptus;Tachybaptus ruficollis;Zampullin comun
-2.87;42.97;Altube;Alava;Euskadi;2011;Jan;Animalia;Aves;Podicipedidae;Tachybaptus;Tachybaptus ruficollis;Zampullin comun
-2.87;42.97;Altube;Alava;Euskadi;2014;Jan;Animalia;Aves;Podicipedidae;Tachybaptus;Tachybaptus ruficollis;Zampullin comun
-2.87;42.97;Altube;Alava;Euskadi;2015;Jan;Animalia;Aves;Podicipedidae;Tachybaptus;Tachybaptus ruficollis;Zampullin comun
-2.54;42.83;Anua;Alava;Euskadi;2001;May;Animalia;Aves;Podicipedidae;Podiceps;Podiceps cristatus;Somormujo lavanco
-2.54;42.83;Anua;Alava;Euskadi;2001;Jan;Animalia;Aves;Podicipedidae;Tachybaptus;Tachybaptus ruficollis;Zampullin comun
-2.54;42.83;Anua;Alava;Euskadi;2003;Jan;Animalia;Aves;Podicipedidae;Tachybaptus;Tachybaptus ruficollis;Zampullin comun
-2.54;42.83;Anua;Alava;Euskadi;2004;Jan;Animalia;Aves;Podicipedidae;Tachybaptus;Tachybaptus ruficollis;Zampullin comun
-2.54;42.83;Anua;Alava;Euskadi;2005;May;Animalia;Aves;Podicipedidae;Podiceps;Podiceps cristatus;Somormujo lavanco
-2.54;42.83;Anua;Alava;Euskadi;2005;Jan;Animalia;Aves;Podicipedidae;Tachybaptus;Tachybaptus ruficollis;Zampullin comun
-2.54;42.83;Anua;Alava;Euskadi;2006;Jan;Animalia;Aves;Podicipedidae;Tachybaptus;Tachybaptus ruficollis;Zampullin comun
-2.54;42.83;Anua;Alava;Euskadi;2007;Jan;Animalia;Aves;Podicipedidae;Tachybaptus;Tachybaptus ruficollis;Zampullin comun
-2.54;42.83;Anua;Alava;Euskadi;2008;Jan;Animalia;Aves;Podicipedidae;Tachybaptus;Tachybaptus ruficollis;Zampullin comun
-2.54;42.83;Anua;Alava;Euskadi;2009;Jan;Animalia;Aves;Podicipedidae;Tachybaptus;Tachybaptus ruficollis;Zampullin comun
-2.54;42.83;Anua;Alava;Euskadi;2010;May;Animalia;Aves;Podicipedidae;Podiceps;Podiceps cristatus;Somormujo lavanco
-2.54;42.83;Anua;Alava;Euskadi;2010;Jan;Animalia;Aves;Podicipedidae;Tachybaptus;Tachybaptus ruficollis;Zampullin comun
-2.54;42.83;Anua;Alava;Euskadi;2011;Jan;Animalia;Aves;Podicipedidae;Tachybaptus;Tachybaptus ruficollis;Zampullin comun
-2.54;42.83;Anua;Alava;Euskadi;2012;May;Animalia;Aves;Podicipedidae;Podiceps;Podiceps cristatus;Somormujo lavanco
-2.54;42.83;Anua;Alava;Euskadi;2012;Jan;Animalia;Aves;Podicipedidae;Tachybaptus;Tachybaptus ruficollis;Zampullin comun
-2.54;42.83;Anua;Alava;Euskadi;2013;May;Animalia;Aves;Podicipedidae;Podiceps;Podiceps nigricollis;Zampullin cuellinegro
-2.54;42.83;Anua;Alava;Euskadi;2013;Jan;Animalia;Aves;Podicipedidae;Tachybaptus;Tachybaptus ruficollis;Zampullin comun
-2.54;42.83;Anua;Alava;Euskadi;2014;Jan;Animalia;Aves;Podicipedidae;Tachybaptus;Tachybaptus ruficollis;Zampullin comun
-2.54;42.83;Anua;Alava;Euskadi;2015;Jan;Animalia;Aves;Podicipedidae;Tachybaptus;Tachybaptus ruficollis;Zampullin comun
-2.54;42.83;Anua;Alava;Euskadi;2016;Jan;Animalia;Aves;Podicipedidae;Tachybaptus;Tachybaptus ruficollis;Zampullin comun
-2.55;42.86;Argomaniz;Alava;Euskadi;2006;May;Animalia;Aves;Podicipedidae;Podiceps;Podiceps cristatus;Somormujo lavanco
-2.55;42.86;Argomaniz;Alava;Euskadi;2007;May;Animalia;Aves;Podicipedidae;Podiceps;Podiceps cristatus;Somormujo lavanco
-2.55;42.86;Argomaniz;Alava;Euskadi;2008;Jan;Animalia;Aves;Podicipedidae;Tachybaptus;Tachybaptus ruficollis;Zampullin comun
-2.55;42.86;Argomaniz;Alava;Euskadi;2013;May;Animalia;Aves;Podicipedidae;Podiceps;Podiceps cristatus;Somormujo lavanco
-2.55;42.86;Argomaniz;Alava;Euskadi;2013;Jan;Animalia;Aves;Podicipedidae;Tachybaptus;Tachybaptus ruficollis;Zampullin comun
-2.55;42.86;Argomaniz;Alava;Euskadi;2014;Jan;Animalia;Aves;Podicipedidae;Tachybaptus;Tachybaptus ruficollis;Zampullin comun
-2.55;42.86;Argomaniz;Alava;Euskadi;2016;Jan;Animalia;Aves;Podicipedidae;Tachybaptus;Tachybaptus ruficollis;Zampullin comun
-2.63;42.86;Arkaute;Alava;Euskadi;2000;Jan;Animalia;Aves;Podicipedidae;Tachybaptus;Tachybaptus ruficollis;Zampullin comun
-2.63;42.86;Arkaute;Alava;Euskadi;2001;May;Animalia;Aves;Podicipedidae;Podiceps;Podiceps nigricollis;Zampullin cuellinegro
-2.63;42.86;Arkaute;Alava;Euskadi;2001;Jan;Animalia;Aves;Podicipedidae;Tachybaptus;Tachybaptus ruficollis;Zampullin comun
-2.63;42.86;Arkaute;Alava;Euskadi;2002;Jan;Animalia;Aves;Podicipedidae;Tachybaptus;Tachybaptus ruficollis;Zampullin comun
-2.63;42.86;Arkaute;Alava;Euskadi;2003;May;Animalia;Aves;Podicipedidae;Podiceps;Podiceps cristatus;Somormujo lavanco
-2.63;42.86;Arkaute;Alava;Euskadi;2003;Jan;Animalia;Aves;Podicipedidae;Tachybaptus;Tachybaptus ruficollis;Zampullin comun
-2.63;42.86;Arkaute;Alava;Euskadi;2004;May;Animalia;Aves;Podicipedidae;Podiceps;Podiceps cristatus;Somormujo lavanco
-2.63;42.86;Arkaute;Alava;Euskadi;2004;Jan;Animalia;Aves;Podicipedidae;Tachybaptus;Tachybaptus ruficollis;Zampullin comun
-2.63;42.86;Arkaute;Alava;Euskadi;2005;May;Animalia;Aves;Podicipedidae;Podiceps;Podiceps cristatus;Somormujo lavanco
-2.63;42.86;Arkaute;Alava;Euskadi;2005;Jan;Animalia;Aves;Podicipedidae;Tachybaptus;Tachybaptus ruficollis;Zampullin comun
-2.63;42.86;Arkaute;Alava;Euskadi;2006;May;Animalia;Aves;Podicipedidae;Podiceps;Podiceps cristatus;Somormujo lavanco
-2.63;42.86;Arkaute;Alava;Euskadi;2006;Jan;Animalia;Aves;Threskiornithidae;Platalea;Platalea leucorodia;Espatula comun
-2.63;42.86;Arkaute;Alava;Euskadi;2006;Jan;Animalia;Aves;Podicipedidae;Tachybaptus;Tachybaptus ruficollis;Zampullin comun
-2.63;42.86;Arkaute;Alava;Euskadi;2007;Jan;Animalia;Aves;Podicipedidae;Tachybaptus;Tachybaptus ruficollis;Zampullin comun
-2.63;42.86;Arkaute;Alava;Euskadi;2008;Jan;Animalia;Aves;Podicipedidae;Tachybaptus;Tachybaptus ruficollis;Zampullin comun
-2.63;42.86;Arkaute;Alava;Euskadi;2009;Jan;Animalia;Aves;Podicipedidae;Tachybaptus;Tachybaptus ruficollis;Zampullin comun
-2.63;42.86;Arkaute;Alava;Euskadi;2010;Jan;Animalia;Aves;Podicipedidae;Tachybaptus;Tachybaptus ruficollis;Zampullin comun
-2.63;42.86;Arkaute;Alava;Euskadi;2011;May;Animalia;Aves;Anatidae;Tadorna;Tadorna tadorna;Tarro blanco
-2.63;42.86;Arkaute;Alava;Euskadi;2011;Jan;Animalia;Aves;Podicipedidae;Tachybaptus;Tachybaptus ruficollis;Zampullin comun
-2.63;42.86;Arkaute;Alava;Euskadi;2012;Jan;Animalia;Aves;Ardeidae;Ardea;Ardea alba;Garceta grande
-2.63;42.86;Arkaute;Alava;Euskadi;2012;Jan;Animalia;Aves;Podicipedidae;Tachybaptus;Tachybaptus ruficollis;Zampullin comun
-2.63;42.86;Arkaute;Alava;Euskadi;2013;May;Animalia;Aves;Podicipedidae;Podiceps;Podiceps nigricollis;Zampullin cuellinegro
-2.63;42.86;Arkaute;Alava;Euskadi;2013;Jan;Animalia;Aves;Podicipedidae;Tachybaptus;Tachybaptus ruficollis;Zampullin comun
-2.63;42.86;Arkaute;Alava;Euskadi;2014;May;Animalia;Aves;Podicipedidae;Podiceps;Podiceps nigricollis;Zampullin cuellinegro
-2.63;42.86;Arkaute;Alava;Euskadi;2014;Jan;Animalia;Aves;Podicipedidae;Tachybaptus;Tachybaptus ruficollis;Zampullin comun
-2.63;42.86;Arkaute;Alava;Euskadi;2015;Jan;Animalia;Aves;Ardeidae;Ardea;Ardea alba;Garceta grande
-2.63;42.86;Arkaute;Alava;Euskadi;2015;Jan;Animalia;Aves;Podicipedidae;Tachybaptus;Tachybaptus ruficollis;Zampullin comun
-2.63;42.86;Arkaute;Alava;Euskadi;2016;Jan;Animalia;Aves;Podicipedidae;Tachybaptus;Tachybaptus ruficollis;Zampullin comun
-2.63;42.86;Arkaute;Alava;Euskadi;2016;Jan;Animalia;Aves;Ardeidae;Ardea;Ardea alba;Garceta grande
-2.99;42.78;Arreo;Alava;Euskadi;2000;Jan;Animalia;Aves;Podicipedidae;Tachybaptus;Tachybaptus ruficollis;Zampullin comun
-2.99;42.78;Arreo;Alava;Euskadi;2001;Jan;Animalia;Aves;Podicipedidae;Tachybaptus;Tachybaptus ruficollis;Zampullin comun
-2.99;42.78;Arreo;Alava;Euskadi;2002;Jan;Animalia;Aves;Podicipedidae;Tachybaptus;Tachybaptus ruficollis;Zampullin comun
-2.99;42.78;Arreo;Alava;Euskadi;2003;Jun;Animalia;Aves;Podicipedidae;Tachybaptus;Tachybaptus ruficollis;Zampullin comun
-2.99;42.78;Arreo;Alava;Euskadi;2004;Jun;Animalia;Aves;Podicipedidae;Tachybaptus;Tachybaptus ruficollis;Zampullin comun
-2.99;42.78;Arreo;Alava;Euskadi;2005;Jun;Animalia;Aves;Podicipedidae;Tachybaptus;Tachybaptus ruficollis;Zampullin comun
-2.99;42.78;Arreo;Alava;Euskadi;2006;Jun;Animalia;Aves;Podicipedidae;Tachybaptus;Tachybaptus ruficollis;Zampullin comun
-2.99;42.78;Arreo;Alava;Euskadi;2007;Jun;Animalia;Aves;Podicipedidae;Tachybaptus;Tachybaptus ruficollis;Zampullin comun
-2.99;42.78;Arreo;Alava;Euskadi;2009;Jun;Animalia;Aves;Podicipedidae;Tachybaptus;Tachybaptus ruficollis;Zampullin comun
-2.99;42.78;Arreo;Alava;Euskadi;2012;Jun;Animalia;Aves;Podicipedidae;Tachybaptus;Tachybaptus ruficollis;Zampullin comun
-3.06;43.04;Marono;Alava;Euskadi;2005;Jun;Animalia;Aves;Ardeidae;Nycticorax;Nycticorax nycticorax;Martinete comun
-3.06;43.04;Marono;Alava;Euskadi;2009;Jun;Animalia;Aves;Podicipedidae;Tachybaptus;Tachybaptus ruficollis;Zampullin comun
-3.06;43.04;Marono;Alava;Euskadi;2010;Jun;Animalia;Aves;Podicipedidae;Tachybaptus;Tachybaptus ruficollis;Zampullin comun
-3.06;43.04;Marono;Alava;Euskadi;2011;May;Animalia;Aves;Podicipedidae;Podiceps;Podiceps cristatus;Somormujo lavanco
-3.06;43.04;Marono;Alava;Euskadi;2011;Jun;Animalia;Aves;Podicipedidae;Tachybaptus;Tachybaptus ruficollis;Zampullin comun
-3.06;43.04;Marono;Alava;Euskadi;2012;May;Animalia;Aves;Podicipedidae;Podiceps;Podiceps cristatus;Somormujo lavanco
-3.06;43.04;Marono;Alava;Euskadi;2012;Jun;Animalia;Aves;Podicipedidae;Tachybaptus;Tachybaptus ruficollis;Zampullin comun
-3.06;43.04;Marono;Alava;Euskadi;2013;May;Animalia;Aves;Podicipedidae;Podiceps;Podiceps cristatus;Somormujo lavanco
-3.06;43.04;Marono;Alava;Euskadi;2013;Jun;Animalia;Aves;Podicipedidae;Tachybaptus;Tachybaptus ruficollis;Zampullin comun
-3.06;43.04;Marono;Alava;Euskadi;2014;May;Animalia;Aves;Podicipedidae;Podiceps;Podiceps cristatus;Somormujo lavanco
-3.06;43.04;Marono;Alava;Euskadi;2014;Jun;Animalia;Aves;Podicipedidae;Tachybaptus;Tachybaptus ruficollis;Zampullin comun
-3.06;43.04;Marono;Alava;Euskadi;2015;May;Animalia;Aves;Podicipedidae;Podiceps;Podiceps cristatus;Somormujo lavanco
-3.06;43.04;Marono;Alava;Euskadi;2016;May;Animalia;Aves;Podicipedidae;Podiceps;Podiceps cristatus;Somormujo lavanco
-2.533;42.889;Mendixur Parke Ornitologikoa;Alava;Euskadi;2015;Jun;Animalia;Aves;Fringillidae;Fringilla;Fringilla coelebs;Common Chaffinch
-2.533;42.889;Mendixur Parke Ornitologikoa;Alava;Euskadi;2015;May;Animalia;Aves;Podicipedidae;Podiceps;Podiceps cristatus;Great Crested Grebe
-2.533;42.889;Mendixur Parke Ornitologikoa;Alava;Euskadi;2015;May;Animalia;Aves;Podicipedidae;Podiceps;Podiceps nigricollis;Eared Grebe
-2.533;42.889;Mendixur Parke Ornitologikoa;Alava;Euskadi;2015;Dic;Animalia;Aves;Anatidae;Anas;Mareca penelope;Eurasian Wigeon
-2.533;42.889;Mendixur Parke Ornitologikoa;Alava;Euskadi;2015;Jun;Animalia;Aves;Ardeidae;Ardea;Ardea alba;Great Egret
-2.533;42.889;Mendixur Parke Ornitologikoa;Alava;Euskadi;2017;May;Animalia;Aves;Podicipedidae;Podiceps;Podiceps nigricollis;Eared Grebe
-2.533;42.889;Mendixur Parke Ornitologikoa;Alava;Euskadi;2017;Jun;Animalia;Aves;Podicipedidae;Tachybaptus;Tachybaptus ruficollis;Little Grebe
-2.37;42.88;Ordonana;Alava;Euskadi;2001;May;Animalia;Aves;Podicipedidae;Podiceps;Podiceps cristatus;Somormujo lavanco
-2.37;42.88;Ordonana;Alava;Euskadi;2016;Jun;Animalia;Aves;Podicipedidae;Tachybaptus;Tachybaptus ruficollis;Zampullin comun
-2.542;42.831;Balsa de Anua ;Alava;Euskadi;2005;May;Animalia;Aves;Podicipedidae;Podiceps;Podiceps cristatus;Somormujo lavanco
-2.542;42.831;Balsa de Anua ;Alava;Euskadi;2005;Jun;Animalia;Aves;Podicipedidae;Tachybaptus;Tachybaptus ruficollis;Zampullin comun
-2.542;42.831;Balsa de Anua ;Alava;Euskadi;2006;Jun;Animalia;Aves;Podicipedidae;Tachybaptus;Tachybaptus ruficollis;Zampullin comun
-2.542;42.831;Balsa de Anua ;Alava;Euskadi;2008;Jun;Animalia;Aves;Podicipedidae;Tachybaptus;Tachybaptus ruficollis;Zampullin comun
-2.542;42.831;Balsa de Anua ;Alava;Euskadi;2009;Jun;Animalia;Aves;Podicipedidae;Tachybaptus;Tachybaptus ruficollis;Zampullin comun
-2.542;42.831;Balsa de Anua ;Alava;Euskadi;2011;Jun;Animalia;Aves;Podicipedidae;Tachybaptus;Tachybaptus ruficollis;Zampullin comun
-2.451;42.845;Balsa de Ezquerecocha ;Alava;Euskadi;2006;Jun;Animalia;Aves;Podicipedidae;Tachybaptus;Tachybaptus ruficollis;Zampullin comun
-2.451;42.845;Balsa de Ezquerecocha ;Alava;Euskadi;2007;May;Animalia;Aves;Podicipedidae;Podiceps;Podiceps cristatus;Somormujo lavanco
-2.451;42.845;Balsa de Ezquerecocha ;Alava;Euskadi;2007;Jun;Animalia;Aves;Podicipedidae;Tachybaptus;Tachybaptus ruficollis;Zampullin comun
-2.451;42.845;Balsa de Ezquerecocha ;Alava;Euskadi;2008;May;Animalia;Aves;Podicipedidae;Podiceps;Podiceps cristatus;Somormujo lavanco
-2.451;42.845;Balsa de Ezquerecocha ;Alava;Euskadi;2008;Jun;Animalia;Aves;Podicipedidae;Tachybaptus;Tachybaptus ruficollis;Zampullin comun
-2.451;42.845;Balsa de Ezquerecocha ;Alava;Euskadi;2009;Jun;Animalia;Aves;Podicipedidae;Tachybaptus;Tachybaptus ruficollis;Zampullin comun
-2.451;42.845;Balsa de Ezquerecocha ;Alava;Euskadi;2010;May;Animalia;Aves;Podicipedidae;Podiceps;Podiceps cristatus;Somormujo lavanco
-2.451;42.845;Balsa de Ezquerecocha ;Alava;Euskadi;2011;Jun;Animalia;Aves;Podicipedidae;Tachybaptus;Tachybaptus ruficollis;Zampullin comun
-2.422;42.834;Balsa de Langarika ;Alava;Euskadi;2001;May;Animalia;Aves;Podicipedidae;Podiceps;Podiceps cristatus;Somormujo lavanco
-2.422;42.834;Balsa de Langarika ;Alava;Euskadi;2001;Jun;Animalia;Aves;Podicipedidae;Tachybaptus;Tachybaptus ruficollis;Zampullin comun
-2.422;42.834;Balsa de Langarika ;Alava;Euskadi;2006;May;Animalia;Aves;Podicipedidae;Podiceps;Podiceps cristatus;Somormujo lavanco
-2.422;42.834;Balsa de Langarika ;Alava;Euskadi;2009;Jun;Animalia;Aves;Podicipedidae;Tachybaptus;Tachybaptus ruficollis;Zampullin comun
-2.422;42.834;Balsa de Langarika ;Alava;Euskadi;2011;Jun;Animalia;Aves;Podicipedidae;Tachybaptus;Tachybaptus ruficollis;Zampullin comun
-2.634;42.861;Balsa de Zurbano ;Alava;Euskadi;2005;May;Animalia;Aves;Podicipedidae;Podiceps;Podiceps cristatus;Somormujo lavanco
-2.634;42.861;Balsa de Zurbano ;Alava;Euskadi;2005;Jun;Animalia;Aves;Podicipedidae;Tachybaptus;Tachybaptus ruficollis;Zampullin comun
-2.634;42.861;Balsa de Zurbano ;Alava;Euskadi;2006;May;Animalia;Aves;Podicipedidae;Podiceps;Podiceps cristatus;Somormujo lavanco
-2.634;42.861;Balsa de Zurbano ;Alava;Euskadi;2006;Jun;Animalia;Aves;Threskiornithidae;Platalea;Platalea leucorodia;Espatula comun
-2.634;42.861;Balsa de Zurbano ;Alava;Euskadi;2006;Jun;Animalia;Aves;Podicipedidae;Tachybaptus;Tachybaptus ruficollis;Zampullin comun
-2.634;42.861;Balsa de Zurbano ;Alava;Euskadi;2007;Jun;Animalia;Aves;Podicipedidae;Tachybaptus;Tachybaptus ruficollis;Zampullin comun
-2.634;42.861;Balsa de Zurbano ;Alava;Euskadi;2008;Jun;Animalia;Aves;Podicipedidae;Tachybaptus;Tachybaptus ruficollis;Zampullin comun
-2.634;42.861;Balsa de Zurbano ;Alava;Euskadi;2009;Jun;Animalia;Aves;Podicipedidae;Tachybaptus;Tachybaptus ruficollis;Zampullin comun
-2.561;42.815;Balsas de Aberasturi ;Alava;Euskadi;2000;Jun;Animalia;Aves;Podicipedidae;Tachybaptus;Tachybaptus ruficollis;Zampullin comun
-2.561;42.815;Balsas de Aberasturi ;Alava;Euskadi;2005;Jun;Animalia;Aves;Podicipedidae;Tachybaptus;Tachybaptus ruficollis;Zampullin comun
-2.561;42.815;Balsas de Aberasturi ;Alava;Euskadi;2006;May;Animalia;Aves;Podicipedidae;Podiceps;Podiceps cristatus;Somormujo lavanco
-2.561;42.815;Balsas de Aberasturi ;Alava;Euskadi;2006;Jun;Animalia;Aves;Podicipedidae;Tachybaptus;Tachybaptus ruficollis;Zampullin comun
-2.561;42.815;Balsas de Aberasturi ;Alava;Euskadi;2007;Jun;Animalia;Aves;Podicipedidae;Tachybaptus;Tachybaptus ruficollis;Zampullin comun
-2.561;42.815;Balsas de Aberasturi ;Alava;Euskadi;2009;Jun;Animalia;Aves;Podicipedidae;Tachybaptus;Tachybaptus ruficollis;Zampullin comun
-2.561;42.815;Balsas de Aberasturi ;Alava;Euskadi;2010;May;Animalia;Aves;Podicipedidae;Podiceps;Podiceps cristatus;Somormujo lavanco
-2.561;42.815;Balsas de Aberasturi ;Alava;Euskadi;2011;May;Animalia;Aves;Podicipedidae;Podiceps;Podiceps cristatus;Somormujo lavanco
-2.65;42.86;Betono;Alava;Euskadi;2003;Jun;Animalia;Aves;Podicipedidae;Tachybaptus;Tachybaptus ruficollis;Zampullin comun
-2.65;42.86;Betono;Alava;Euskadi;2004;Jun;Animalia;Aves;Podicipedidae;Tachybaptus;Tachybaptus ruficollis;Zampullin comun
-2.65;42.86;Betono;Alava;Euskadi;2005;Jun;Animalia;Aves;Podicipedidae;Tachybaptus;Tachybaptus ruficollis;Zampullin comun
-2.65;42.86;Betono;Alava;Euskadi;2006;Jun;Animalia;Aves;Podicipedidae;Tachybaptus;Tachybaptus ruficollis;Zampullin comun
-2.65;42.86;Betono;Alava;Euskadi;2009;Jun;Animalia;Aves;Podicipedidae;Tachybaptus;Tachybaptus ruficollis;Zampullin comun
-2.65;42.86;Betono;Alava;Euskadi;2011;Jun;Animalia;Aves;Podicipedidae;Tachybaptus;Tachybaptus ruficollis;Zampullin comun
-2.65;42.86;Betono;Alava;Euskadi;2012;Jun;Animalia;Aves;Podicipedidae;Tachybaptus;Tachybaptus ruficollis;Zampullin comun
-2.65;42.86;Betono;Alava;Euskadi;2013;Jun;Animalia;Aves;Podicipedidae;Tachybaptus;Tachybaptus ruficollis;Zampullin comun
-2.65;42.86;Betono;Alava;Euskadi;2014;May;Animalia;Aves;Podicipedidae;Podiceps;Podiceps cristatus;Somormujo lavanco
-2.65;42.86;Betono;Alava;Euskadi;2015;May;Animalia;Aves;Podicipedidae;Podiceps;Podiceps cristatus;Somormujo lavanco
-2.64;42.86;Duranzarra;Alava;Euskadi;2015;Jun;Animalia;Aves;Podicipedidae;Tachybaptus;Tachybaptus ruficollis;Zampullin comun
-2.64;42.86;Duranzarra;Alava;Euskadi;2016;Jun;Animalia;Aves;Podicipedidae;Tachybaptus;Tachybaptus ruficollis;Zampullin comun
-2.57;42.55;Prao de la Paul;Alava;Euskadi;2001;May;Animalia;Aves;Podicipedidae;Podiceps;Podiceps cristatus;Somormujo lavanco
-2.57;42.55;Prao de la Paul;Alava;Euskadi;2004;Jun;Animalia;Aves;Podicipedidae;Tachybaptus;Tachybaptus ruficollis;Zampullin comun
-2.57;42.55;Prao de la Paul;Alava;Euskadi;2006;May;Animalia;Aves;Podicipedidae;Podiceps;Podiceps cristatus;Somormujo lavanco
-2.57;42.55;Prao de la Paul;Alava;Euskadi;2010;May;Animalia;Aves;Anatidae;Tadorna;Tadorna tadorna;Tarro blanco
-2.57;42.55;Prao de la Paul;Alava;Euskadi;2010;Jun;Animalia;Aves;Podicipedidae;Tachybaptus;Tachybaptus ruficollis;Zampullin comun
-2.57;42.55;Prao de la Paul;Alava;Euskadi;2013;Jun;Animalia;Aves;Podicipedidae;Tachybaptus;Tachybaptus ruficollis;Zampullin comun
-2.57;42.55;Prao de la Paul;Alava;Euskadi;2015;Jun;Animalia;Aves;Podicipedidae;Tachybaptus;Tachybaptus ruficollis;Zampullin comun
-2.57;42.55;Prao de la Paul;Alava;Euskadi;2016;Jun;Animalia;Aves;Podicipedidae;Tachybaptus;Tachybaptus ruficollis;Zampullin comun
-2.34;38.488; Albacete;Albacete;Castilla y Leon;2015;Apr;Animalia;Reptilia;Lacertidae;Timon;Timon lepidus;Ocellated Lizard
-2.449;38.885;Navajo de Guarda Perros ;Albacete;Castilla y Leon;2008;May;Animalia;Aves;Podicipedidae;Podiceps;Podiceps cristatus;Somormujo lavanco
-2.449;38.885;Navajo de Guarda Perros ;Albacete;Castilla y Leon;2011;May;Animalia;Aves;Podicipedidae;Podiceps;Podiceps cristatus;Somormujo lavanco
-2.449;38.885;Navajo de Guarda Perros ;Albacete;Castilla y Leon;2011;Dic;Animalia;Aves;Anatidae;Netta;Netta rufina;Pato colorado
-1.492;38.585;Ontur;Albacete;Castilla y Leon;2015;May;Animalia;Aves;Otididae;Otis;Otis tarda;Great Bustard
-1.492;38.585;Ontur;Albacete;Castilla y Leon;2015;Jul;Animalia;Aves;Upupidae;Upupa;Upupa epops;Eurasian Hoopoe
-1.714;38.488;Laguna de Los Patos;Albacete;Castilla y Leon;2001;Jun;Animalia;Aves;Podicipedidae;Tachybaptus;Tachybaptus ruficollis;Zampullin comun
-0.076;38.579; Alicante;Alicante;Comunitat Valenciana;2013;Sep;Animalia;Reptilia;Colubridae;Hemorrhois;Hemorrhois hippocrepis;Horseshoe Whip Snake
-0.063;38.855; Pego;Alicante;Comunitat Valenciana;2015;Apr;Animalia;Reptilia;Lacertidae;Timon;Timon nevadensis;Sierra Nevada Ocellated Lizard
-0.41;38.812;Albufera de Gaianes;Alicante;Comunitat Valenciana;2011;May;Animalia;Aves;Podicipedidae;Podiceps;Podiceps cristatus;Somormujo lavanco
-0.41;38.812;Albufera de Gaianes;Alicante;Comunitat Valenciana;2011;Jun;Animalia;Aves;Ardeidae;Ardea;Egretta alba;Garceta grande
-0.41;38.812;Albufera de Gaianes;Alicante;Comunitat Valenciana;2011;Jun;Animalia;Aves;Podicipedidae;Tachybaptus;Tachybaptus ruficollis;Zampullin comun
-0.41;38.812;Albufera de Gaianes;Alicante;Comunitat Valenciana;2012;May;Animalia;Aves;Podicipedidae;Podiceps;Podiceps cristatus;Somormujo lavanco
-0.41;38.812;Albufera de Gaianes;Alicante;Comunitat Valenciana;2012;Jun;Animalia;Aves;Podicipedidae;Tachybaptus;Tachybaptus ruficollis;Zampullin comun
-0.41;38.812;Albufera de Gaianes;Alicante;Comunitat Valenciana;2013;May;Animalia;Aves;Podicipedidae;Podiceps;Podiceps cristatus;Somormujo lavanco
-0.41;38.812;Albufera de Gaianes;Alicante;Comunitat Valenciana;2013;Jun;Animalia;Aves;Podicipedidae;Tachybaptus;Tachybaptus ruficollis;Zampullin comun
-0.4;38.806;Albufera de Gaianes;Alicante;Comunitat Valenciana;2019;Jun;Animalia;Aves;Podicipedidae;Tachybaptus;Tachybaptus ruficollis;Little Grebe
-0.6;38.65;Alcoy;Alicante;Comunitat Valenciana;2015;Jun;Animalia;Mammalia;Mustelidae;Meles;Meles meles;Eurasian Badger
-0.475;38.35;Alicante;Alicante;Comunitat Valenciana;2013;Jul;Animalia;Aves;Upupidae;Upupa;Upupa epops;Eurasian Hoopoe
-2.634;42.861;Balsa de Zurbano ;Alicante;Comunitat Valenciana;2003;Jun;Animalia;Aves;Podicipedidae;Tachybaptus;Tachybaptus ruficollis;Zampullin comun
-0.545;38.254;Balsares-Carabassi-Clot de Galvany ;Alicante;Comunitat Valenciana;2001;Jun;Animalia;Aves;Podicipedidae;Tachybaptus;Tachybaptus ruficollis;Zampullin comun
-2.794;36.706;Campo de golf Almerimar;Alicante;Comunitat Valenciana;2003;Jun;Animalia;Aves;Podicipedidae;Tachybaptus;Tachybaptus ruficollis;Zampullin comun
-2.729;36.763;Canada de las Norias;Alicante;Comunitat Valenciana;2003;May;Animalia;Aves;Podicipedidae;Podiceps;Podiceps nigricollis;Zampullin cuellinegro
-2.729;36.763;Canada de las Norias;Alicante;Comunitat Valenciana;2003;Dic;Animalia;Aves;Anatidae;Netta;Netta rufina;Pato colorado
-2.729;36.763;Canada de las Norias;Alicante;Comunitat Valenciana;2003;Jun;Animalia;Aves;Podicipedidae;Tachybaptus;Tachybaptus ruficollis;Zampullin comun
-2.759;36.693;Charcones de Punta Entinas;Alicante;Comunitat Valenciana;2002;May;Animalia;Aves;Podicipedidae;Podiceps;Podiceps nigricollis;Zampullin cuellinegro
-2.759;36.693;Charcones de Punta Entinas;Alicante;Comunitat Valenciana;2002;May;Animalia;Aves;Anatidae;Tadorna;Tadorna tadorna;Tarro blanco
-2.759;36.693;Charcones de Punta Entinas;Alicante;Comunitat Valenciana;2002;Jun;Animalia;Aves;Podicipedidae;Tachybaptus;Tachybaptus ruficollis;Zampullin comun
-2.759;36.693;Charcones de Punta Entinas;Alicante;Comunitat Valenciana;2003;May;Animalia;Aves;Podicipedidae;Podiceps;Podiceps nigricollis;Zampullin cuellinegro
-2.759;36.693;Charcones de Punta Entinas;Alicante;Comunitat Valenciana;2003;Jun;Animalia;Aves;Podicipedidae;Tachybaptus;Tachybaptus ruficollis;Zampullin comun
-2.258;36.797;Desembocadura de la Rambla de Morales;Alicante;Comunitat Valenciana;2003;May;Animalia;Aves;Anatidae;Tadorna;Tadorna tadorna;Tarro blanco
-2.258;36.797;Desembocadura de la Rambla de Morales;Alicante;Comunitat Valenciana;2003;May;Animalia;Aves;Podicipedidae;Podiceps;Podiceps nigricollis;Zampullin cuellinegro
-2.258;36.797;Desembocadura de la Rambla de Morales;Alicante;Comunitat Valenciana;2003;Jun;Animalia;Aves;Podicipedidae;Tachybaptus;Tachybaptus ruficollis;Zampullin comun
-1.774;37.243;Desembocadura del Rio Almanzora;Alicante;Comunitat Valenciana;2003;Jun;Animalia;Aves;Podicipedidae;Tachybaptus;Tachybaptus ruficollis;Zampullin comun
-1.81;37.201;Desembocadura del Rio Antas;Alicante;Comunitat Valenciana;2003;Jun;Animalia;Aves;Podicipedidae;Tachybaptus;Tachybaptus ruficollis;Zampullin comun
-0.639;38.113;Desembocadura del Rio Segura ;Alicante;Comunitat Valenciana;2001;Jun;Animalia;Aves;Podicipedidae;Tachybaptus;Tachybaptus ruficollis;Zampullin comun
-3.025;36.888;Embalse de Beninar;Alicante;Comunitat Valenciana;2003;May;Animalia;Aves;Podicipedidae;Podiceps;Podiceps cristatus;Somormujo lavanco
-3.025;36.888;Embalse de Beninar;Alicante;Comunitat Valenciana;2003;Jun;Animalia;Aves;Podicipedidae;Tachybaptus;Tachybaptus ruficollis;Zampullin comun
0.199;38.759;Javea;Alicante;Comunitat Valenciana;2020;Jun;Animalia;Mammalia;Sciuridae;Sciurus;Sciurus vulgaris;Eurasian Red Squirrel
-0.058;38.873;Marjal de Pego-Oliva ;Alicante;Comunitat Valenciana;2000;May;Animalia;Aves;Podicipedidae;Podiceps;Podiceps cristatus;Somormujo lavanco
-0.058;38.873;Marjal de Pego-Oliva ;Alicante;Comunitat Valenciana;2000;May;Animalia;Aves;Podicipedidae;Podiceps;Podiceps nigricollis;Zampullin cuellinegro
-0.058;38.873;Marjal de Pego-Oliva ;Alicante;Comunitat Valenciana;2000;Dic;Animalia;Aves;Anatidae;Netta;Netta rufina;Pato colorado
-0.058;38.873;Marjal de Pego-Oliva ;Alicante;Comunitat Valenciana;2002;Dic;Animalia;Aves;Anatidae;Netta;Netta rufina;Pato colorado
-0.058;38.873;Marjal de Pego-Oliva ;Alicante;Comunitat Valenciana;2002;Jun;Animalia;Aves;Threskiornithidae;Platalea;Platalea leucorodia;Espatula comun
-0.058;38.873;Marjal de Pego-Oliva ;Alicante;Comunitat Valenciana;2002;Jun;Animalia;Aves;Ardeidae;Ardeola;Ardeola ralloides;Garcilla cangrejera
-0.058;38.873;Marjal de Pego-Oliva ;Alicante;Comunitat Valenciana;2002;Jun;Animalia;Aves;Ardeidae;Ardea;Egretta alba;Garceta grande
-0.058;38.873;Marjal de Pego-Oliva ;Alicante;Comunitat Valenciana;2004;May;Animalia;Aves;Podicipedidae;Podiceps;Podiceps cristatus;Somormujo lavanco
-0.058;38.873;Marjal de Pego-Oliva ;Alicante;Comunitat Valenciana;2004;Dic;Animalia;Aves;Anatidae;Netta;Netta rufina;Pato colorado
-0.058;38.873;Marjal de Pego-Oliva ;Alicante;Comunitat Valenciana;2005;May;Animalia;Aves;Podicipedidae;Podiceps;Podiceps cristatus;Somormujo lavanco
-0.058;38.873;Marjal de Pego-Oliva ;Alicante;Comunitat Valenciana;2005;May;Animalia;Aves;Anatidae;Tadorna;Tadorna tadorna;Tarro blanco
-0.058;38.873;Marjal de Pego-Oliva ;Alicante;Comunitat Valenciana;2005;Jun;Animalia;Aves;Threskiornithidae;Plegadis;Plegadis falcinellus;Morito comun
-0.058;38.873;Marjal de Pego-Oliva ;Alicante;Comunitat Valenciana;2005;Dic;Animalia;Aves;Anatidae;Netta;Netta rufina;Pato colorado
-0.058;38.873;Marjal de Pego-Oliva ;Alicante;Comunitat Valenciana;2005;Jun;Animalia;Aves;Ardeidae;Ardea;Egretta alba;Garceta grande
-0.058;38.873;Marjal de Pego-Oliva ;Alicante;Comunitat Valenciana;2005;Jun;Animalia;Aves;Podicipedidae;Tachybaptus;Tachybaptus ruficollis;Zampullin comun
-0.058;38.873;Marjal de Pego-Oliva ;Alicante;Comunitat Valenciana;2006;May;Animalia;Aves;Podicipedidae;Podiceps;Podiceps cristatus;Somormujo lavanco
-0.058;38.873;Marjal de Pego-Oliva ;Alicante;Comunitat Valenciana;2006;Jun;Animalia;Aves;Threskiornithidae;Plegadis;Plegadis falcinellus;Morito comun
-0.058;38.873;Marjal de Pego-Oliva ;Alicante;Comunitat Valenciana;2006;May;Animalia;Aves;Anatidae;Tadorna;Tadorna tadorna;Tarro blanco
-0.058;38.873;Marjal de Pego-Oliva ;Alicante;Comunitat Valenciana;2006;Dic;Animalia;Aves;Anatidae;Netta;Netta rufina;Pato colorado
-0.058;38.873;Marjal de Pego-Oliva ;Alicante;Comunitat Valenciana;2006;Jun;Animalia;Aves;Ardeidae;Ardeola;Ardeola ralloides;Garcilla cangrejera
-0.058;38.873;Marjal de Pego-Oliva ;Alicante;Comunitat Valenciana;2006;Jun;Animalia;Aves;Ardeidae;Nycticorax;Nycticorax nycticorax;Martinete comun
-0.058;38.873;Marjal de Pego-Oliva ;Alicante;Comunitat Valenciana;2006;Jun;Animalia;Aves;Ardeidae;Ardea;Egretta alba;Garceta grande
-0.058;38.873;Marjal de Pego-Oliva ;Alicante;Comunitat Valenciana;2006;Jun;Animalia;Aves;Podicipedidae;Tachybaptus;Tachybaptus ruficollis;Zampullin comun
-0.058;38.873;Marjal de Pego-Oliva ;Alicante;Comunitat Valenciana;2007;May;Animalia;Aves;Podicipedidae;Podiceps;Podiceps cristatus;Somormujo lavanco
-0.058;38.873;Marjal de Pego-Oliva ;Alicante;Comunitat Valenciana;2007;Jun;Animalia;Aves;Threskiornithidae;Platalea;Platalea leucorodia;Espatula comun
-0.058;38.873;Marjal de Pego-Oliva ;Alicante;Comunitat Valenciana;2007;Jun;Animalia;Aves;Threskiornithidae;Plegadis;Plegadis falcinellus;Morito comun
-0.058;38.873;Marjal de Pego-Oliva ;Alicante;Comunitat Valenciana;2007;May;Animalia;Aves;Podicipedidae;Podiceps;Podiceps nigricollis;Zampullin cuellinegro
-0.058;38.873;Marjal de Pego-Oliva ;Alicante;Comunitat Valenciana;2007;May;Animalia;Aves;Anatidae;Tadorna;Tadorna tadorna;Tarro blanco
-0.058;38.873;Marjal de Pego-Oliva ;Alicante;Comunitat Valenciana;2007;Dic;Animalia;Aves;Anatidae;Netta;Netta rufina;Pato colorado
-0.058;38.873;Marjal de Pego-Oliva ;Alicante;Comunitat Valenciana;2007;Jun;Animalia;Aves;Ardeidae;Ixobrychus;Ixobrychus minutus;Avetorillo comun
-0.058;38.873;Marjal de Pego-Oliva ;Alicante;Comunitat Valenciana;2007;Jun;Animalia;Aves;Ardeidae;Ardea;Egretta alba;Garceta grande
-0.058;38.873;Marjal de Pego-Oliva ;Alicante;Comunitat Valenciana;2007;Jun;Animalia;Aves;Ardeidae;Nycticorax;Nycticorax nycticorax;Martinete comun
-0.058;38.873;Marjal de Pego-Oliva ;Alicante;Comunitat Valenciana;2007;Jun;Animalia;Aves;Ardeidae;Ardeola;Ardeola ralloides;Garcilla cangrejera
-0.058;38.873;Marjal de Pego-Oliva ;Alicante;Comunitat Valenciana;2007;Jun;Animalia;Aves;Podicipedidae;Tachybaptus;Tachybaptus ruficollis;Zampullin comun
-0.058;38.873;Marjal de Pego-Oliva ;Alicante;Comunitat Valenciana;2008;May;Animalia;Aves;Podicipedidae;Podiceps;Podiceps cristatus;Somormujo lavanco
-0.058;38.873;Marjal de Pego-Oliva ;Alicante;Comunitat Valenciana;2008;Jun;Animalia;Aves;Threskiornithidae;Plegadis;Plegadis falcinellus;Morito comun
-0.058;38.873;Marjal de Pego-Oliva ;Alicante;Comunitat Valenciana;2008;May;Animalia;Aves;Podicipedidae;Podiceps;Podiceps nigricollis;Zampullin cuellinegro
-0.058;38.873;Marjal de Pego-Oliva ;Alicante;Comunitat Valenciana;2008;May;Animalia;Aves;Anatidae;Tadorna;Tadorna tadorna;Tarro blanco
-0.058;38.873;Marjal de Pego-Oliva ;Alicante;Comunitat Valenciana;2008;Dic;Animalia;Aves;Anatidae;Netta;Netta rufina;Pato colorado
-0.058;38.873;Marjal de Pego-Oliva ;Alicante;Comunitat Valenciana;2008;Jun;Animalia;Aves;Ardeidae;Ixobrychus;Ixobrychus minutus;Avetorillo comun
-0.058;38.873;Marjal de Pego-Oliva ;Alicante;Comunitat Valenciana;2008;Jun;Animalia;Aves;Ardeidae;Ardeola;Ardeola ralloides;Garcilla cangrejera
-0.058;38.873;Marjal de Pego-Oliva ;Alicante;Comunitat Valenciana;2008;Jun;Animalia;Aves;Ardeidae;Ardea;Egretta alba;Garceta grande
-0.058;38.873;Marjal de Pego-Oliva ;Alicante;Comunitat Valenciana;2008;Jun;Animalia;Aves;Ardeidae;Nycticorax;Nycticorax nycticorax;Martinete comun
-0.058;38.873;Marjal de Pego-Oliva ;Alicante;Comunitat Valenciana;2008;Jun;Animalia;Aves;Podicipedidae;Tachybaptus;Tachybaptus ruficollis;Zampullin comun
-0.058;38.873;Marjal de Pego-Oliva ;Alicante;Comunitat Valenciana;2009;May;Animalia;Aves;Podicipedidae;Podiceps;Podiceps cristatus;Somormujo lavanco
-0.058;38.873;Marjal de Pego-Oliva ;Alicante;Comunitat Valenciana;2009;May;Animalia;Aves;Anatidae;Tadorna;Tadorna tadorna;Tarro blanco
-0.058;38.873;Marjal de Pego-Oliva ;Alicante;Comunitat Valenciana;2009;Jun;Animalia;Aves;Threskiornithidae;Platalea;Platalea leucorodia;Espatula comun
-0.058;38.873;Marjal de Pego-Oliva ;Alicante;Comunitat Valenciana;2009;Jun;Animalia;Aves;Threskiornithidae;Plegadis;Plegadis falcinellus;Morito comun
-0.058;38.873;Marjal de Pego-Oliva ;Alicante;Comunitat Valenciana;2009;May;Animalia;Aves;Podicipedidae;Podiceps;Podiceps nigricollis;Zampullin cuellinegro
-0.058;38.873;Marjal de Pego-Oliva ;Alicante;Comunitat Valenciana;2009;Dic;Animalia;Aves;Anatidae;Netta;Netta rufina;Pato colorado
-0.058;38.873;Marjal de Pego-Oliva ;Alicante;Comunitat Valenciana;2009;Jun;Animalia;Aves;Ardeidae;Ixobrychus;Ixobrychus minutus;Avetorillo comun
-0.058;38.873;Marjal de Pego-Oliva ;Alicante;Comunitat Valenciana;2010;Dic;Animalia;Aves;Anatidae;Netta;Netta rufina;Pato colorado
-0.058;38.873;Marjal de Pego-Oliva ;Alicante;Comunitat Valenciana;2010;Jun;Animalia;Aves;Podicipedidae;Tachybaptus;Tachybaptus ruficollis;Zampullin comun
-0.058;38.873;Marjal de Pego-Oliva ;Alicante;Comunitat Valenciana;2011;Jun;Animalia;Aves;Ardeidae;Ardea;Egretta alba;Garceta grande
-0.058;38.873;Marjal de Pego-Oliva ;Alicante;Comunitat Valenciana;2011;Jun;Animalia;Aves;Podicipedidae;Tachybaptus;Tachybaptus ruficollis;Zampullin comun
-0.058;38.873;Marjal de Pego-Oliva ;Alicante;Comunitat Valenciana;2012;May;Animalia;Aves;Podicipedidae;Podiceps;Podiceps nigricollis;Zampullin cuellinegro
-0.058;38.873;Marjal de Pego-Oliva ;Alicante;Comunitat Valenciana;2012;Dic;Animalia;Aves;Anatidae;Netta;Netta rufina;Pato colorado
-0.058;38.873;Marjal de Pego-Oliva ;Alicante;Comunitat Valenciana;2012;Jun;Animalia;Aves;Ardeidae;Ardea;Egretta alba;Garceta grande
-0.058;38.873;Marjal de Pego-Oliva ;Alicante;Comunitat Valenciana;2012;Jun;Animalia;Aves;Podicipedidae;Tachybaptus;Tachybaptus ruficollis;Zampullin comun
-0.051;38.864;Marjal de Pego-Oliva ;Alicante;Comunitat Valenciana;2019;Jun;Animalia;Aves;Threskiornithidae;Plegadis;Plegadis falcinellus;Glossy Ibis
-0.051;38.864;Marjal de Pego-Oliva ;Alicante;Comunitat Valenciana;2019;Jun;Animalia;Aves;Ardeidae;Ardea;Ardea alba;Great Egret
-1.867;37.268;Rio Almanzora, tramo bajo;Alicante;Comunitat Valenciana;2003;Jun;Animalia;Aves;Podicipedidae;Tachybaptus;Tachybaptus ruficollis;Zampullin comun
-2.221;36.769;Salinas de Cabo de Gata;Alicante;Comunitat Valenciana;2003;May;Animalia;Aves;Podicipedidae;Podiceps;Podiceps nigricollis;Zampullin cuellinegro
-2.221;36.769;Salinas de Cabo de Gata;Alicante;Comunitat Valenciana;2003;May;Animalia;Aves;Anatidae;Tadorna;Tadorna tadorna;Tarro blanco
-2.221;36.769;Salinas de Cabo de Gata;Alicante;Comunitat Valenciana;2003;Jun;Animalia;Aves;Threskiornithidae;Platalea;Platalea leucorodia;Espatula comun
0.067;38.645;Salinas de Calpe ;Alicante;Comunitat Valenciana;2001;Jun;Animalia;Aves;Podicipedidae;Tachybaptus;Tachybaptus ruficollis;Zampullin comun
0.067;38.645;Salinas de Calpe ;Alicante;Comunitat Valenciana;2002;May;Animalia;Aves;Podicipedidae;Podiceps;Podiceps nigricollis;Zampullin cuellinegro
-2.675;36.698;Salinas de Cerrillos;Alicante;Comunitat Valenciana;2003;Jun;Animalia;Aves;Threskiornithidae;Platalea;Platalea leucorodia;Espatula comun
-2.675;36.698;Salinas de Cerrillos;Alicante;Comunitat Valenciana;2003;May;Animalia;Aves;Anatidae;Tadorna;Tadorna tadorna;Tarro blanco
-2.675;36.698;Salinas de Cerrillos;Alicante;Comunitat Valenciana;2003;May;Animalia;Aves;Podicipedidae;Podiceps;Podiceps nigricollis;Zampullin cuellinegro
-2.675;36.698;Salinas de Cerrillos;Alicante;Comunitat Valenciana;2003;Jun;Animalia;Aves;Podicipedidae;Tachybaptus;Tachybaptus ruficollis;Zampullin comun
-2.816;36.713;Salinas de Guardias Viejas;Alicante;Comunitat Valenciana;2003;May;Animalia;Aves;Podicipedidae;Podiceps;Podiceps cristatus;Somormujo lavanco
-2.816;36.713;Salinas de Guardias Viejas;Alicante;Comunitat Valenciana;2003;May;Animalia;Aves;Podicipedidae;Podiceps;Podiceps nigricollis;Zampullin cuellinegro
-2.816;36.713;Salinas de Guardias Viejas;Alicante;Comunitat Valenciana;2003;Jun;Animalia;Aves;Podicipedidae;Tachybaptus;Tachybaptus ruficollis;Zampullin comun
-0.637;38.172;Salinas de Santa Pola ;Alicante;Comunitat Valenciana;2001;May;Animalia;Aves;Podicipedidae;Podiceps;Podiceps cristatus;Somormujo lavanco
-0.637;38.172;Salinas de Santa Pola ;Alicante;Comunitat Valenciana;2001;May;Animalia;Aves;Anatidae;Tadorna;Tadorna tadorna;Tarro blanco
-0.637;38.172;Salinas de Santa Pola ;Alicante;Comunitat Valenciana;2001;Jun;Animalia;Aves;Podicipedidae;Tachybaptus;Tachybaptus ruficollis;Zampullin comun
-0.545;38.254;Balsares-Carabassi-Clot de Galvany ;Alicante;Comunitat Valenciana;2000;Dic;Animalia;Aves;Anatidae;Netta;Netta rufina;Pato colorado
-0.545;38.254;Balsares-Carabassi-Clot de Galvany ;Alicante;Comunitat Valenciana;2002;Dic;Animalia;Aves;Anatidae;Netta;Netta rufina;Pato colorado
-0.545;38.254;Balsares-Carabassi-Clot de Galvany ;Alicante;Comunitat Valenciana;2002;May;Animalia;Aves;Podicipedidae;Podiceps;Podiceps nigricollis;Zampullin cuellinegro
-0.545;38.254;Balsares-Carabassi-Clot de Galvany ;Alicante;Comunitat Valenciana;2002;Jun;Animalia;Aves;Podicipedidae;Tachybaptus;Tachybaptus ruficollis;Zampullin comun
-0.545;38.254;Balsares-Carabassi-Clot de Galvany ;Alicante;Comunitat Valenciana;2005;May;Animalia;Aves;Podicipedidae;Podiceps;Podiceps nigricollis;Zampullin cuellinegro
-0.545;38.254;Balsares-Carabassi-Clot de Galvany ;Alicante;Comunitat Valenciana;2005;Jun;Animalia;Aves;Podicipedidae;Tachybaptus;Tachybaptus ruficollis;Zampullin comun
-0.545;38.254;Balsares-Carabassi-Clot de Galvany ;Alicante;Comunitat Valenciana;2006;Dic;Animalia;Aves;Anatidae;Netta;Netta rufina;Pato colorado
-0.545;38.254;Balsares-Carabassi-Clot de Galvany ;Alicante;Comunitat Valenciana;2006;Jun;Animalia;Aves;Podicipedidae;Tachybaptus;Tachybaptus ruficollis;Zampullin comun
-0.545;38.254;Balsares-Carabassi-Clot de Galvany ;Alicante;Comunitat Valenciana;2007;May;Animalia;Aves;Podicipedidae;Podiceps;Podiceps nigricollis;Zampullin cuellinegro
-0.545;38.254;Balsares-Carabassi-Clot de Galvany ;Alicante;Comunitat Valenciana;2007;Jun;Animalia;Aves;Podicipedidae;Tachybaptus;Tachybaptus ruficollis;Zampullin comun
-0.545;38.254;Balsares-Carabassi-Clot de Galvany ;Alicante;Comunitat Valenciana;2008;Jun;Animalia;Aves;Podicipedidae;Tachybaptus;Tachybaptus ruficollis;Zampullin comun
-0.545;38.254;Balsares-Carabassi-Clot de Galvany ;Alicante;Comunitat Valenciana;2010;Jun;Animalia;Aves;Podicipedidae;Tachybaptus;Tachybaptus ruficollis;Zampullin comun
-0.545;38.254;Balsares-Carabassi-Clot de Galvany ;Alicante;Comunitat Valenciana;2011;Dic;Animalia;Aves;Anatidae;Netta;Netta rufina;Pato colorado
-0.545;38.254;Balsares-Carabassi-Clot de Galvany ;Alicante;Comunitat Valenciana;2011;May;Animalia;Aves;Podicipedidae;Podiceps;Podiceps nigricollis;Zampullin cuellinegro
-0.545;38.254;Balsares-Carabassi-Clot de Galvany ;Alicante;Comunitat Valenciana;2011;Jun;Animalia;Aves;Ardeidae;Ixobrychus;Ixobrychus minutus;Avetorillo comun
-0.545;38.254;Balsares-Carabassi-Clot de Galvany ;Alicante;Comunitat Valenciana;2011;Jun;Animalia;Aves;Podicipedidae;Tachybaptus;Tachybaptus ruficollis;Zampullin comun
-0.545;38.254;Balsares-Carabassi-Clot de Galvany ;Alicante;Comunitat Valenciana;2012;Jun;Animalia;Aves;Podicipedidae;Tachybaptus;Tachybaptus ruficollis;Zampullin comun
-0.451;38.75;Cocentaina;Alicante;Comunitat Valenciana;2017;Sep;Animalia;Amphibia;Bufonidae;Bufo;Bufo spinosus;Spiny Toad
-0.5;38.7;Cocentaina;Alicante;Comunitat Valenciana;2018;Feb;Animalia;Amphibia;Alytidae;Alytes;Alytes obstetricans;Midwife Toad
-0.5;38.75;Cocentaina;Alicante;Comunitat Valenciana;2018;Feb;Animalia;Amphibia;Alytidae;Alytes;Alytes obstetricans;Midwife Toad
-0.55;38.7;Cocentaina;Alicante;Comunitat Valenciana;2018;Feb;Animalia;Mammalia;Canidae;Vulpes;Vulpes vulpes;Red Fox
-0.55;38.75;Cocentaina;Alicante;Comunitat Valenciana;2018;Feb;Animalia;Mammalia;Canidae;Vulpes;Vulpes vulpes;Red Fox
-0.5;38.7;Cocentaina;Alicante;Comunitat Valenciana;2019;Jun;Animalia;Mammalia;Mustelidae;Meles;Meles meles;Eurasian Badger
-0.5;38.7;Cocentaina;Alicante;Comunitat Valenciana;2019;Feb;Animalia;Mammalia;Canidae;Vulpes;Vulpes vulpes;Red Fox
-0.5;38.7;Cocentaina;Alicante;Comunitat Valenciana;2019;Mar;Animalia;Mammalia;Canidae;Vulpes;Vulpes vulpes;Red Fox
-0.478;38.729;Cocentaina;Alicante;Comunitat Valenciana;2019;Feb;Animalia;Mammalia;Mustelidae;Meles;Meles meles;Eurasian Badger
-0.473;38.737;Cocentaina;Alicante;Comunitat Valenciana;2019;Feb;Animalia;Mammalia;Mustelidae;Meles;Meles meles;Eurasian Badger
-0.465;38.737;Cocentaina;Alicante;Comunitat Valenciana;2019;Mar;Animalia;Mammalia;Mustelidae;Meles;Meles meles;Eurasian Badger
-0.45;38.7;Cocentaina;Alicante;Comunitat Valenciana;2019;Mar;Animalia;Mammalia;Canidae;Vulpes;Vulpes vulpes;Red Fox
-0.731;38.166;El Hondo La Anguila hide;Alicante;Comunitat Valenciana;2015;May;Animalia;Aves;Anatidae;Tadorna;Tadorna tadorna;Common Shelduck
-0.731;38.166;El Hondo La Anguila hide;Alicante;Comunitat Valenciana;2015;May;Animalia;Aves;Podicipedidae;Podiceps;Podiceps nigricollis;Eared Grebe
-0.731;38.166;El Hondo La Anguila hide;Alicante;Comunitat Valenciana;2015;Jun;Animalia;Aves;Podicipedidae;Tachybaptus;Tachybaptus ruficollis;Little Grebe
-0.723;38.168;El Hondo La Reserva hide;Alicante;Comunitat Valenciana;2015;May;Animalia;Aves;Podicipedidae;Podiceps;Podiceps nigricollis;Eared Grebe
-0.754;38.184;El Hondo NR;Alicante;Comunitat Valenciana;2005;Jun;Animalia;Aves;Threskiornithidae;Plegadis;Plegadis falcinellus;Glossy Ibis
-0.754;38.184;El Hondo NR;Alicante;Comunitat Valenciana;2005;Dic;Animalia;Aves;Anatidae;Anas;Mareca penelope;Eurasian Wigeon
-0.754;38.184;El Hondo NR;Alicante;Comunitat Valenciana;2005;Dic;Animalia;Aves;Anatidae;Netta;Netta rufina;Red-crested Pochard
-0.781;38.186;El Hondo PNat--Area General;Alicante;Comunitat Valenciana;2014;Jul;Animalia;Aves;Upupidae;Upupa;Upupa epops;Eurasian Hoopoe
-0.781;38.186;El Hondo PNat--Area General;Alicante;Comunitat Valenciana;2014;May;Animalia;Aves;Podicipedidae;Podiceps;Podiceps nigricollis;Eared Grebe
-0.781;38.186;El Hondo PNat--Area General;Alicante;Comunitat Valenciana;2014;Dic;Animalia;Aves;Anatidae;Netta;Netta rufina;Red-crested Pochard
-0.781;38.186;El Hondo PNat--Area General;Alicante;Comunitat Valenciana;2014;Jun;Animalia;Aves;Podicipedidae;Tachybaptus;Tachybaptus ruficollis;Little Grebe
-0.781;38.186;El Hondo PNat--Area General;Alicante;Comunitat Valenciana;2016;May;Animalia;Aves;Anatidae;Tadorna;Tadorna tadorna;Common Shelduck
-0.781;38.186;El Hondo PNat--Area General;Alicante;Comunitat Valenciana;2016;Jun;Animalia;Aves;Threskiornithidae;Plegadis;Plegadis falcinellus;Glossy Ibis
-0.781;38.186;El Hondo PNat--Area General;Alicante;Comunitat Valenciana;2016;May;Animalia;Aves;Podicipedidae;Podiceps;Podiceps nigricollis;Eared Grebe
-0.781;38.186;El Hondo PNat--Area General;Alicante;Comunitat Valenciana;2016;Jun;Animalia;Aves;Ardeidae;Ardea;Ardea alba;Great Egret
-0.781;38.186;El Hondo PNat--Area General;Alicante;Comunitat Valenciana;2016;Jun;Animalia;Aves;Podicipedidae;Tachybaptus;Tachybaptus ruficollis;Little Grebe
-0.781;38.186;El Hondo PNat--Area General;Alicante;Comunitat Valenciana;2017;Dic;Animalia;Aves;Anatidae;Netta;Netta rufina;Red-crested Pochard
-0.781;38.186;El Hondo PNat--Area General;Alicante;Comunitat Valenciana;2017;May;Animalia;Aves;Anatidae;Tadorna;Tadorna tadorna;Common Shelduck
-0.781;38.186;El Hondo PNat--Area General;Alicante;Comunitat Valenciana;2017;Jun;Animalia;Aves;Podicipedidae;Tachybaptus;Tachybaptus ruficollis;Little Grebe
-0.781;38.186;El Hondo PNat--Area General;Alicante;Comunitat Valenciana;2018;May;Animalia;Aves;Anatidae;Tadorna;Tadorna tadorna;Common Shelduck
-0.781;38.186;El Hondo PNat--Area General;Alicante;Comunitat Valenciana;2018;Dic;Animalia;Aves;Anatidae;Netta;Netta rufina;Red-crested Pochard
-0.781;38.186;El Hondo PNat--Area General;Alicante;Comunitat Valenciana;2018;Jun;Animalia;Aves;Podicipedidae;Tachybaptus;Tachybaptus ruficollis;Little Grebe
-0.781;38.186;El Hondo PNat--Area General;Alicante;Comunitat Valenciana;2019;May;Animalia;Aves;Anatidae;Tadorna;Tadorna tadorna;Common Shelduck
-0.781;38.186;El Hondo PNat--Area General;Alicante;Comunitat Valenciana;2019;Jun;Animalia;Aves;Podicipedidae;Tachybaptus;Tachybaptus ruficollis;Little Grebe
-0.788;38.187;El Hondo PNat--Centro de Visitantes;Alicante;Comunitat Valenciana;2017;Jun;Animalia;Aves;Threskiornithidae;Plegadis;Plegadis falcinellus;Glossy Ibis
-0.788;38.187;El Hondo PNat--Centro de Visitantes;Alicante;Comunitat Valenciana;2017;May;Animalia;Aves;Podicipedidae;Podiceps;Podiceps nigricollis;Eared Grebe
-0.788;38.187;El Hondo PNat--Centro de Visitantes;Alicante;Comunitat Valenciana;2017;Jun;Animalia;Aves;Ardeidae;Ixobrychus;Ixobrychus minutus;Little Bittern
-0.788;38.187;El Hondo PNat--Centro de Visitantes;Alicante;Comunitat Valenciana;2017;Jun;Animalia;Aves;Podicipedidae;Tachybaptus;Tachybaptus ruficollis;Little Grebe
-0.788;38.187;El Hondo PNat--Centro de Visitantes;Alicante;Comunitat Valenciana;2018;Dic;Animalia;Aves;Anatidae;Netta;Netta rufina;Red-crested Pochard
-0.788;38.187;El Hondo PNat--Centro de Visitantes;Alicante;Comunitat Valenciana;2018;May;Animalia;Aves;Podicipedidae;Podiceps;Podiceps nigricollis;Eared Grebe
-0.788;38.187;El Hondo PNat--Centro de Visitantes;Alicante;Comunitat Valenciana;2018;Jun;Animalia;Aves;Podicipedidae;Tachybaptus;Tachybaptus ruficollis;Little Grebe
-0.788;38.187;El Hondo PNat--Centro de Visitantes;Alicante;Comunitat Valenciana;2019;May;Animalia;Aves;Anatidae;Tadorna;Tadorna tadorna;Common Shelduck
-0.788;38.187;El Hondo PNat--Centro de Visitantes;Alicante;Comunitat Valenciana;2019;Jun;Animalia;Aves;Podicipedidae;Tachybaptus;Tachybaptus ruficollis;Little Grebe
-0.786;38.186;El Hondo PNat--Observatorio El Saladar;Alicante;Comunitat Valenciana;2019;Jun;Animalia;Aves;Podicipedidae;Tachybaptus;Tachybaptus ruficollis;Little Grebe
-0.723;38.168;El Hondo PNat--Observatorio Reserva;Alicante;Comunitat Valenciana;2015;May;Animalia;Aves;Podicipedidae;Podiceps;Podiceps nigricollis;Eared Grebe
-0.723;38.168;El Hondo PNat--Observatorio Reserva;Alicante;Comunitat Valenciana;2015;Jun;Animalia;Aves;Podicipedidae;Tachybaptus;Tachybaptus ruficollis;Little Grebe
-0.723;38.168;El Hondo PNat--Observatorio Reserva;Alicante;Comunitat Valenciana;2016;May;Animalia;Aves;Anatidae;Tadorna;Tadorna tadorna;Common Shelduck
-0.723;38.168;El Hondo PNat--Observatorio Reserva;Alicante;Comunitat Valenciana;2016;May;Animalia;Aves;Podicipedidae;Podiceps;Podiceps nigricollis;Eared Grebe
-0.723;38.168;El Hondo PNat--Observatorio Reserva;Alicante;Comunitat Valenciana;2016;Dic;Animalia;Aves;Anatidae;Netta;Netta rufina;Red-crested Pochard
-0.723;38.168;El Hondo PNat--Observatorio Reserva;Alicante;Comunitat Valenciana;2017;May;Animalia;Aves;Podicipedidae;Podiceps;Podiceps nigricollis;Eared Grebe
-0.723;38.168;El Hondo PNat--Observatorio Reserva;Alicante;Comunitat Valenciana;2017;Jun;Animalia;Aves;Ardeidae;Ixobrychus;Ixobrychus minutus;Little Bittern
-0.723;38.168;El Hondo PNat--Observatorio Reserva;Alicante;Comunitat Valenciana;2018;May;Animalia;Aves;Anatidae;Tadorna;Tadorna tadorna;Common Shelduck
-0.723;38.168;El Hondo PNat--Observatorio Reserva;Alicante;Comunitat Valenciana;2019;May;Animalia;Aves;Podicipedidae;Podiceps;Podiceps nigricollis;Eared Grebe
-0.753;38.19;El Hondo PNat--Observatorio Senda Bigotudos;Alicante;Comunitat Valenciana;2015;May;Animalia;Aves;Anatidae;Tadorna;Tadorna tadorna;Common Shelduck
-0.753;38.19;El Hondo PNat--Observatorio Senda Bigotudos;Alicante;Comunitat Valenciana;2015;May;Animalia;Aves;Podicipedidae;Podiceps;Podiceps nigricollis;Eared Grebe
-0.753;38.19;El Hondo PNat--Observatorio Senda Bigotudos;Alicante;Comunitat Valenciana;2015;Dic;Animalia;Aves;Anatidae;Netta;Netta rufina;Red-crested Pochard
-0.753;38.19;El Hondo PNat--Observatorio Senda Bigotudos;Alicante;Comunitat Valenciana;2015;Jun;Animalia;Aves;Ardeidae;Nycticorax;Nycticorax nycticorax;Black-crowned Night-Heron
-0.753;38.19;El Hondo PNat--Observatorio Senda Bigotudos;Alicante;Comunitat Valenciana;2015;Jun;Animalia;Aves;Ardeidae;Ardea;Ardea alba;Great Egret
-0.753;38.19;El Hondo PNat--Observatorio Senda Bigotudos;Alicante;Comunitat Valenciana;2015;Jun;Animalia;Aves;Podicipedidae;Tachybaptus;Tachybaptus ruficollis;Little Grebe
-0.759;38.197;El Hondo PNat--Observatorio Torre Poniente;Alicante;Comunitat Valenciana;2019;May;Animalia;Aves;Podicipedidae;Podiceps;Podiceps nigricollis;Eared Grebe
-0.759;38.197;El Hondo PNat--Observatorio Torre Poniente;Alicante;Comunitat Valenciana;2019;Dic;Animalia;Aves;Anatidae;Anas;Mareca penelope;Eurasian Wigeon
-0.759;38.197;El Hondo PNat--Observatorio Torre Poniente;Alicante;Comunitat Valenciana;2019;Jun;Animalia;Aves;Threskiornithidae;Plegadis;Plegadis falcinellus;Glossy Ibis
-0.759;38.197;El Hondo PNat--Observatorio Torre Poniente;Alicante;Comunitat Valenciana;2019;Jun;Animalia;Aves;Podicipedidae;Tachybaptus;Tachybaptus ruficollis;Little Grebe
-0.748;38.18;El Hondo PNat--Torre Poniente Vertedero Central;Alicante;Comunitat Valenciana;2000;Dic;Animalia;Aves;Anatidae;Netta;Netta rufina;Red-crested Pochard
-0.748;38.18;El Hondo PNat--Torre Poniente Vertedero Central;Alicante;Comunitat Valenciana;2000;May;Animalia;Aves;Anatidae;Tadorna;Tadorna tadorna;Common Shelduck
-0.748;38.18;El Hondo PNat--Torre Poniente Vertedero Central;Alicante;Comunitat Valenciana;2000;May;Animalia;Aves;Podicipedidae;Podiceps;Podiceps nigricollis;Eared Grebe
-0.703;38.226;Elche;Alicante;Comunitat Valenciana;2000;May;Animalia;Aves;Podicipedidae;Podiceps;Podiceps nigricollis;Zampullin cuellinegro
-0.703;38.226;Elche;Alicante;Comunitat Valenciana;2000;May;Animalia;Aves;Anatidae;Tadorna;Tadorna tadorna;Tarro blanco
-0.703;38.226;Elche;Alicante;Comunitat Valenciana;2001;Jun;Animalia;Aves;Podicipedidae;Tachybaptus;Tachybaptus ruficollis;Zampullin comun
-0.703;38.226;Elche;Alicante;Comunitat Valenciana;2005;May;Animalia;Aves;Anatidae;Tadorna;Tadorna tadorna;Tarro blanco
-0.703;38.226;Elche;Alicante;Comunitat Valenciana;2005;Jun;Animalia;Aves;Podicipedidae;Tachybaptus;Tachybaptus ruficollis;Zampullin comun
-0.703;38.226;Elche;Alicante;Comunitat Valenciana;2006;Jun;Animalia;Aves;Podicipedidae;Tachybaptus;Tachybaptus ruficollis;Zampullin comun
-0.703;38.226;Elche;Alicante;Comunitat Valenciana;2007;Jun;Animalia;Aves;Podicipedidae;Tachybaptus;Tachybaptus ruficollis;Zampullin comun
-0.703;38.226;Elche;Alicante;Comunitat Valenciana;2008;Jun;Animalia;Aves;Podicipedidae;Tachybaptus;Tachybaptus ruficollis;Zampullin comun
-0.703;38.226;Elche;Alicante;Comunitat Valenciana;2010;May;Animalia;Aves;Podicipedidae;Podiceps;Podiceps nigricollis;Zampullin cuellinegro
-0.703;38.226;Elche;Alicante;Comunitat Valenciana;2011;Jun;Animalia;Aves;Threskiornithidae;Plegadis;Plegadis falcinellus;Morito comun
-0.703;38.226;Elche;Alicante;Comunitat Valenciana;2011;Jun;Animalia;Aves;Podicipedidae;Tachybaptus;Tachybaptus ruficollis;Zampullin comun
-0.703;38.226;Elche;Alicante;Comunitat Valenciana;2012;May;Animalia;Aves;Podicipedidae;Podiceps;Podiceps nigricollis;Zampullin cuellinegro
-0.703;38.226;Elche;Alicante;Comunitat Valenciana;2012;Jun;Animalia;Aves;Podicipedidae;Tachybaptus;Tachybaptus ruficollis;Zampullin comun
-0.703;38.226;Elche;Alicante;Comunitat Valenciana;2013;May;Animalia;Aves;Anatidae;Tadorna;Tadorna tadorna;Tarro blanco
-0.703;38.226;Elche;Alicante;Comunitat Valenciana;2013;Dic;Animalia;Aves;Anatidae;Netta;Netta rufina;Pato colorado
-0.703;38.226;Elche;Alicante;Comunitat Valenciana;2013;Jun;Animalia;Aves;Ardeidae;Ardea;Egretta alba;Garceta grande
-0.703;38.226;Elche;Alicante;Comunitat Valenciana;2013;Jun;Animalia;Aves;Podicipedidae;Tachybaptus;Tachybaptus ruficollis;Zampullin comun
-0.723;38.167;Elche;Alicante;Comunitat Valenciana;2019;Jun;Animalia;Aves;Podicipedidae;Tachybaptus;Tachybaptus ruficollis;Little Grebe
-0.369;38.806;Embalse de Beniarres ;Alicante;Comunitat Valenciana;2008;May;Animalia;Aves;Podicipedidae;Podiceps;Podiceps cristatus;Somormujo lavanco
-0.369;38.806;Embalse de Beniarres ;Alicante;Comunitat Valenciana;2009;May;Animalia;Aves;Podicipedidae;Podiceps;Podiceps cristatus;Somormujo lavanco
-0.369;38.806;Embalse de Beniarres ;Alicante;Comunitat Valenciana;2010;May;Animalia;Aves;Podicipedidae;Podiceps;Podiceps cristatus;Somormujo lavanco
-0.369;38.806;Embalse de Beniarres ;Alicante;Comunitat Valenciana;2010;Jun;Animalia;Aves;Podicipedidae;Tachybaptus;Tachybaptus ruficollis;Zampullin comun
-0.369;38.806;Embalse de Beniarres ;Alicante;Comunitat Valenciana;2011;May;Animalia;Aves;Podicipedidae;Podiceps;Podiceps cristatus;Somormujo lavanco
-0.369;38.806;Embalse de Beniarres ;Alicante;Comunitat Valenciana;2011;Jun;Animalia;Aves;Podicipedidae;Tachybaptus;Tachybaptus ruficollis;Zampullin comun
-0.369;38.806;Embalse de Beniarres ;Alicante;Comunitat Valenciana;2012;May;Animalia;Aves;Podicipedidae;Podiceps;Podiceps cristatus;Somormujo lavanco
-3.025;36.888;Embalse de Beninar;Alicante;Comunitat Valenciana;2006;Jun;Animalia;Aves;Podicipedidae;Podiceps;Podiceps cristatus;Somormujo lavanco
-3.025;36.888;Embalse de Beninar;Alicante;Comunitat Valenciana;2007;Jun;Animalia;Aves;Podicipedidae;Podiceps;Podiceps cristatus;Somormujo lavanco
-3.025;36.888;Embalse de Beninar;Alicante;Comunitat Valenciana;2007;Jun;Animalia;Aves;Podicipedidae;Tachybaptus;Tachybaptus ruficollis;Zampullin comun
-3.025;36.888;Embalse de Beninar;Alicante;Comunitat Valenciana;2008;Jun;Animalia;Aves;Podicipedidae;Podiceps;Podiceps cristatus;Somormujo lavanco
-3.025;36.888;Embalse de Beninar;Alicante;Comunitat Valenciana;2009;Jun;Animalia;Aves;Podicipedidae;Podiceps;Podiceps cristatus;Somormujo lavanco
-3.025;36.888;Embalse de Beninar;Alicante;Comunitat Valenciana;2009;Jun;Animalia;Aves;Podicipedidae;Tachybaptus;Tachybaptus ruficollis;Zampullin comun
-3.025;36.888;Embalse de Beninar;Alicante;Comunitat Valenciana;2010;Jun;Animalia;Aves;Podicipedidae;Podiceps;Podiceps cristatus;Somormujo lavanco
-3.025;36.888;Embalse de Beninar;Alicante;Comunitat Valenciana;2011;Jun;Animalia;Aves;Podicipedidae;Podiceps;Podiceps cristatus;Somormujo lavanco
-3.025;36.888;Embalse de Beninar;Alicante;Comunitat Valenciana;2012;Jun;Animalia;Aves;Podicipedidae;Podiceps;Podiceps cristatus;Somormujo lavanco
-3.025;36.888;Embalse de Beninar;Alicante;Comunitat Valenciana;2012;Jun;Animalia;Aves;Podicipedidae;Tachybaptus;Tachybaptus ruficollis;Zampullin comun
-3.025;36.888;Embalse de Beninar;Alicante;Comunitat Valenciana;2013;Jun;Animalia;Aves;Podicipedidae;Podiceps;Podiceps cristatus;Somormujo lavanco
-3.025;36.888;Embalse de Beninar;Alicante;Comunitat Valenciana;2014;Jun;Animalia;Aves;Podicipedidae;Podiceps;Podiceps cristatus;Somormujo lavanco
-3.025;36.888;Embalse de Beninar;Alicante;Comunitat Valenciana;2014;Jun;Animalia;Aves;Podicipedidae;Tachybaptus;Tachybaptus ruficollis;Zampullin comun
-0.475;38.35;Alicante;Alicante;Comunitat Valenciana;2013;Jun;Animalia;Aves;Fringillidae;Fringilla;Fringilla coelebs;Common Chaffinch
-2.79;37.13; Abrucena;Almeria;Andalucia;2017;Oct;Animalia;Reptilia;Colubridae;Hemorrhois;Hemorrhois hippocrepis;Horseshoe Whip Snake
-2.07;36.79; Cabo de Gata-Nijar;Almeria;Andalucia;2016;Mar;Animalia;Reptilia;Colubridae;Hemorrhois;Hemorrhois hippocrepis;Horseshoe Whip Snake
-2.143;36.73; Cabo de Gata-Nijar;Almeria;Andalucia;2013;Apr;Animalia;Reptilia;Lacertidae;Timon;Timon nevadensis;Sierra Nevada Ocellated Lizard
-2.205;36.736; Cabo de Gata-Nijar;Almeria;Andalucia;2017;Sep;Animalia;Reptilia;Chamaeleonidae;Chamaeleo;Chamaeleo chamaeleon;Common Chameleon
-2.041;36.847; Cabo de Gata-Nijar;Almeria;Andalucia;2018;Jul;Animalia;Reptilia;Chamaeleonidae;Chamaeleo;Chamaeleo chamaeleon;Common Chameleon
-2.04;36.847; Cabo de Gata-Nijar;Almeria;Andalucia;2018;Jul;Animalia;Reptilia;Chamaeleonidae;Chamaeleo;Chamaeleo chamaeleon;Common Chameleon
-2.208;36.839; Nijar;Almeria;Andalucia;2016;Aug;Animalia;Reptilia;Colubridae;Hemorrhois;Hemorrhois hippocrepis;Horseshoe Whip Snake
-2.147;36.808; Nijar;Almeria;Andalucia;2016;Oct;Animalia;Reptilia;Chamaeleonidae;Chamaeleo;Chamaeleo chamaeleon;Common Chameleon
-2.146;36.808; Nijar;Almeria;Andalucia;2016;Oct;Animalia;Reptilia;Chamaeleonidae;Chamaeleo;Chamaeleo chamaeleon;Common Chameleon
-2.95;36.753;Albufera de Adra;Almeria;Andalucia;2000;Jun;Animalia;Aves;Podicipedidae;Podiceps;Podiceps cristatus;Somormujo lavanco
-2.95;36.753;Albufera de Adra;Almeria;Andalucia;2000;Jun;Animalia;Aves;Ardeidae;Ixobrychus;Ixobrychus minutus;Avetorillo comun
-2.95;36.753;Albufera de Adra;Almeria;Andalucia;2000;Dic;Animalia;Aves;Anatidae;Netta;Netta rufina;Pato colorado
-2.95;36.753;Albufera de Adra;Almeria;Andalucia;2000;Jun;Animalia;Aves;Podicipedidae;Tachybaptus;Tachybaptus ruficollis;Zampullin comun
-2.95;36.753;Albufera de Adra;Almeria;Andalucia;2001;Jun;Animalia;Aves;Ardeidae;Ixobrychus;Ixobrychus minutus;Avetorillo comun
-2.95;36.753;Albufera de Adra;Almeria;Andalucia;2001;Jun;Animalia;Aves;Podicipedidae;Podiceps;Podiceps nigricollis;Zampullin cuellinegro
-2.95;36.753;Albufera de Adra;Almeria;Andalucia;2001;Jun;Animalia;Aves;Podicipedidae;Tachybaptus;Tachybaptus ruficollis;Zampullin comun
-2.95;36.753;Albufera de Adra;Almeria;Andalucia;2002;Jun;Animalia;Aves;Podicipedidae;Podiceps;Podiceps cristatus;Somormujo lavanco
-2.95;36.753;Albufera de Adra;Almeria;Andalucia;2002;Jun;Animalia;Aves;Podicipedidae;Podiceps;Podiceps nigricollis;Zampullin cuellinegro
-2.95;36.753;Albufera de Adra;Almeria;Andalucia;2002;Jun;Animalia;Aves;Podicipedidae;Tachybaptus;Tachybaptus ruficollis;Zampullin comun
-2.95;36.753;Albufera de Adra;Almeria;Andalucia;2003;Jun;Animalia;Aves;Podicipedidae;Podiceps;Podiceps nigricollis;Zampullin cuellinegro
-2.95;36.753;Albufera de Adra;Almeria;Andalucia;2003;Jun;Animalia;Aves;Podicipedidae;Tachybaptus;Tachybaptus ruficollis;Zampullin comun
-2.95;36.753;Albufera de Adra;Almeria;Andalucia;2004;Jun;Animalia;Aves;Podicipedidae;Podiceps;Podiceps nigricollis;Zampullin cuellinegro
-2.95;36.753;Albufera de Adra;Almeria;Andalucia;2004;Jun;Animalia;Aves;Podicipedidae;Tachybaptus;Tachybaptus ruficollis;Zampullin comun
-2.95;36.753;Albufera de Adra;Almeria;Andalucia;2005;Dic;Animalia;Aves;Anatidae;Netta;Netta rufina;Pato colorado
-2.95;36.753;Albufera de Adra;Almeria;Andalucia;2005;Jun;Animalia;Aves;Podicipedidae;Podiceps;Podiceps nigricollis;Zampullin cuellinegro
-2.95;36.753;Albufera de Adra;Almeria;Andalucia;2005;Jun;Animalia;Aves;Podicipedidae;Tachybaptus;Tachybaptus ruficollis;Zampullin comun
-2.95;36.753;Albufera de Adra;Almeria;Andalucia;2006;Jun;Animalia;Aves;Podicipedidae;Podiceps;Podiceps nigricollis;Zampullin cuellinegro
-2.95;36.753;Albufera de Adra;Almeria;Andalucia;2006;Jun;Animalia;Aves;Podicipedidae;Tachybaptus;Tachybaptus ruficollis;Zampullin comun
-2.95;36.753;Albufera de Adra;Almeria;Andalucia;2007;Dic;Animalia;Aves;Anatidae;Netta;Netta rufina;Pato colorado
-2.95;36.753;Albufera de Adra;Almeria;Andalucia;2007;Jun;Animalia;Aves;Podicipedidae;Podiceps;Podiceps nigricollis;Zampullin cuellinegro
-2.95;36.753;Albufera de Adra;Almeria;Andalucia;2007;Jun;Animalia;Aves;Podicipedidae;Tachybaptus;Tachybaptus ruficollis;Zampullin comun
-2.95;36.753;Albufera de Adra;Almeria;Andalucia;2008;Jun;Animalia;Aves;Podicipedidae;Podiceps;Podiceps nigricollis;Zampullin cuellinegro
-2.95;36.753;Albufera de Adra;Almeria;Andalucia;2009;Jun;Animalia;Aves;Podicipedidae;Podiceps;Podiceps nigricollis;Zampullin cuellinegro
-2.95;36.753;Albufera de Adra;Almeria;Andalucia;2009;Jun;Animalia;Aves;Podicipedidae;Tachybaptus;Tachybaptus ruficollis;Zampullin comun
-2.95;36.753;Albufera de Adra;Almeria;Andalucia;2010;Jun;Animalia;Aves;Podicipedidae;Podiceps;Podiceps cristatus;Somormujo lavanco
-2.95;36.753;Albufera de Adra;Almeria;Andalucia;2010;Jun;Animalia;Aves;Podicipedidae;Podiceps;Podiceps nigricollis;Zampullin cuellinegro
-2.95;36.753;Albufera de Adra;Almeria;Andalucia;2011;Jun;Animalia;Aves;Podicipedidae;Podiceps;Podiceps nigricollis;Zampullin cuellinegro
-2.95;36.753;Albufera de Adra;Almeria;Andalucia;2011;Jun;Animalia;Aves;Podicipedidae;Tachybaptus;Tachybaptus ruficollis;Zampullin comun
-2.95;36.753;Albufera de Adra;Almeria;Andalucia;2012;Jun;Animalia;Aves;Podicipedidae;Podiceps;Podiceps cristatus;Somormujo lavanco
-2.95;36.753;Albufera de Adra;Almeria;Andalucia;2012;Jun;Animalia;Aves;Podicipedidae;Podiceps;Podiceps nigricollis;Zampullin cuellinegro
-2.95;36.753;Albufera de Adra;Almeria;Andalucia;2012;Dic;Animalia;Aves;Anatidae;Netta;Netta rufina;Pato colorado
-2.95;36.753;Albufera de Adra;Almeria;Andalucia;2012;Jun;Animalia;Aves;Ardeidae;Nycticorax;Nycticorax nycticorax;Martinete comun
-2.95;36.753;Albufera de Adra;Almeria;Andalucia;2012;Jun;Animalia;Aves;Podicipedidae;Tachybaptus;Tachybaptus ruficollis;Zampullin comun
-2.95;36.753;Albufera de Adra;Almeria;Andalucia;2013;Jun;Animalia;Aves;Podicipedidae;Podiceps;Podiceps nigricollis;Zampullin cuellinegro
-2.95;36.753;Albufera de Adra;Almeria;Andalucia;2013;Jun;Animalia;Aves;Ardeidae;Nycticorax;Nycticorax nycticorax;Martinete comun
-2.95;36.753;Albufera de Adra;Almeria;Andalucia;2013;Jun;Animalia;Aves;Ardeidae;Ardeola;Ardeola ralloides;Garcilla cangrejera
-2.95;36.753;Albufera de Adra;Almeria;Andalucia;2013;Jun;Animalia;Aves;Podicipedidae;Tachybaptus;Tachybaptus ruficollis;Zampullin comun
-2.95;36.753;Albufera de Adra;Almeria;Andalucia;2014;Dic;Animalia;Aves;Anatidae;Netta;Netta rufina;Pato colorado
-2.95;36.753;Albufera de Adra;Almeria;Andalucia;2014;Jun;Animalia;Aves;Podicipedidae;Podiceps;Podiceps nigricollis;Zampullin cuellinegro
-2.95;36.753;Albufera de Adra;Almeria;Andalucia;2014;Jun;Animalia;Aves;Ardeidae;Nycticorax;Nycticorax nycticorax;Martinete comun
-2.95;36.753;Albufera de Adra;Almeria;Andalucia;2014;Jun;Animalia;Aves;Podicipedidae;Tachybaptus;Tachybaptus ruficollis;Zampullin comun
-3.001;37.054;Bayarcal;Almeria;Andalucia;2018;Mar;Animalia;Mammalia;Bovidae;Capra;Capra pyrenaica;Iberian Ibex
-2.3;36.8;Cabo de Gata;Almeria;Andalucia;2013;Apr;Animalia;Mammalia;Gliridae;Eliomys;Eliomys quercinus;Garden Dormouse
-2.729;36.763;Canada de las Norias;Almeria;Andalucia;2000;Jun;Animalia;Aves;Podicipedidae;Podiceps;Podiceps nigricollis;Zampullin cuellinegro
-2.729;36.763;Canada de las Norias;Almeria;Andalucia;2000;Jun;Animalia;Aves;Anatidae;Netta;Netta rufina;Pato colorado
-2.729;36.763;Canada de las Norias;Almeria;Andalucia;2000;Jun;Animalia;Aves;Podicipedidae;Tachybaptus;Tachybaptus ruficollis;Zampullin comun
-2.759;36.693;Charcones de Punta Entinas;Almeria;Andalucia;2000;Jun;Animalia;Aves;Anatidae;Tadorna;Tadorna tadorna;Tarro blanco
-2.759;36.693;Charcones de Punta Entinas;Almeria;Andalucia;2000;Jun;Animalia;Aves;Podicipedidae;Tachybaptus;Tachybaptus ruficollis;Zampullin comun
-2.831;37.181;Finana;Almeria;Andalucia;2010;Jul;Animalia;Mammalia;Bovidae;Capra;Capra pyrenaica;Iberian Ibex
-2.47;37.02;Gador;Almeria;Andalucia;2018;Mar;Animalia;Mammalia;Bovidae;Capra;Capra pyrenaica;Iberian Ibex
-2.453;37.024;Gador;Almeria;Andalucia;2018;Mar;Animalia;Mammalia;Bovidae;Capra;Capra pyrenaica;Iberian Ibex
-2.221;36.769;Salinas de Cabo de Gata;Almeria;Andalucia;2000;Jun;Animalia;Aves;Threskiornithidae;Platalea;Platalea leucorodia;Espatula comun
-2.221;36.769;Salinas de Cabo de Gata;Almeria;Andalucia;2000;Jun;Animalia;Aves;Podicipedidae;Podiceps;Podiceps nigricollis;Zampullin cuellinegro
-2.221;36.769;Salinas de Cabo de Gata;Almeria;Andalucia;2000;Jun;Animalia;Aves;Anatidae;Tadorna;Tadorna tadorna;Tarro blanco
-2.221;36.769;Salinas de Cabo de Gata;Almeria;Andalucia;2001;Jun;Animalia;Aves;Podicipedidae;Podiceps;Podiceps nigricollis;Zampullin cuellinegro
-2.221;36.769;Salinas de Cabo de Gata;Almeria;Andalucia;2001;Jun;Animalia;Aves;Anatidae;Tadorna;Tadorna tadorna;Tarro blanco
-2.221;36.769;Salinas de Cabo de Gata;Almeria;Andalucia;2001;Jun;Animalia;Aves;Ardeidae;Ardea;Egretta alba;Garceta grande
-2.221;36.769;Salinas de Cabo de Gata;Almeria;Andalucia;2002;Jun;Animalia;Aves;Threskiornithidae;Platalea;Platalea leucorodia;Espatula comun
-2.221;36.769;Salinas de Cabo de Gata;Almeria;Andalucia;2002;Jun;Animalia;Aves;Podicipedidae;Podiceps;Podiceps nigricollis;Zampullin cuellinegro
-2.221;36.769;Salinas de Cabo de Gata;Almeria;Andalucia;2002;Jun;Animalia;Aves;Anatidae;Tadorna;Tadorna tadorna;Tarro blanco
-2.221;36.769;Salinas de Cabo de Gata;Almeria;Andalucia;2002;Jun;Animalia;Aves;Podicipedidae;Tachybaptus;Tachybaptus ruficollis;Zampullin comun
-2.221;36.769;Salinas de Cabo de Gata;Almeria;Andalucia;2004;Jun;Animalia;Aves;Anatidae;Tadorna;Tadorna tadorna;Tarro blanco
-2.675;36.698;Salinas de Cerrillos;Almeria;Andalucia;2000;Jun;Animalia;Aves;Anatidae;Tadorna;Tadorna tadorna;Tarro blanco
-2.675;36.698;Salinas de Cerrillos;Almeria;Andalucia;2000;Jun;Animalia;Aves;Podicipedidae;Podiceps;Podiceps nigricollis;Zampullin cuellinegro
-2.675;36.698;Salinas de Cerrillos;Almeria;Andalucia;2000;Jun;Animalia;Aves;Podicipedidae;Tachybaptus;Tachybaptus ruficollis;Zampullin comun
-2.233;36.8;SALINAS DEL P. NAT. DEL CABO DE GATA;Almeria;Andalucia;2004;Jun;Animalia;Aves;Fringillidae;Bucanetes;Bucanetes githagineus;Camachuelo trompetero
-1.927;37.029; Carboneras;Almeria;Andalucia;2018;Jul;Animalia;Reptilia;Chamaeleonidae;Chamaeleo;Chamaeleo chamaeleon;Common Chameleon
-1.927;37.03; Carboneras;Almeria;Andalucia;2018;Jul;Animalia;Reptilia;Chamaeleonidae;Chamaeleo;Chamaeleo chamaeleon;Common Chameleon
-1.925;37.021; Carboneras;Almeria;Andalucia;2018;Jul;Animalia;Reptilia;Chamaeleonidae;Chamaeleo;Chamaeleo chamaeleon;Common Chameleon
-1.88;37.01; Carboneras;Almeria;Andalucia;2020;Feb;Animalia;Reptilia;Chamaeleonidae;Chamaeleo;Chamaeleo chamaeleon;Common Chameleon
-2.388;36.857; Ciudad de Almeria;Almeria;Andalucia;2019;Sep;Animalia;Reptilia;Chamaeleonidae;Chamaeleo;Chamaeleo chamaeleon;Common Chameleon
-1.7;37.35;Almeria;Almeria;Andalucia;2016;Jun;Animalia;Mammalia;Canidae;Vulpes;Vulpes vulpes;Red Fox
-2.3;36.75;Almeria;Almeria;Andalucia;2019;Jun;Animalia;Mammalia;Canidae;Vulpes;Vulpes vulpes;Red Fox
-2.25;36.8;Almeria;Almeria;Andalucia;2019;Jun;Animalia;Mammalia;Canidae;Vulpes;Vulpes vulpes;Red Fox
-2.243;36.779;Almeria;Almeria;Andalucia;2020;Feb;Animalia;Mammalia;Canidae;Vulpes;Vulpes vulpes;Red Fox
-6.027;39.844;Almez de Lugar Nuevo;Almeria;Andalucia;2017;Mar;Animalia;Amphibia;Salamandridae;Lissotriton;Lissotriton boscai;Bosca's Newt
-6.027;39.844;Almez de Lugar Nuevo;Almeria;Andalucia;2018;Mar;Animalia;Amphibia;Salamandridae;Lissotriton;Lissotriton boscai;Bosca's Newt
-2.256;36.818;Cabo Gata PNat--Amoladeras Bajas;Almeria;Andalucia;2006;Jul;Animalia;Aves;Upupidae;Upupa;Upupa epops;Eurasian Hoopoe
-2.257;36.796;Cabo Gata PNat--Rambla Morales;Almeria;Andalucia;2018;Jun;Animalia;Aves;Podicipedidae;Podiceps;Podiceps nigricollis;Eared Grebe
-2.22;36.765;Cabo Gata PNat--Salinas;Almeria;Andalucia;2006;Jun;Animalia;Aves;Anatidae;Tadorna;Tadorna tadorna;Common Shelduck
-2.22;36.765;Cabo Gata PNat--Salinas;Almeria;Andalucia;2006;Jun;Animalia;Aves;Podicipedidae;Podiceps;Podiceps nigricollis;Eared Grebe
-2.22;36.765;Cabo Gata PNat--Salinas;Almeria;Andalucia;2006;Jun;Animalia;Aves;Threskiornithidae;Platalea;Platalea leucorodia;Eurasian Spoonbill
-2.22;36.765;Cabo Gata PNat--Salinas;Almeria;Andalucia;2017;Jun;Animalia;Aves;Threskiornithidae;Platalea;Platalea leucorodia;Eurasian Spoonbill
-2.22;36.765;Cabo Gata PNat--Salinas;Almeria;Andalucia;2017;Jun;Animalia;Aves;Ardeidae;Ardea;Ardea alba;Great Egret
-2.22;36.765;Cabo Gata PNat--Salinas;Almeria;Andalucia;2019;Jun;Animalia;Aves;Threskiornithidae;Platalea;Platalea leucorodia;Eurasian Spoonbill
-2.11;36.763;Cabo Gata PNat--San Jose;Almeria;Andalucia;2018;Jun;Animalia;Aves;Podicipedidae;Tachybaptus;Tachybaptus ruficollis;Little Grebe
-2.794;36.706;Campo de golf Almerimar;Almeria;Andalucia;2006;Nov;Animalia;Aves;Anatidae;Netta;Netta rufina;Pato colorado
-2.794;36.706;Campo de golf Almerimar;Almeria;Andalucia;2006;Jun;Animalia;Aves;Podicipedidae;Tachybaptus;Tachybaptus ruficollis;Zampullin comun
-2.794;36.706;Campo de golf Almerimar;Almeria;Andalucia;2007;Nov;Animalia;Aves;Anatidae;Netta;Netta rufina;Pato colorado
-2.794;36.706;Campo de golf Almerimar;Almeria;Andalucia;2007;Jun;Animalia;Aves;Podicipedidae;Podiceps;Podiceps nigricollis;Zampullin cuellinegro
-2.794;36.706;Campo de golf Almerimar;Almeria;Andalucia;2007;Jun;Animalia;Aves;Podicipedidae;Tachybaptus;Tachybaptus ruficollis;Zampullin comun
-2.794;36.706;Campo de golf Almerimar;Almeria;Andalucia;2008;Jun;Animalia;Aves;Podicipedidae;Podiceps;Podiceps nigricollis;Zampullin cuellinegro
-2.794;36.706;Campo de golf Almerimar;Almeria;Andalucia;2008;Nov;Animalia;Aves;Anatidae;Netta;Netta rufina;Pato colorado
-2.794;36.706;Campo de golf Almerimar;Almeria;Andalucia;2009;Jun;Animalia;Aves;Podicipedidae;Podiceps;Podiceps nigricollis;Zampullin cuellinegro
-2.794;36.706;Campo de golf Almerimar;Almeria;Andalucia;2009;Jun;Animalia;Aves;Podicipedidae;Tachybaptus;Tachybaptus ruficollis;Zampullin comun
-2.794;36.706;Campo de golf Almerimar;Almeria;Andalucia;2010;Nov;Animalia;Aves;Anatidae;Netta;Netta rufina;Pato colorado
-2.794;36.706;Campo de golf Almerimar;Almeria;Andalucia;2011;Jun;Animalia;Aves;Podicipedidae;Podiceps;Podiceps nigricollis;Zampullin cuellinegro
-2.794;36.706;Campo de golf Almerimar;Almeria;Andalucia;2011;Nov;Animalia;Aves;Anatidae;Netta;Netta rufina;Pato colorado
-2.794;36.706;Campo de golf Almerimar;Almeria;Andalucia;2011;Jun;Animalia;Aves;Podicipedidae;Tachybaptus;Tachybaptus ruficollis;Zampullin comun
-2.794;36.706;Campo de golf Almerimar;Almeria;Andalucia;2012;Jun;Animalia;Aves;Podicipedidae;Podiceps;Podiceps nigricollis;Zampullin cuellinegro
-2.794;36.706;Campo de golf Almerimar;Almeria;Andalucia;2012;Jun;Animalia;Aves;Podicipedidae;Tachybaptus;Tachybaptus ruficollis;Zampullin comun
-2.794;36.706;Campo de golf Almerimar;Almeria;Andalucia;2013;Jun;Animalia;Aves;Podicipedidae;Podiceps;Podiceps nigricollis;Zampullin cuellinegro
-2.794;36.706;Campo de golf Almerimar;Almeria;Andalucia;2014;Jun;Animalia;Aves;Podicipedidae;Podiceps;Podiceps nigricollis;Zampullin cuellinegro
-2.794;36.706;Campo de golf Almerimar;Almeria;Andalucia;2014;Jun;Animalia;Aves;Podicipedidae;Tachybaptus;Tachybaptus ruficollis;Zampullin comun
-2.729;36.763;Canada de las Norias;Almeria;Andalucia;2001;Jun;Animalia;Aves;Podicipedidae;Podiceps;Podiceps nigricollis;Zampullin cuellinegro
-2.729;36.763;Canada de las Norias;Almeria;Andalucia;2001;Jun;Animalia;Aves;Podicipedidae;Tachybaptus;Tachybaptus ruficollis;Zampullin comun
-2.729;36.763;Canada de las Norias;Almeria;Andalucia;2006;Jun;Animalia;Aves;Podicipedidae;Podiceps;Podiceps cristatus;Somormujo lavanco
-2.729;36.763;Canada de las Norias;Almeria;Andalucia;2006;Nov;Animalia;Aves;Anatidae;Netta;Netta rufina;Pato colorado
-2.729;36.763;Canada de las Norias;Almeria;Andalucia;2006;Jun;Animalia;Aves;Podicipedidae;Podiceps;Podiceps nigricollis;Zampullin cuellinegro
-2.729;36.763;Canada de las Norias;Almeria;Andalucia;2006;Jun;Animalia;Aves;Ardeidae;Ardeola;Ardeola ralloides;Garcilla cangrejera
-2.729;36.763;Canada de las Norias;Almeria;Andalucia;2006;Jun;Animalia;Aves;Ardeidae;Ardea;Egretta alba;Garceta grande
-2.729;36.763;Canada de las Norias;Almeria;Andalucia;2006;Jun;Animalia;Aves;Podicipedidae;Tachybaptus;Tachybaptus ruficollis;Zampullin comun
-2.729;36.763;Canada de las Norias;Almeria;Andalucia;2007;Jun;Animalia;Aves;Podicipedidae;Podiceps;Podiceps cristatus;Somormujo lavanco
-2.729;36.763;Canada de las Norias;Almeria;Andalucia;2007;Jun;Animalia;Aves;Podicipedidae;Podiceps;Podiceps nigricollis;Zampullin cuellinegro
-2.729;36.763;Canada de las Norias;Almeria;Andalucia;2007;Nov;Animalia;Aves;Anatidae;Netta;Netta rufina;Pato colorado
-2.729;36.763;Canada de las Norias;Almeria;Andalucia;2007;Jun;Animalia;Aves;Ardeidae;Nycticorax;Nycticorax nycticorax;Martinete comun
-2.729;36.763;Canada de las Norias;Almeria;Andalucia;2007;Apr;Animalia;Aves;Podicipedidae;Tachybaptus;Tachybaptus ruficollis;Zampullin comun
-2.729;36.763;Canada de las Norias;Almeria;Andalucia;2008;Jun;Animalia;Aves;Podicipedidae;Podiceps;Podiceps cristatus;Somormujo lavanco
-2.729;36.763;Canada de las Norias;Almeria;Andalucia;2008;Jun;Animalia;Aves;Podicipedidae;Podiceps;Podiceps nigricollis;Zampullin cuellinegro
-2.729;36.763;Canada de las Norias;Almeria;Andalucia;2008;Nov;Animalia;Aves;Anatidae;Netta;Netta rufina;Pato colorado
-2.729;36.763;Canada de las Norias;Almeria;Andalucia;2009;Jun;Animalia;Aves;Podicipedidae;Podiceps;Podiceps cristatus;Somormujo lavanco
-2.729;36.763;Canada de las Norias;Almeria;Andalucia;2009;Nov;Animalia;Aves;Anatidae;Netta;Netta rufina;Pato colorado
-2.729;36.763;Canada de las Norias;Almeria;Andalucia;2009;Jun;Animalia;Aves;Podicipedidae;Podiceps;Podiceps nigricollis;Zampullin cuellinegro
-2.729;36.763;Canada de las Norias;Almeria;Andalucia;2009;Apr;Animalia;Aves;Ardeidae;Ardea;Egretta alba;Garceta grande
-2.729;36.763;Canada de las Norias;Almeria;Andalucia;2009;Apr;Animalia;Aves;Podicipedidae;Tachybaptus;Tachybaptus ruficollis;Zampullin comun
-2.729;36.763;Canada de las Norias;Almeria;Andalucia;2010;Jun;Animalia;Aves;Podicipedidae;Podiceps;Podiceps cristatus;Somormujo lavanco
-2.729;36.763;Canada de las Norias;Almeria;Andalucia;2010;Nov;Animalia;Aves;Anatidae;Netta;Netta rufina;Pato colorado
-2.729;36.763;Canada de las Norias;Almeria;Andalucia;2010;Jun;Animalia;Aves;Podicipedidae;Podiceps;Podiceps nigricollis;Zampullin cuellinegro
-2.729;36.763;Canada de las Norias;Almeria;Andalucia;2011;Jun;Animalia;Aves;Podicipedidae;Podiceps;Podiceps cristatus;Somormujo lavanco
-2.729;36.763;Canada de las Norias;Almeria;Andalucia;2011;Jun;Animalia;Aves;Podicipedidae;Podiceps;Podiceps nigricollis;Zampullin cuellinegro
-2.729;36.763;Canada de las Norias;Almeria;Andalucia;2011;Nov;Animalia;Aves;Anatidae;Netta;Netta rufina;Pato colorado
-2.729;36.763;Canada de las Norias;Almeria;Andalucia;2011;Apr;Animalia;Aves;Ardeidae;Ixobrychus;Ixobrychus minutus;Avetorillo comun
-2.729;36.763;Canada de las Norias;Almeria;Andalucia;2011;Apr;Animalia;Aves;Ardeidae;Nycticorax;Nycticorax nycticorax;Martinete comun
-2.729;36.763;Canada de las Norias;Almeria;Andalucia;2011;Apr;Animalia;Aves;Podicipedidae;Tachybaptus;Tachybaptus ruficollis;Zampullin comun
-2.729;36.763;Canada de las Norias;Almeria;Andalucia;2012;Jun;Animalia;Aves;Podicipedidae;Podiceps;Podiceps cristatus;Somormujo lavanco
-2.729;36.763;Canada de las Norias;Almeria;Andalucia;2012;Jun;Animalia;Aves;Podicipedidae;Podiceps;Podiceps nigricollis;Zampullin cuellinegro
-2.729;36.763;Canada de las Norias;Almeria;Andalucia;2012;Nov;Animalia;Aves;Anatidae;Netta;Netta rufina;Pato colorado
-2.729;36.763;Canada de las Norias;Almeria;Andalucia;2012;Apr;Animalia;Aves;Ardeidae;Nycticorax;Nycticorax nycticorax;Martinete comun
-2.729;36.763;Canada de las Norias;Almeria;Andalucia;2012;Apr;Animalia;Aves;Podicipedidae;Tachybaptus;Tachybaptus ruficollis;Zampullin comun
-2.729;36.763;Canada de las Norias;Almeria;Andalucia;2013;Jun;Animalia;Aves;Podicipedidae;Podiceps;Podiceps cristatus;Somormujo lavanco
-2.729;36.763;Canada de las Norias;Almeria;Andalucia;2013;Jun;Animalia;Aves;Podicipedidae;Podiceps;Podiceps nigricollis;Zampullin cuellinegro
-2.729;36.763;Canada de las Norias;Almeria;Andalucia;2013;Nov;Animalia;Aves;Anatidae;Netta;Netta rufina;Pato colorado
-2.729;36.763;Canada de las Norias;Almeria;Andalucia;2014;Jun;Animalia;Aves;Podicipedidae;Podiceps;Podiceps cristatus;Somormujo lavanco
-2.729;36.763;Canada de las Norias;Almeria;Andalucia;2014;Jun;Animalia;Aves;Podicipedidae;Podiceps;Podiceps nigricollis;Zampullin cuellinegro
-2.729;36.763;Canada de las Norias;Almeria;Andalucia;2014;Nov;Animalia;Aves;Anatidae;Netta;Netta rufina;Pato colorado
-2.729;36.763;Canada de las Norias;Almeria;Andalucia;2014;Apr;Animalia;Aves;Podicipedidae;Tachybaptus;Tachybaptus ruficollis;Zampullin comun
-2.729;36.763;Canada de las Norias;Almeria;Andalucia;2014;Apr;Animalia;Aves;Ardeidae;Ardea;Egretta alba;Garceta grande
-1.927;37.348;Embalse de Cuevas del Almanzora;Almeria;Andalucia;2006;Jun;Animalia;Aves;Podicipedidae;Podiceps;Podiceps cristatus;Somormujo lavanco
-1.927;37.348;Embalse de Cuevas del Almanzora;Almeria;Andalucia;2006;Apr;Animalia;Aves;Podicipedidae;Tachybaptus;Tachybaptus ruficollis;Zampullin comun
-1.927;37.348;Embalse de Cuevas del Almanzora;Almeria;Andalucia;2007;Jun;Animalia;Aves;Podicipedidae;Podiceps;Podiceps cristatus;Somormujo lavanco
-1.927;37.348;Embalse de Cuevas del Almanzora;Almeria;Andalucia;2007;Apr;Animalia;Aves;Podicipedidae;Tachybaptus;Tachybaptus ruficollis;Zampullin comun
-1.927;37.348;Embalse de Cuevas del Almanzora;Almeria;Andalucia;2008;Jun;Animalia;Aves;Podicipedidae;Podiceps;Podiceps cristatus;Somormujo lavanco
-1.927;37.348;Embalse de Cuevas del Almanzora;Almeria;Andalucia;2009;Jun;Animalia;Aves;Podicipedidae;Podiceps;Podiceps cristatus;Somormujo lavanco
-1.927;37.348;Embalse de Cuevas del Almanzora;Almeria;Andalucia;2009;Apr;Animalia;Aves;Podicipedidae;Tachybaptus;Tachybaptus ruficollis;Zampullin comun
-1.927;37.348;Embalse de Cuevas del Almanzora;Almeria;Andalucia;2011;Jun;Animalia;Aves;Podicipedidae;Podiceps;Podiceps cristatus;Somormujo lavanco
-1.927;37.348;Embalse de Cuevas del Almanzora;Almeria;Andalucia;2014;Jun;Animalia;Aves;Podicipedidae;Podiceps;Podiceps cristatus;Somormujo lavanco
-1.927;37.348;Embalse de Cuevas del Almanzora;Almeria;Andalucia;2014;Apr;Animalia;Aves;Podicipedidae;Tachybaptus;Tachybaptus ruficollis;Zampullin comun
-5.862;43.308; Soto de Rey;Asturias;Asturias;2019;Apr;Animalia;Aves;Podicipedidae;Tachybaptus;Tachybaptus ruficollis;Little Grebe
-6.115;43.051;Asturias;Asturias;Asturias;2010;Jul;Animalia;Amphibia;Bufonidae;Bufo;Bufo spinosus;Spiny Toad
-5.382;43.325;Asturias;Asturias;Asturias;2010;Nov;Animalia;Amphibia;Salamandridae;Triturus;Triturus marmoratus;Marbled Newt
-6.077;43.139;Asturias;Asturias;Asturias;2012;Jul;Animalia;Amphibia;Salamandridae;Triturus;Triturus marmoratus;Marbled Newt
-5.382;43.185;Asturias;Asturias;Asturias;2012;May;Animalia;Amphibia;Salamandridae;Chioglossa;Chioglossa lusitanica;Gold-striped Salamander
-5.382;43.325;Asturias;Asturias;Asturias;2013;May;Animalia;Amphibia;Salamandridae;Chioglossa;Chioglossa lusitanica;Gold-striped Salamander
-5.26;43.32;Asturias;Asturias;Asturias;2013;May;Animalia;Amphibia;Salamandridae;Chioglossa;Chioglossa lusitanica;Gold-striped Salamander
-4.95;43.33;Asturias;Asturias;Asturias;2013;May;Animalia;Amphibia;Salamandridae;Chioglossa;Chioglossa lusitanica;Gold-striped Salamander
-5.095;43.302;Asturias;Asturias;Asturias;2014;May;Animalia;Amphibia;Salamandridae;Lissotriton;Lissotriton boscai;Bosca's Newt
-4.948;43.334;Asturias;Asturias;Asturias;2014;Jun;Animalia;Amphibia;Bufonidae;Bufo;Bufo spinosus;Spiny Toad
-5.383;43.323;Asturias;Asturias;Asturias;2015;Aug;Animalia;Amphibia;Salamandridae;Chioglossa;Chioglossa lusitanica;Gold-striped Salamander
-5.26;43.32;Asturias;Asturias;Asturias;2015;May;Animalia;Amphibia;Salamandridae;Chioglossa;Chioglossa lusitanica;Gold-striped Salamander
-1.96;42.273;Balsa de La Degollada;Asturias;Asturias;2016;Jul;Animalia;Amphibia;Pelobatidae;Pelobates;Pelobates cultripes;Western Spadefoot
-0.545;38.254;Balsares-Carabassi-Clot de Galvany ;Asturias;Asturias;2003;Jun;Animalia;Aves;Anatidae;Tadorna;Tadorna tadorna;Tarro blanco
-0.545;38.254;Balsares-Carabassi-Clot de Galvany ;Asturias;Asturias;2003;Jun;Animalia;Aves;Podicipedidae;Podiceps;Podiceps nigricollis;Zampullin cuellinegro
-0.545;38.254;Balsares-Carabassi-Clot de Galvany ;Asturias;Asturias;2003;Nov;Animalia;Aves;Anatidae;Netta;Netta rufina;Pato colorado
-0.545;38.254;Balsares-Carabassi-Clot de Galvany ;Asturias;Asturias;2003;Apr;Animalia;Aves;Podicipedidae;Tachybaptus;Tachybaptus ruficollis;Zampullin comun
-0.058;38.873;Marjal de Pego-Oliva ;Asturias;Asturias;2003;Nov;Animalia;Aves;Anatidae;Netta;Netta rufina;Pato colorado
-0.058;38.873;Marjal de Pego-Oliva ;Asturias;Asturias;2003;Jun;Animalia;Aves;Anatidae;Tadorna;Tadorna tadorna;Tarro blanco
-0.058;38.873;Marjal de Pego-Oliva ;Asturias;Asturias;2003;Apr;Animalia;Aves;Ardeidae;Ardea;Egretta alba;Garceta grande
-0.058;38.873;Marjal de Pego-Oliva ;Asturias;Asturias;2003;Apr;Animalia;Aves;Podicipedidae;Tachybaptus;Tachybaptus ruficollis;Zampullin comun
-8.336;43.352;Oleiros;Asturias;Asturias;2017;Apr;Animalia;Amphibia;Bufonidae;Bufo;Bufo spinosus;Spiny Toad
-5.2;43.43;Parres;Asturias;Asturias;2019;Jul;Animalia;Amphibia;Salamandridae;Chioglossa;Chioglossa lusitanica;Gold-striped Salamander
-5.037;43.285;Picos de Europa P.N.;Asturias;Asturias;2014;May;Animalia;Amphibia;Salamandridae;Lissotriton;Lissotriton boscai;Bosca's Newt
-5.002;43.283;Picos de Europa P.N.;Asturias;Asturias;2014;May;Animalia;Amphibia;Salamandridae;Lissotriton;Lissotriton boscai;Bosca's Newt
-0.527;38.29;Saladar de Agua Amarga ;Asturias;Asturias;2003;Apr;Animalia;Aves;Podicipedidae;Tachybaptus;Tachybaptus ruficollis;Zampullin comun
-0.637;38.172;Salinas de Santa Pola ;Asturias;Asturias;2003;Jun;Animalia;Aves;Podicipedidae;Podiceps;Podiceps cristatus;Somormujo lavanco
-0.637;38.172;Salinas de Santa Pola ;Asturias;Asturias;2003;Jun;Animalia;Aves;Podicipedidae;Podiceps;Podiceps nigricollis;Zampullin cuellinegro
-0.637;38.172;Salinas de Santa Pola ;Asturias;Asturias;2003;Jun;Animalia;Aves;Anatidae;Tadorna;Tadorna tadorna;Tarro blanco
-0.637;38.172;Salinas de Santa Pola ;Asturias;Asturias;2003;Apr;Animalia;Aves;Ardeidae;Ixobrychus;Ixobrychus minutus;Avetorillo comun
-0.637;38.172;Salinas de Santa Pola ;Asturias;Asturias;2003;Apr;Animalia;Aves;Podicipedidae;Tachybaptus;Tachybaptus ruficollis;Zampullin comun
-5.639;43.337;Siero;Asturias;Asturias;2020;Apr;Animalia;Amphibia;Salamandridae;Triturus;Triturus marmoratus;Marbled Newt
-5.68;43.547;Bahia de Gijon (O);Asturias;Asturias;2010;Jun;Animalia;Aves;Podicipedidae;Podiceps;Podiceps nigricollis;Zampullin cuellinegro
-5.68;43.547;Bahia de Gijon (O);Asturias;Asturias;2012;Jun;Animalia;Aves;Anatidae;Tadorna;Tadorna tadorna;Tarro blanco
-5.68;43.547;Bahia de Gijon (O);Asturias;Asturias;2012;Nov;Animalia;Aves;Anatidae;Netta;Netta rufina;Pato colorado
-6.282;43.571;Cudillero;Asturias;Asturias;2017;Apr;Animalia;Mammalia;Canidae;Vulpes;Vulpes vulpes;Red Fox
-6.279;43.571;Cudillero;Asturias;Asturias;2020;Apr;Animalia;Mammalia;Mustelidae;Martes;Martes martes;Pine Marten
-6.279;43.571;Cudillero;Asturias;Asturias;2020;Apr;Animalia;Mammalia;Canidae;Vulpes;Vulpes vulpes;Red Fox
-5.853;43.563;Embalse de la Granda (O);Asturias;Asturias;2005;Jun;Animalia;Aves;Podicipedidae;Podiceps;Podiceps cristatus;Somormujo lavanco
-5.853;43.563;Embalse de la Granda (O);Asturias;Asturias;2006;Jun;Animalia;Aves;Podicipedidae;Podiceps;Podiceps cristatus;Somormujo lavanco
-5.853;43.563;Embalse de la Granda (O);Asturias;Asturias;2006;Apr;Animalia;Aves;Podicipedidae;Tachybaptus;Tachybaptus ruficollis;Zampullin comun
-5.853;43.563;Embalse de la Granda (O);Asturias;Asturias;2007;Jun;Animalia;Aves;Podicipedidae;Podiceps;Podiceps cristatus;Somormujo lavanco
-5.853;43.563;Embalse de la Granda (O);Asturias;Asturias;2009;Jun;Animalia;Aves;Podicipedidae;Podiceps;Podiceps cristatus;Somormujo lavanco
-5.853;43.563;Embalse de la Granda (O);Asturias;Asturias;2010;Jun;Animalia;Aves;Podicipedidae;Podiceps;Podiceps cristatus;Somormujo lavanco
-5.853;43.563;Embalse de la Granda (O);Asturias;Asturias;2011;Jun;Animalia;Aves;Podicipedidae;Podiceps;Podiceps cristatus;Somormujo lavanco
-5.853;43.563;Embalse de la Granda (O);Asturias;Asturias;2011;Apr;Animalia;Aves;Podicipedidae;Tachybaptus;Tachybaptus ruficollis;Zampullin comun
-5.925;43.591;Ria de Aviles (O);Asturias;Asturias;2010;Jun;Animalia;Aves;Podicipedidae;Podiceps;Podiceps cristatus;Somormujo lavanco
-4.316;43.378;Ria de la Rabia;Asturias;Asturias;2001;Jun;Animalia;Aves;Tytonidae;Tyto;Tyto alba;Barn Owl
-4.316;43.378;Ria de la Rabia;Asturias;Asturias;2001;Nov;Animalia;Aves;Anatidae;Anas;Mareca penelope;Eurasian Wigeon
-4.316;43.378;Ria de la Rabia;Asturias;Asturias;2001;Apr;Animalia;Aves;Threskiornithidae;Platalea;Platalea leucorodia;Eurasian Spoonbill
-4.316;43.378;Ria de la Rabia;Asturias;Asturias;2001;Nov;Animalia;Aves;Anatidae;Netta;Netta rufina;Red-crested Pochard
-5.1;40.214;Arenas de San Pedro;Avila;Castilla-La Mancha;2018;Apr;Animalia;Aves;Podicipedidae;Tachybaptus;Tachybaptus ruficollis;Little Grebe
-5.45;40.6;Arevalillo;Avila;Castilla-La Mancha;2017;Feb;Animalia;Mammalia;Canidae;Vulpes;Vulpes vulpes;Red Fox
-5.01;40.282;Avila;Avila;Castilla-La Mancha;2000;Apr;Animalia;Mammalia;Bovidae;Capra;Capra pyrenaica;Western Spanish Ibex
-5.292;40.223;Candeleda;Avila;Castilla-La Mancha;2006;Jul;Animalia;Mammalia;Bovidae;Capra;Capra pyrenaica;Iberian Ibex
-5.256;40.235;Candeleda;Avila;Castilla-La Mancha;2006;Apr;Animalia;Mammalia;Bovidae;Capra;Capra pyrenaica;Iberian Ibex
-4.557;40.878;Charcas del Aguila ;Avila;Castilla-La Mancha;2004;Apr;Animalia;Aves;Podicipedidae;Tachybaptus;Tachybaptus ruficollis;Zampullin comun
-4.589;40.426;Embalse de Burguillo ;Avila;Castilla-La Mancha;2000;Jun;Animalia;Aves;Podicipedidae;Podiceps;Podiceps cristatus;Somormujo lavanco
-4.589;40.426;Embalse de Burguillo ;Avila;Castilla-La Mancha;2001;Jun;Animalia;Aves;Podicipedidae;Podiceps;Podiceps cristatus;Somormujo lavanco
-4.589;40.426;Embalse de Burguillo ;Avila;Castilla-La Mancha;2002;Jun;Animalia;Aves;Podicipedidae;Podiceps;Podiceps cristatus;Somormujo lavanco
-4.589;40.426;Embalse de Burguillo ;Avila;Castilla-La Mancha;2002;Apr;Animalia;Aves;Podicipedidae;Tachybaptus;Tachybaptus ruficollis;Zampullin comun
-4.589;40.426;Embalse de Burguillo ;Avila;Castilla-La Mancha;2003;Jun;Animalia;Aves;Podicipedidae;Podiceps;Podiceps cristatus;Somormujo lavanco
-4.589;40.426;Embalse de Burguillo ;Avila;Castilla-La Mancha;2004;Jun;Animalia;Aves;Podicipedidae;Podiceps;Podiceps cristatus;Somormujo lavanco
-4.689;40.701;Embalse de las Cogotas;Avila;Castilla-La Mancha;2000;Nov;Animalia;Aves;Anatidae;Anas;Mareca penelope;Eurasian Wigeon
-4.692;40.694;Embalse de Las Cogotas ;Avila;Castilla-La Mancha;2000;Jun;Animalia;Aves;Podicipedidae;Podiceps;Podiceps cristatus;Somormujo lavanco
-4.692;40.694;Embalse de Las Cogotas ;Avila;Castilla-La Mancha;2001;Jun;Animalia;Aves;Podicipedidae;Podiceps;Podiceps cristatus;Somormujo lavanco
-4.692;40.694;Embalse de Las Cogotas ;Avila;Castilla-La Mancha;2001;Apr;Animalia;Aves;Podicipedidae;Tachybaptus;Tachybaptus ruficollis;Zampullin comun
-4.692;40.694;Embalse de Las Cogotas ;Avila;Castilla-La Mancha;2002;Jun;Animalia;Aves;Podicipedidae;Podiceps;Podiceps cristatus;Somormujo lavanco
-5.307;40.105;Embalse de Rosarito (AV-TO);Avila;Castilla-La Mancha;2001;Jun;Animalia;Aves;Podicipedidae;Podiceps;Podiceps cristatus;Somormujo lavanco
-5.307;40.105;Embalse de Rosarito (AV-TO);Avila;Castilla-La Mancha;2002;Jun;Animalia;Aves;Podicipedidae;Podiceps;Podiceps cristatus;Somormujo lavanco
-5.307;40.105;Embalse de Rosarito (AV-TO);Avila;Castilla-La Mancha;2003;Jun;Animalia;Aves;Podicipedidae;Podiceps;Podiceps cristatus;Somormujo lavanco
-5.307;40.105;Embalse de Rosarito (AV-TO);Avila;Castilla-La Mancha;2003;Apr;Animalia;Aves;Podicipedidae;Tachybaptus;Tachybaptus ruficollis;Zampullin comun
-5.307;40.105;Embalse de Rosarito (AV-TO);Avila;Castilla-La Mancha;2004;Jun;Animalia;Aves;Podicipedidae;Podiceps;Podiceps cristatus;Somormujo lavanco
-5.305;40.101;Embalse de Rosarito (TO-AV);Avila;Castilla-La Mancha;2000;Jun;Animalia;Aves;Podicipedidae;Podiceps;Podiceps cristatus;Somormujo lavanco
-4.465;40.685;Embalse del Voltoya ;Avila;Castilla-La Mancha;2001;Jun;Animalia;Aves;Podicipedidae;Podiceps;Podiceps cristatus;Somormujo lavanco
-4.465;40.685;Embalse del Voltoya ;Avila;Castilla-La Mancha;2004;Jun;Animalia;Aves;Podicipedidae;Podiceps;Podiceps cristatus;Somormujo lavanco
-5.17;40.25;Guisando;Avila;Castilla-La Mancha;2005;Apr;Animalia;Mammalia;Bovidae;Capra;Capra pyrenaica;Western Spanish Ibex
-5.123;41.035;Laguna de los Lavajares ;Avila;Castilla-La Mancha;2000;Jun;Animalia;Aves;Podicipedidae;Podiceps;Podiceps cristatus;Somormujo lavanco
-4.606;40.95;Laguna de San Anton ;Avila;Castilla-La Mancha;2001;Apr;Animalia;Aves;Podicipedidae;Tachybaptus;Tachybaptus ruficollis;Zampullin comun
-5.263;40.27;Navalperal de Tormes;Avila;Castilla-La Mancha;2018;Aug;Animalia;Amphibia;Bufonidae;Bufo;Bufo spinosus;Spiny Toad
-5.246;40.27;Navalperal de Tormes;Avila;Castilla-La Mancha;2019;Apr;Animalia;Amphibia;Bufonidae;Bufo;Bufo spinosus;Spiny Toad
-5.232;40.276;San Juan de Gredos;Avila;Castilla-La Mancha;2011;May;Animalia;Mammalia;Bovidae;Capra;Capra pyrenaica;Iberian Ibex
-5.237;40.271;San Juan de Gredos;Avila;Castilla-La Mancha;2020;Feb;Animalia;Mammalia;Bovidae;Capra;Capra pyrenaica;Western Spanish Ibex
-5.195;40.29;Sierra de Gredos;Avila;Castilla-La Mancha;2000;Apr;Animalia;Mammalia;Bovidae;Capra;Capra pyrenaica;Western Spanish Ibex
-5.276;40.255;Sierra de Gredos;Avila;Castilla-La Mancha;2015;Aug;Animalia;Amphibia;Bufonidae;Bufo;Bufo spinosus;Spiny Toad
-5.13;40.203;Sierra de Gredos;Avila;Castilla-La Mancha;2015;Mar;Animalia;Amphibia;Hylidae;Hyla;Hyla meridionalis;Mediterranean Tree Frog
-5.639;40.32;Solana de Avila;Avila;Castilla-La Mancha;2006;Jul;Animalia;Amphibia;Salamandridae;Salamandra;Salamandra salamandra;Fire Salamander
-4.55;40.65;Avila;Avila;Castilla-La Mancha;2018;Apr;Animalia;Mammalia;Canidae;Vulpes;Vulpes vulpes;Red Fox
-4.5;40.65;Avila;Avila;Castilla-La Mancha;2018;Feb;Animalia;Mammalia;Canidae;Vulpes;Vulpes vulpes;Red Fox
-4.5;40.65;Avila;Avila;Castilla-La Mancha;2019;Feb;Animalia;Mammalia;Canidae;Vulpes;Vulpes vulpes;Red Fox
-4.707;40.665;Avila--Rio Adaja (tramo urbano);Avila;Castilla-La Mancha;2018;Apr;Animalia;Aves;Podicipedidae;Tachybaptus;Tachybaptus ruficollis;Little Grebe
-5.922;43.563;Aviles;Avila;Castilla-La Mancha;2018;Jun;Animalia;Aves;Podicipedidae;Podiceps;Podiceps cristatus;Great Crested Grebe
-7.4;37.15;Ayamonte;Avila;Castilla-La Mancha;2017;Apr;Animalia;Mammalia;Canidae;Vulpes;Vulpes vulpes;Red Fox
-5.267;40.144;Candeleda;Avila;Castilla-La Mancha;2019;Apr;Animalia;Amphibia;Bufonidae;Bufo;Bufo spinosus;Spiny Toad
-5.207;40.106;Candeleda, Castilla y Leon;Avila;Castilla-La Mancha;2018;Apr;Animalia;Aves;Podicipedidae;Tachybaptus;Tachybaptus ruficollis;Little Grebe
-4.589;40.426;Embalse de Burguillo ;Avila;Castilla-La Mancha;2005;Jun;Animalia;Aves;Podicipedidae;Podiceps;Podiceps cristatus;Somormujo lavanco
-4.589;40.426;Embalse de Burguillo ;Avila;Castilla-La Mancha;2005;Apr;Animalia;Aves;Podicipedidae;Tachybaptus;Tachybaptus ruficollis;Zampullin comun
-4.589;40.426;Embalse de Burguillo ;Avila;Castilla-La Mancha;2006;Jun;Animalia;Aves;Podicipedidae;Podiceps;Podiceps cristatus;Somormujo lavanco
-4.589;40.426;Embalse de Burguillo ;Avila;Castilla-La Mancha;2009;Jun;Animalia;Aves;Podicipedidae;Podiceps;Podiceps cristatus;Somormujo lavanco
-4.589;40.426;Embalse de Burguillo ;Avila;Castilla-La Mancha;2009;Apr;Animalia;Aves;Podicipedidae;Tachybaptus;Tachybaptus ruficollis;Zampullin comun
-4.589;40.426;Embalse de Burguillo ;Avila;Castilla-La Mancha;2010;Apr;Animalia;Aves;Podicipedidae;Tachybaptus;Tachybaptus ruficollis;Zampullin comun
-4.589;40.426;Embalse de Burguillo ;Avila;Castilla-La Mancha;2011;Jun;Animalia;Aves;Podicipedidae;Podiceps;Podiceps cristatus;Somormujo lavanco
-4.589;40.426;Embalse de Burguillo ;Avila;Castilla-La Mancha;2013;Jun;Animalia;Aves;Podicipedidae;Podiceps;Podiceps cristatus;Somormujo lavanco
-4.589;40.426;Embalse de Burguillo ;Avila;Castilla-La Mancha;2013;Apr;Animalia;Aves;Podicipedidae;Tachybaptus;Tachybaptus ruficollis;Zampullin comun
-4.589;40.426;Embalse de Burguillo ;Avila;Castilla-La Mancha;2014;Jun;Animalia;Aves;Podicipedidae;Podiceps;Podiceps cristatus;Somormujo lavanco
-4.589;40.426;Embalse de Burguillo ;Avila;Castilla-La Mancha;2014;Apr;Animalia;Aves;Podicipedidae;Tachybaptus;Tachybaptus ruficollis;Zampullin comun
-5.254;38.772; Badajoz;Badajoz;Extremadura;2001;Apr;Animalia;Reptilia;Lacertidae;Timon;Timon lepidus;Ocellated Lizard
-5.556;39.118; de Vegas Altas ;Badajoz;Extremadura;2003;Apr;Animalia;Aves;Ardeidae;Ardea;Egretta alba;Garceta grande
-5.556;39.118; de Vegas Altas ;Badajoz;Extremadura;2003;Apr;Animalia;Aves;Podicipedidae;Tachybaptus;Tachybaptus ruficollis;Zampullin comun
-5.556;39.118; de Vegas Altas ;Badajoz;Extremadura;2007;Jun;Animalia;Aves;Anatidae;Tadorna;Tadorna tadorna;Tarro blanco
-5.556;39.118; de Vegas Altas ;Badajoz;Extremadura;2013;Apr;Animalia;Aves;Threskiornithidae;Plegadis;Plegadis falcinellus;Morito comun
-5.556;39.118; de Vegas Altas ;Badajoz;Extremadura;2013;Jun;Animalia;Aves;Anatidae;Tadorna;Tadorna tadorna;Tarro blanco
-5.556;39.118; de Vegas Altas ;Badajoz;Extremadura;2013;Apr;Animalia;Aves;Threskiornithidae;Platalea;Platalea leucorodia;Espatula comun
-5.556;39.118; de Vegas Altas ;Badajoz;Extremadura;2013;Apr;Animalia;Aves;Ardeidae;Ardea;Egretta alba;Garceta grande
-5.556;39.118; de Vegas Altas ;Badajoz;Extremadura;2013;Apr;Animalia;Aves;Ardeidae;Ardeola;Ardeola ralloides;Garcilla cangrejera
-6.209;38.741;Alange;Badajoz;Extremadura;2019;Mar;Animalia;Mammalia;Herpestidae;Herpestes;Herpestes ichneumon;Egyptian Mongoose
-6.28;38.79;Alange;Badajoz;Extremadura;2020;Apr;Animalia;Mammalia;Herpestidae;Herpestes;Herpestes ichneumon;Egyptian Mongoose
-6.043;38.986;Arrozales al Oeste de Yelbes;Badajoz;Extremadura;2014;Jul;Animalia;Aves;Upupidae;Upupa;Upupa epops;Eurasian Hoopoe
-6.043;38.986;Arrozales al Oeste de Yelbes;Badajoz;Extremadura;2014;Apr;Animalia;Aves;Fringillidae;Fringilla;Fringilla coelebs;Common Chaffinch
-5.922;39.049;Arrozales de Hernan Cortes;Badajoz;Extremadura;2013;Jul;Animalia;Aves;Upupidae;Upupa;Upupa epops;Eurasian Hoopoe
-5.922;39.049;Arrozales de Hernan Cortes;Badajoz;Extremadura;2013;Apr;Animalia;Aves;Ardeidae;Ardea;Ardea alba;Great Egret
-5.922;39.049;Arrozales de Hernan Cortes;Badajoz;Extremadura;2014;Jul;Animalia;Aves;Upupidae;Upupa;Upupa epops;Eurasian Hoopoe
-5.922;39.049;Arrozales de Hernan Cortes;Badajoz;Extremadura;2014;Apr;Animalia;Aves;Fringillidae;Fringilla;Fringilla coelebs;Common Chaffinch
-5.922;39.049;Arrozales de Hernan Cortes;Badajoz;Extremadura;2014;Apr;Animalia;Aves;Ardeidae;Ardea;Ardea alba;Great Egret
-5.922;39.049;Arrozales de Hernan Cortes;Badajoz;Extremadura;2015;Jul;Animalia;Aves;Upupidae;Upupa;Upupa epops;Eurasian Hoopoe
-5.745;39.132;Arrozales de Palazuelo;Badajoz;Extremadura;2014;Apr;Animalia;Aves;Fringillidae;Fringilla;Fringilla coelebs;Common Chaffinch
-5.745;39.132;Arrozales de Palazuelo;Badajoz;Extremadura;2014;Jul;Animalia;Aves;Upupidae;Upupa;Upupa epops;Eurasian Hoopoe
-5.973;39.012;Arrozales de Santa Amalia;Badajoz;Extremadura;2014;Jul;Animalia;Aves;Upupidae;Upupa;Upupa epops;Eurasian Hoopoe
-5.933;39.069;Arrozales de Vivares;Badajoz;Extremadura;2013;Jul;Animalia;Aves;Upupidae;Upupa;Upupa epops;Eurasian Hoopoe
-5.933;39.069;Arrozales de Vivares;Badajoz;Extremadura;2013;Apr;Animalia;Aves;Ardeidae;Ardea;Ardea alba;Great Egret
-5.933;39.069;Arrozales de Vivares;Badajoz;Extremadura;2014;Jun;Animalia;Aves;Tytonidae;Tyto;Tyto alba;Barn Owl
-5.823;39.49;Badajoz;Badajoz;Extremadura;2001;Apr;Animalia;Amphibia;Pelobatidae;Pelobates;Pelobates cultripes;Western Spadefoot
-6.924;39.265;Badajoz;Badajoz;Extremadura;2011;Apr;Animalia;Mammalia;Herpestidae;Herpestes;Herpestes ichneumon;Egyptian Mongoose
-6.1;39.95;Badajoz;Badajoz;Extremadura;2011;May;Animalia;Mammalia;Canidae;Vulpes;Vulpes vulpes;Red Fox
-6.05;39.75;Badajoz;Badajoz;Extremadura;2011;May;Animalia;Mammalia;Canidae;Vulpes;Vulpes vulpes;Red Fox
-6.2;39.45;Badajoz;Badajoz;Extremadura;2012;Apr;Animalia;Mammalia;Canidae;Vulpes;Vulpes vulpes;Red Fox
-6.45;38.9;Badajoz;Badajoz;Extremadura;2015;May;Animalia;Mammalia;Canidae;Vulpes;Vulpes vulpes;Red Fox
-6.935;38.834;Badajoz;Badajoz;Extremadura;2019;Feb;Animalia;Mammalia;Herpestidae;Herpestes;Herpestes ichneumon;Egyptian Mongoose
-6.834;38.868;Badajoz;Badajoz;Extremadura;2019;Apr;Animalia;Mammalia;Herpestidae;Herpestes;Herpestes ichneumon;Egyptian Mongoose
-6.87;38.84;Badajoz;Badajoz;Extremadura;2020;Feb;Animalia;Mammalia;Herpestidae;Herpestes;Herpestes ichneumon;Egyptian Mongoose
-6.769;39.12;Badajoz;Badajoz;Extremadura;2020;Feb;Animalia;Mammalia;Mustelidae;Meles;Meles meles;Eurasian Badger
-6.141;39.211;Badajoz;Badajoz;Extremadura;2005;May;Animalia;Amphibia;Salamandridae;Lissotriton;Lissotriton boscai;Bosca's Newt
-6.013;39.769;Badajoz;Badajoz;Extremadura;2008;Feb;Animalia;Amphibia;Hylidae;Hyla;Hyla meridionalis;Mediterranean Tree Frog
-6.051;39.759;Badajoz;Badajoz;Extremadura;2010;Apr;Animalia;Amphibia;Hylidae;Hyla;Hyla meridionalis;Mediterranean Tree Frog
-5.964;39.549;Badajoz;Badajoz;Extremadura;2010;Jun;Animalia;Amphibia;Salamandridae;Pleurodeles;Pleurodeles waltl;Spanish Ribbed Newt
-6.262;39.524;Badajoz;Badajoz;Extremadura;2011;Apr;Animalia;Amphibia;Bufonidae;Bufo;Bufo spinosus;Spiny Toad
-6.11;39.932;Badajoz;Badajoz;Extremadura;2011;Apr;Animalia;Amphibia;Hylidae;Hyla;Hyla meridionalis;Mediterranean Tree Frog
-6.023;39.774;Badajoz;Badajoz;Extremadura;2011;May;Animalia;Amphibia;Hylidae;Hyla;Hyla meridionalis;Mediterranean Tree Frog
-6.076;39.926;Badajoz;Badajoz;Extremadura;2012;Jul;Animalia;Amphibia;Salamandridae;Lissotriton;Lissotriton boscai;Bosca's Newt
-6.067;39.917;Badajoz;Badajoz;Extremadura;2012;Jul;Animalia;Amphibia;Bufonidae;Bufo;Bufo spinosus;Spiny Toad
-6.011;39.773;Badajoz;Badajoz;Extremadura;2012;May;Animalia;Amphibia;Pelobatidae;Pelobates;Pelobates cultripes;Western Spadefoot
-6.005;39.771;Badajoz;Badajoz;Extremadura;2012;May;Animalia;Amphibia;Salamandridae;Pleurodeles;Pleurodeles waltl;Spanish Ribbed Newt
-5.907;39.508;Badajoz;Badajoz;Extremadura;2012;May;Animalia;Amphibia;Pelobatidae;Pelobates;Pelobates cultripes;Western Spadefoot
-5.907;39.508;Badajoz;Badajoz;Extremadura;2012;May;Animalia;Amphibia;Salamandridae;Pleurodeles;Pleurodeles waltl;Spanish Ribbed Newt
-6.882;38.835;Badajoz;Badajoz;Extremadura;2018;Feb;Animalia;Amphibia;Salamandridae;Pleurodeles;Pleurodeles waltl;Spanish Ribbed Newt
-6.887;38.838;Badajoz;Badajoz;Extremadura;2019;Apr;Animalia;Amphibia;Bufonidae;Bufo;Bufo spinosus;Spiny Toad
-6.882;38.835;Badajoz;Badajoz;Extremadura;2020;Apr;Animalia;Amphibia;Salamandridae;Pleurodeles;Pleurodeles waltl;Spanish Ribbed Newt
-5.386;38.754;Castuera;Badajoz;Extremadura;2017;Apr;Animalia;Amphibia;Pelobatidae;Pelobates;Pelobates cultripes;Western Spadefoot
-6.497;38.982;Embalse de Los Canchales--Cola del Lacara;Badajoz;Extremadura;2000;Apr;Animalia;Aves;Threskiornithidae;Platalea;Platalea leucorodia;Eurasian Spoonbill
-6.497;38.982;Embalse de Los Canchales--Cola del Lacara;Badajoz;Extremadura;2000;Nov;Animalia;Aves;Anatidae;Anas;Mareca penelope;Eurasian Wigeon
-6.55;39.05;La Nava de Santiago;Badajoz;Extremadura;2020;Feb;Animalia;Mammalia;Mustelidae;Meles;Meles meles;Eurasian Badger
-6.5;39.06;La Nava de Santiago;Badajoz;Extremadura;2020;Apr;Animalia;Mammalia;Herpestidae;Herpestes;Herpestes ichneumon;Egyptian Mongoose
-6.5;39.05;La Nava de Santiago;Badajoz;Extremadura;2020;Feb;Animalia;Mammalia;Canidae;Vulpes;Vulpes vulpes;Red Fox
-6.65;39.05;La Roca de la Sierra;Badajoz;Extremadura;2019;Mar;Animalia;Mammalia;Canidae;Vulpes;Vulpes vulpes;Red Fox
-6.5;38.95;Merida;Badajoz;Extremadura;2018;Apr;Animalia;Mammalia;Canidae;Vulpes;Vulpes vulpes;Red Fox
-6.42;39.055;Merida;Badajoz;Extremadura;2020;Feb;Animalia;Mammalia;Herpestidae;Herpestes;Herpestes ichneumon;Egyptian Mongoose
-6.396;38.935;Merida;Badajoz;Extremadura;2020;Feb;Animalia;Mammalia;Herpestidae;Herpestes;Herpestes ichneumon;Egyptian Mongoose
-6.35;38.95;Merida;Badajoz;Extremadura;2020;Apr;Animalia;Mammalia;Mustelidae;Meles;Meles meles;Eurasian Badger
-6.35;38.85;Merida;Badajoz;Extremadura;2020;Apr;Animalia;Mammalia;Canidae;Vulpes;Vulpes vulpes;Red Fox
-6.35;38.85;Merida;Badajoz;Extremadura;2020;Apr;Animalia;Mammalia;Mustelidae;Meles;Meles meles;Eurasian Badger
-6.286;38.947;Merida;Badajoz;Extremadura;2020;Apr;Animalia;Mammalia;Herpestidae;Herpestes;Herpestes ichneumon;Egyptian Mongoose
-6.42;38.924;Merida;Badajoz;Extremadura;2019;Apr;Animalia;Aves;Podicipedidae;Tachybaptus;Tachybaptus ruficollis;Little Grebe
-6.358;38.92;Merida;Badajoz;Extremadura;2019;Apr;Animalia;Aves;Threskiornithidae;Platalea;Platalea leucorodia;Eurasian Spoonbill
-6.428;38.924;Merida;Badajoz;Extremadura;2019;Apr;Animalia;Aves;Ardeidae;Nycticorax;Nycticorax nycticorax;Black-crowned Night-Heron
-6.355;38.922;Merida--Parque Albarregas/Isla Guadiana;Badajoz;Extremadura;2018;Apr;Animalia;Aves;Ardeidae;Ardeola;Ardeola ralloides;Squacco Heron
-6.355;38.913;Merida--Parque de las 7 Sillas;Badajoz;Extremadura;2015;Apr;Animalia;Aves;Ardeidae;Ixobrychus;Ixobrychus minutus;Little Bittern
-6.368;38.929;Merida--Puente Guadiana A-5;Badajoz;Extremadura;2019;Apr;Animalia;Aves;Ardeidae;Ardea;Ardea alba;Great Egret
-6.351;38.913;Merida--Puente romano;Badajoz;Extremadura;2017;Apr;Animalia;Aves;Ardeidae;Nycticorax;Nycticorax nycticorax;Black-crowned Night-Heron
-6.351;38.913;Merida--Puente romano;Badajoz;Extremadura;2018;Apr;Animalia;Aves;Ardeidae;Nycticorax;Nycticorax nycticorax;Black-crowned Night-Heron
-6.351;38.913;Merida--Puente romano;Badajoz;Extremadura;2019;Apr;Animalia;Aves;Ardeidae;Nycticorax;Nycticorax nycticorax;Black-crowned Night-Heron
-6.351;38.913;Merida--Puente romano;Badajoz;Extremadura;2019;Apr;Animalia;Aves;Ardeidae;Ardea;Ardea alba;Great Egret
-6.247;38.054;Monesterio;Badajoz;Extremadura;2016;May;Animalia;Amphibia;Salamandridae;Pleurodeles;Pleurodeles waltl;Spanish Ribbed Newt
-6.247;38.054;Monesterio;Badajoz;Extremadura;2016;Oct;Animalia;Amphibia;Salamandridae;Pleurodeles;Pleurodeles waltl;Spanish Ribbed Newt
-6.2;37.9;Monesterio;Badajoz;Extremadura;2012;Jul;Animalia;Mammalia;Canidae;Vulpes;Vulpes vulpes;Red Fox
-6.16;37.957;Monesterio;Badajoz;Extremadura;2017;Feb;Animalia;Mammalia;Herpestidae;Herpestes;Herpestes ichneumon;Egyptian Mongoose
-7.117;38.65;Olivenza;Badajoz;Extremadura;2016;Jun;Animalia;Aves;Hirundinidae;Hirundo;Hirundo rustica;Golondrina comun
-7.027;38.85;Rio Guadiana Internacional;Badajoz;Extremadura;2005;May;Animalia;Amphibia;Hylidae;Hyla;Hyla molleri;Iberian Tree Frog
-6.064;38.56;Sierra Grande de Hornachos;Badajoz;Extremadura;2018;Apr;Animalia;Amphibia;Bufonidae;Bufo;Bufo spinosus;Spiny Toad
-4.998;38.939;Siruela;Badajoz;Extremadura;2016;Apr;Animalia;Amphibia;Salamandridae;Lissotriton;Lissotriton boscai;Bosca's Newt
-6.905;38.856;Tres Arroyos;Badajoz;Extremadura;2020;Apr;Animalia;Amphibia;Salamandridae;Pleurodeles;Pleurodeles waltl;Spanish Ribbed Newt
-6.904;38.856;Tres Arroyos;Badajoz;Extremadura;2020;Apr;Animalia;Amphibia;Salamandridae;Pleurodeles;Pleurodeles waltl;Spanish Ribbed Newt
-5.48;38.697; La Serena;Badajoz;Extremadura;2012;Apr;Animalia;Reptilia;Colubridae;Hemorrhois;Hemorrhois hippocrepis;Horseshoe Whip Snake
-5.377;38.854; La Serena;Badajoz;Extremadura;2015;May;Animalia;Reptilia;Lacertidae;Timon;Timon lepidus;Ocellated Lizard
-5.361;38.751; La Serena;Badajoz;Extremadura;2015;Apr;Animalia;Reptilia;Lacertidae;Timon;Timon lepidus;Ocellated Lizard
-5.352;38.752; La Serena;Badajoz;Extremadura;2015;Apr;Animalia;Reptilia;Lacertidae;Timon;Timon lepidus;Ocellated Lizard
-5.344;38.834; La Serena;Badajoz;Extremadura;2015;Apr;Animalia;Reptilia;Lacertidae;Timon;Timon lepidus;Ocellated Lizard
-6.349;38.914; Merida;Badajoz;Extremadura;2014;Apr;Animalia;Reptilia;Colubridae;Hemorrhois;Hemorrhois hippocrepis;Horseshoe Whip Snake
-7.015;38.862;Badajoz--Azud del Guadiana;Badajoz;Extremadura;2018;Apr;Animalia;Aves;Threskiornithidae;Plegadis;Plegadis falcinellus;Glossy Ibis
-7.015;38.862;Badajoz--Azud del Guadiana;Badajoz;Extremadura;2018;Nov;Animalia;Aves;Anatidae;Anas;Mareca penelope;Eurasian Wigeon
-7.015;38.862;Badajoz--Azud del Guadiana;Badajoz;Extremadura;2019;Apr;Animalia;Aves;Podicipedidae;Tachybaptus;Tachybaptus ruficollis;Little Grebe
-7.015;38.862;Badajoz--Azud del Guadiana;Badajoz;Extremadura;2019;Apr;Animalia;Aves;Ardeidae;Nycticorax;Nycticorax nycticorax;Black-crowned Night-Heron
-7.015;38.862;Badajoz--Azud del Guadiana;Badajoz;Extremadura;2019;Apr;Animalia;Aves;Ardeidae;Ardeola;Ardeola ralloides;Squacco Heron
-5.4;38.8;Cabeza del Buey;Badajoz;Extremadura;2019;Apr;Animalia;Mammalia;Canidae;Vulpes;Vulpes vulpes;Red Fox
-5.3;38.8;Cabeza del Buey;Badajoz;Extremadura;2019;Apr;Animalia;Mammalia;Canidae;Vulpes;Vulpes vulpes;Red Fox
-5.3;38.75;Cabeza del Buey;Badajoz;Extremadura;2019;Apr;Animalia;Mammalia;Canidae;Vulpes;Vulpes vulpes;Red Fox
-6.416;39.157;Embalse de Boqueron ;Badajoz;Extremadura;2006;Jun;Animalia;Aves;Podicipedidae;Podiceps;Podiceps cristatus;Somormujo lavanco
-6.416;39.157;Embalse de Boqueron ;Badajoz;Extremadura;2007;Jun;Animalia;Aves;Podicipedidae;Podiceps;Podiceps cristatus;Somormujo lavanco
-6.416;39.157;Embalse de Boqueron ;Badajoz;Extremadura;2011;Jun;Animalia;Aves;Podicipedidae;Podiceps;Podiceps cristatus;Somormujo lavanco
-6.416;39.157;Embalse de Boqueron ;Badajoz;Extremadura;2013;Jun;Animalia;Aves;Podicipedidae;Podiceps;Podiceps cristatus;Somormujo lavanco
-6.694;38.348;Embalse de Brovales ;Badajoz;Extremadura;2005;Jun;Animalia;Aves;Podicipedidae;Podiceps;Podiceps cristatus;Somormujo lavanco
-6.694;38.348;Embalse de Brovales ;Badajoz;Extremadura;2007;Jun;Animalia;Aves;Podicipedidae;Podiceps;Podiceps cristatus;Somormujo lavanco
-6.694;38.348;Embalse de Brovales ;Badajoz;Extremadura;2010;Jun;Animalia;Aves;Podicipedidae;Podiceps;Podiceps cristatus;Somormujo lavanco
-6.694;38.348;Embalse de Brovales ;Badajoz;Extremadura;2010;Apr;Animalia;Aves;Podicipedidae;Tachybaptus;Tachybaptus ruficollis;Zampullin comun
-6.694;38.348;Embalse de Brovales ;Badajoz;Extremadura;2013;Jun;Animalia;Aves;Podicipedidae;Podiceps;Podiceps cristatus;Somormujo lavanco
-6.694;38.348;Embalse de Brovales ;Badajoz;Extremadura;2013;Apr;Animalia;Aves;Ardeidae;Ixobrychus;Ixobrychus minutus;Avetorillo comun
-6.694;38.348;Embalse de Brovales ;Badajoz;Extremadura;2013;Apr;Animalia;Aves;Ardeidae;Ardeola;Ardeola ralloides;Garcilla cangrejera
-6.694;38.348;Embalse de Brovales ;Badajoz;Extremadura;2013;Apr;Animalia;Aves;Ardeidae;Ardea;Egretta alba;Garceta grande
-6.694;38.348;Embalse de Brovales ;Badajoz;Extremadura;2013;Apr;Animalia;Aves;Podicipedidae;Tachybaptus;Tachybaptus ruficollis;Zampullin comun
-5.534;38.988;Embalse de Orellana ;Badajoz;Extremadura;2003;Jun;Animalia;Aves;Podicipedidae;Podiceps;Podiceps cristatus;Somormujo lavanco
-5.534;38.988;Embalse de Orellana ;Badajoz;Extremadura;2003;Jun;Animalia;Aves;Podicipedidae;Podiceps;Podiceps nigricollis;Zampullin cuellinegro
-5.534;38.988;Embalse de Orellana ;Badajoz;Extremadura;2003;Nov;Animalia;Aves;Anatidae;Netta;Netta rufina;Pato colorado
-5.534;38.988;Embalse de Orellana ;Badajoz;Extremadura;2003;Apr;Animalia;Aves;Podicipedidae;Tachybaptus;Tachybaptus ruficollis;Zampullin comun
-5.534;38.988;Embalse de Orellana ;Badajoz;Extremadura;2005;Jun;Animalia;Aves;Podicipedidae;Podiceps;Podiceps cristatus;Somormujo lavanco
-5.534;38.988;Embalse de Orellana ;Badajoz;Extremadura;2005;Jun;Animalia;Aves;Podicipedidae;Podiceps;Podiceps nigricollis;Zampullin cuellinegro
-5.534;38.988;Embalse de Orellana ;Badajoz;Extremadura;2005;Nov;Animalia;Aves;Anatidae;Netta;Netta rufina;Pato colorado
-5.534;38.988;Embalse de Orellana ;Badajoz;Extremadura;2005;Apr;Animalia;Aves;Podicipedidae;Tachybaptus;Tachybaptus ruficollis;Zampullin comun
-5.534;38.988;Embalse de Orellana ;Badajoz;Extremadura;2006;Jun;Animalia;Aves;Podicipedidae;Podiceps;Podiceps cristatus;Somormujo lavanco
-5.534;38.988;Embalse de Orellana ;Badajoz;Extremadura;2006;Nov;Animalia;Aves;Anatidae;Netta;Netta rufina;Pato colorado
-5.534;38.988;Embalse de Orellana ;Badajoz;Extremadura;2006;Jun;Animalia;Aves;Podicipedidae;Podiceps;Podiceps nigricollis;Zampullin cuellinegro
-5.534;38.988;Embalse de Orellana ;Badajoz;Extremadura;2007;Jun;Animalia;Aves;Podicipedidae;Podiceps;Podiceps cristatus;Somormujo lavanco
-5.534;38.988;Embalse de Orellana ;Badajoz;Extremadura;2007;Jun;Animalia;Aves;Podicipedidae;Podiceps;Podiceps nigricollis;Zampullin cuellinegro
-5.534;38.988;Embalse de Orellana ;Badajoz;Extremadura;2009;Jun;Animalia;Aves;Podicipedidae;Podiceps;Podiceps cristatus;Somormujo lavanco
-5.534;38.988;Embalse de Orellana ;Badajoz;Extremadura;2009;Jun;Animalia;Aves;Podicipedidae;Podiceps;Podiceps nigricollis;Zampullin cuellinegro
-5.534;38.988;Embalse de Orellana ;Badajoz;Extremadura;2009;Nov;Animalia;Aves;Anatidae;Netta;Netta rufina;Pato colorado
-5.534;38.988;Embalse de Orellana ;Badajoz;Extremadura;2010;Jun;Animalia;Aves;Podicipedidae;Podiceps;Podiceps cristatus;Somormujo lavanco
-5.534;38.988;Embalse de Orellana ;Badajoz;Extremadura;2010;Nov;Animalia;Aves;Anatidae;Netta;Netta rufina;Pato colorado
-5.534;38.988;Embalse de Orellana ;Badajoz;Extremadura;2010;Apr;Animalia;Aves;Podicipedidae;Tachybaptus;Tachybaptus ruficollis;Zampullin comun
-5.534;38.988;Embalse de Orellana ;Badajoz;Extremadura;2011;Jun;Animalia;Aves;Podicipedidae;Podiceps;Podiceps cristatus;Somormujo lavanco
-5.534;38.988;Embalse de Orellana ;Badajoz;Extremadura;2011;Jun;Animalia;Aves;Podicipedidae;Podiceps;Podiceps nigricollis;Zampullin cuellinegro
-5.534;38.988;Embalse de Orellana ;Badajoz;Extremadura;2011;Apr;Animalia;Aves;Podicipedidae;Tachybaptus;Tachybaptus ruficollis;Zampullin comun
-5.534;38.988;Embalse de Orellana ;Badajoz;Extremadura;2013;Jun;Animalia;Aves;Podicipedidae;Podiceps;Podiceps cristatus;Somormujo lavanco
-5.534;38.988;Embalse de Orellana ;Badajoz;Extremadura;2013;Nov;Animalia;Aves;Anatidae;Netta;Netta rufina;Pato colorado
-5.534;38.988;Embalse de Orellana ;Badajoz;Extremadura;2013;Jun;Animalia;Aves;Podicipedidae;Podiceps;Podiceps nigricollis;Zampullin cuellinegro
-5.534;38.988;Embalse de Orellana ;Badajoz;Extremadura;2013;Apr;Animalia;Aves;Ardeidae;Ardea;Egretta alba;Garceta grande
-5.489;39.015;Embalse de Orellana--Cola Hoyo de Pela;Badajoz;Extremadura;2015;Jun;Animalia;Aves;Podicipedidae;Podiceps;Podiceps nigricollis;Eared Grebe
-5.489;39.015;Embalse de Orellana--Cola Hoyo de Pela;Badajoz;Extremadura;2018;Jun;Animalia;Aves;Podicipedidae;Podiceps;Podiceps nigricollis;Eared Grebe
1.83;41.792;Aiguamolls de la Bòbila;Barcelona;Cataluna;2001;Apr;Animalia;Aves;Podicipedidae;Tachybaptus;Tachybaptus ruficollis;Zampullin comun
-6.574;38.533;Albuera de Feria;Barcelona;Cataluna;2006;Jun;Animalia;Aves;Podicipedidae;Podiceps;Podiceps cristatus;Somormujo lavanco
-0.459;38.433;Albuera de Zafra;Barcelona;Cataluna;2006;Jun;Animalia;Aves;Podicipedidae;Podiceps;Podiceps cristatus;Somormujo lavanco
1.87;42.208;Alt Bergueda;Barcelona;Cataluna;2002;Apr;Animalia;Aves;Podicipedidae;Tachybaptus;Tachybaptus ruficollis;Zampullin comun
2.383;41.55;Argentona;Barcelona;Cataluna;2001;Apr;Animalia;Aves;Fringillidae;Fringilla;Fringilla coelebs;Pinzon vulgar
1.884;42.015;Baix BerguedA ;Barcelona;Cataluna;2001;Apr;Animalia;Aves;Podicipedidae;Tachybaptus;Tachybaptus ruficollis;Zampullin comun
1.884;42.015;Baix BerguedA ;Barcelona;Cataluna;2002;Apr;Animalia;Aves;Podicipedidae;Tachybaptus;Tachybaptus ruficollis;Zampullin comun
2.067;41.4;BARCELONA;Barcelona;Cataluna;2000;Apr;Animalia;Aves;Fringillidae;Fringilla;Fringilla coelebs;Pinzon vulgar
1.839;41.585;Barcelona;Barcelona;Cataluna;2013;May;Animalia;Mammalia;Bovidae;Capra;Capra pyrenaica;South-eastern Spanish Ibex
2.146;41.322;Delta del Llobregat;Barcelona;Cataluna;2001;Jun;Animalia;Aves;Podicipedidae;Podiceps;Podiceps cristatus;Somormujo lavanco
2.146;41.322;Delta del Llobregat;Barcelona;Cataluna;2001;Nov;Animalia;Aves;Anatidae;Netta;Netta rufina;Pato colorado
2.146;41.322;Delta del Llobregat;Barcelona;Cataluna;2001;Jun;Animalia;Aves;Anatidae;Tadorna;Tadorna tadorna;Tarro blanco
2.146;41.322;Delta del Llobregat;Barcelona;Cataluna;2001;Apr;Animalia;Aves;Ardeidae;Ixobrychus;Ixobrychus minutus;Avetorillo comun
2.146;41.322;Delta del Llobregat;Barcelona;Cataluna;2001;Apr;Animalia;Aves;Ardeidae;Ardea;Egretta alba;Garceta grande
2.146;41.322;Delta del Llobregat;Barcelona;Cataluna;2001;Apr;Animalia;Aves;Ardeidae;Nycticorax;Nycticorax nycticorax;Martinete comun
2.146;41.322;Delta del Llobregat;Barcelona;Cataluna;2001;Apr;Animalia;Aves;Podicipedidae;Tachybaptus;Tachybaptus ruficollis;Zampullin comun
2.146;41.322;Delta del Llobregat;Barcelona;Cataluna;2002;Jun;Animalia;Aves;Podicipedidae;Podiceps;Podiceps cristatus;Somormujo lavanco
2.146;41.322;Delta del Llobregat;Barcelona;Cataluna;2002;Jun;Animalia;Aves;Anatidae;Tadorna;Tadorna tadorna;Tarro blanco
2.146;41.322;Delta del Llobregat;Barcelona;Cataluna;2002;Nov;Animalia;Aves;Anatidae;Netta;Netta rufina;Pato colorado
2.146;41.322;Delta del Llobregat;Barcelona;Cataluna;2002;Jun;Animalia;Aves;Podicipedidae;Podiceps;Podiceps nigricollis;Zampullin cuellinegro
2.146;41.322;Delta del Llobregat;Barcelona;Cataluna;2002;Apr;Animalia;Aves;Ardeidae;Ixobrychus;Ixobrychus minutus;Avetorillo comun
2.146;41.322;Delta del Llobregat;Barcelona;Cataluna;2002;Apr;Animalia;Aves;Ardeidae;Ardea;Egretta alba;Garceta grande
2.146;41.322;Delta del Llobregat;Barcelona;Cataluna;2002;Apr;Animalia;Aves;Podicipedidae;Tachybaptus;Tachybaptus ruficollis;Zampullin comun
2.146;41.322;Delta del Llobregat;Barcelona;Cataluna;2003;Jun;Animalia;Aves;Podicipedidae;Podiceps;Podiceps cristatus;Somormujo lavanco
2.146;41.322;Delta del Llobregat;Barcelona;Cataluna;2003;Nov;Animalia;Aves;Anatidae;Netta;Netta rufina;Pato colorado
2.146;41.322;Delta del Llobregat;Barcelona;Cataluna;2003;Jun;Animalia;Aves;Anatidae;Tadorna;Tadorna tadorna;Tarro blanco
2.146;41.322;Delta del Llobregat;Barcelona;Cataluna;2003;Apr;Animalia;Aves;Threskiornithidae;Platalea;Platalea leucorodia;Espatula comun
2.233;41.421;Desembocadura del Rio Besos;Barcelona;Cataluna;2002;Apr;Animalia;Aves;Podicipedidae;Tachybaptus;Tachybaptus ruficollis;Zampullin comun
1.679;41.203;Desembocadura del Rio Foix;Barcelona;Cataluna;2001;Apr;Animalia;Aves;Podicipedidae;Tachybaptus;Tachybaptus ruficollis;Zampullin comun
1.642;41.257;Embalse de Foix;Barcelona;Cataluna;2001;Apr;Animalia;Aves;Podicipedidae;Tachybaptus;Tachybaptus ruficollis;Zampullin comun
1.642;41.257;Embalse de Foix;Barcelona;Cataluna;2002;Apr;Animalia;Aves;Podicipedidae;Tachybaptus;Tachybaptus ruficollis;Zampullin comun
1.642;41.257;Embalse de Foix;Barcelona;Cataluna;2003;Jun;Animalia;Aves;Podicipedidae;Podiceps;Podiceps cristatus;Somormujo lavanco
1.801;41.436;Llac Can Codorniu;Barcelona;Cataluna;2001;Apr;Animalia;Aves;Podicipedidae;Tachybaptus;Tachybaptus ruficollis;Zampullin comun
2.232;42.084;Mig Ter;Barcelona;Cataluna;2001;Apr;Animalia;Aves;Podicipedidae;Tachybaptus;Tachybaptus ruficollis;Zampullin comun
2.014;41.406;Molins de Rei--Riu Llobregat;Barcelona;Cataluna;2008;Apr;Animalia;Aves;Fringillidae;Fringilla;Fringilla coelebs;Common Chaffinch
2.014;41.406;Molins de Rei--Riu Llobregat;Barcelona;Cataluna;2013;Apr;Animalia;Aves;Fringillidae;Fringilla;Fringilla coelebs;Common Chaffinch
2.014;41.406;Molins de Rei--Riu Llobregat;Barcelona;Cataluna;2014;Apr;Animalia;Aves;Fringillidae;Fringilla;Fringilla coelebs;Common Chaffinch
2.014;41.406;Molins de Rei--Riu Llobregat;Barcelona;Cataluna;2015;Apr;Animalia;Aves;Fringillidae;Fringilla;Fringilla coelebs;Common Chaffinch
2.014;41.406;Molins de Rei--Riu Llobregat;Barcelona;Cataluna;2015;Apr;Animalia;Aves;Podicipedidae;Tachybaptus;Tachybaptus ruficollis;Little Grebe
2.014;41.406;Molins de Rei--Riu Llobregat;Barcelona;Cataluna;2018;Apr;Animalia;Aves;Podicipedidae;Tachybaptus;Tachybaptus ruficollis;Little Grebe
1.733;42;Montmajor;Barcelona;Cataluna;2001;Apr;Animalia;Aves;Fringillidae;Fringilla;Fringilla coelebs;Pinzon vulgar
2.381;41.76;Montseny;Barcelona;Cataluna;2019;Jul;Animalia;Amphibia;Bufonidae;Bufo;Bufo spinosus;Spiny Toad
1.836;41.592;Muntanya de Montserrat PNat--Monestir de Montserrat;Barcelona;Cataluna;2013;Apr;Animalia;Aves;Fringillidae;Fringilla;Fringilla coelebs;Common Chaffinch
2.34;42.019;Osona;Barcelona;Cataluna;2015;Apr;Animalia;Aves;Fringillidae;Fringilla;Fringilla coelebs;Common Chaffinch
1.672;41.391;PA¨lags de Vilobi;Barcelona;Cataluna;2001;Apr;Animalia;Aves;Podicipedidae;Tachybaptus;Tachybaptus ruficollis;Zampullin comun
1.672;41.391;PA¨lags de Vilobi;Barcelona;Cataluna;2002;Apr;Animalia;Aves;Podicipedidae;Tachybaptus;Tachybaptus ruficollis;Zampullin comun
1.734;41.215;Port Vilanova i la Geltru;Barcelona;Cataluna;2002;Jun;Animalia;Aves;Podicipedidae;Podiceps;Podiceps cristatus;Somormujo lavanco
1.734;41.215;Port Vilanova i la Geltru;Barcelona;Cataluna;2002;Jun;Animalia;Aves;Podicipedidae;Podiceps;Podiceps nigricollis;Zampullin cuellinegro
1.854;41.69;Rio Llobregat, tramo Boades-Castelgalli;Barcelona;Cataluna;2001;Apr;Animalia;Aves;Podicipedidae;Tachybaptus;Tachybaptus ruficollis;Zampullin comun
2.383;41.755;Sant Pere de Vilamajor;Barcelona;Cataluna;2019;Jul;Animalia;Amphibia;Bufonidae;Bufo;Bufo spinosus;Spiny Toad
1.884;42.015;Baix BerguedA ;Barcelona;Cataluna;2005;Apr;Animalia;Aves;Podicipedidae;Tachybaptus;Tachybaptus ruficollis;Zampullin comun
1.884;42.015;Baix BerguedA ;Barcelona;Cataluna;2010;Jun;Animalia;Aves;Podicipedidae;Podiceps;Podiceps cristatus;Somormujo lavanco
2.146;41.322;Delta del Llobregat;Barcelona;Cataluna;2005;Jun;Animalia;Aves;Podicipedidae;Podiceps;Podiceps cristatus;Somormujo lavanco
2.146;41.322;Delta del Llobregat;Barcelona;Cataluna;2005;Jun;Animalia;Aves;Podicipedidae;Podiceps;Podiceps nigricollis;Zampullin cuellinegro
2.146;41.322;Delta del Llobregat;Barcelona;Cataluna;2005;Apr;Animalia;Aves;Threskiornithidae;Platalea;Platalea leucorodia;Espatula comun
2.146;41.322;Delta del Llobregat;Barcelona;Cataluna;2005;Apr;Animalia;Aves;Threskiornithidae;Plegadis;Plegadis falcinellus;Morito comun
2.146;41.322;Delta del Llobregat;Barcelona;Cataluna;2005;Nov;Animalia;Aves;Anatidae;Netta;Netta rufina;Pato colorado
2.146;41.322;Delta del Llobregat;Barcelona;Cataluna;2005;Jun;Animalia;Aves;Anatidae;Tadorna;Tadorna tadorna;Tarro blanco
2.146;41.322;Delta del Llobregat;Barcelona;Cataluna;2005;Apr;Animalia;Aves;Ardeidae;Ixobrychus;Ixobrychus minutus;Avetorillo comun
2.146;41.322;Delta del Llobregat;Barcelona;Cataluna;2005;Apr;Animalia;Aves;Ardeidae;Nycticorax;Nycticorax nycticorax;Martinete comun
2.146;41.322;Delta del Llobregat;Barcelona;Cataluna;2005;Apr;Animalia;Aves;Podicipedidae;Tachybaptus;Tachybaptus ruficollis;Zampullin comun
2.146;41.322;Delta del Llobregat;Barcelona;Cataluna;2006;Jun;Animalia;Aves;Podicipedidae;Podiceps;Podiceps cristatus;Somormujo lavanco
2.146;41.322;Delta del Llobregat;Barcelona;Cataluna;2006;Apr;Animalia;Aves;Threskiornithidae;Platalea;Platalea leucorodia;Espatula comun
2.146;41.322;Delta del Llobregat;Barcelona;Cataluna;2006;Jun;Animalia;Aves;Podicipedidae;Podiceps;Podiceps nigricollis;Zampullin cuellinegro
2.146;41.322;Delta del Llobregat;Barcelona;Cataluna;2006;Jun;Animalia;Aves;Podicipedidae;Podiceps;Podiceps auritus;Zampullin cuellirrojo
2.146;41.322;Delta del Llobregat;Barcelona;Cataluna;2006;Jun;Animalia;Aves;Anatidae;Tadorna;Tadorna tadorna;Tarro blanco
2.146;41.322;Delta del Llobregat;Barcelona;Cataluna;2006;Apr;Animalia;Aves;Ardeidae;Ixobrychus;Ixobrychus minutus;Avetorillo comun
2.146;41.322;Delta del Llobregat;Barcelona;Cataluna;2006;Nov;Animalia;Aves;Anatidae;Netta;Netta rufina;Pato colorado
2.146;41.322;Delta del Llobregat;Barcelona;Cataluna;2008;Jun;Animalia;Aves;Podicipedidae;Podiceps;Podiceps cristatus;Somormujo lavanco
2.146;41.322;Delta del Llobregat;Barcelona;Cataluna;2008;Jun;Animalia;Aves;Anatidae;Tadorna;Tadorna tadorna;Tarro blanco
2.146;41.322;Delta del Llobregat;Barcelona;Cataluna;2008;Jun;Animalia;Aves;Podicipedidae;Podiceps;Podiceps nigricollis;Zampullin cuellinegro
2.146;41.322;Delta del Llobregat;Barcelona;Cataluna;2008;Apr;Animalia;Aves;Threskiornithidae;Platalea;Platalea leucorodia;Espatula comun
2.146;41.322;Delta del Llobregat;Barcelona;Cataluna;2008;Nov;Animalia;Aves;Anatidae;Netta;Netta rufina;Pato colorado
2.146;41.322;Delta del Llobregat;Barcelona;Cataluna;2008;Apr;Animalia;Aves;Ardeidae;Ixobrychus;Ixobrychus minutus;Avetorillo comun
2.146;41.322;Delta del Llobregat;Barcelona;Cataluna;2009;Jun;Animalia;Aves;Podicipedidae;Podiceps;Podiceps cristatus;Somormujo lavanco
2.146;41.322;Delta del Llobregat;Barcelona;Cataluna;2009;Jun;Animalia;Aves;Podicipedidae;Podiceps;Podiceps nigricollis;Zampullin cuellinegro
2.146;41.322;Delta del Llobregat;Barcelona;Cataluna;2009;Jun;Animalia;Aves;Podicipedidae;Podiceps;Podiceps auritus;Zampullin cuellirrojo
2.146;41.322;Delta del Llobregat;Barcelona;Cataluna;2009;Apr;Animalia;Aves;Threskiornithidae;Platalea;Platalea leucorodia;Espatula comun
2.146;41.322;Delta del Llobregat;Barcelona;Cataluna;2009;Nov;Animalia;Aves;Anatidae;Netta;Netta rufina;Pato colorado
2.146;41.322;Delta del Llobregat;Barcelona;Cataluna;2009;Jun;Animalia;Aves;Anatidae;Tadorna;Tadorna tadorna;Tarro blanco
2.146;41.322;Delta del Llobregat;Barcelona;Cataluna;2009;Apr;Animalia;Aves;Ardeidae;Ixobrychus;Ixobrychus minutus;Avetorillo comun
2.146;41.322;Delta del Llobregat;Barcelona;Cataluna;2010;Jun;Animalia;Aves;Podicipedidae;Podiceps;Podiceps cristatus;Somormujo lavanco
2.059;41.285;Delta del Llobregat PNat--Area general;Barcelona;Cataluna;2004;Jul;Animalia;Aves;Podicipedidae;Podiceps;Podiceps cristatus;Great Crested Grebe
2.059;41.285;Delta del Llobregat PNat--Area general;Barcelona;Cataluna;2004;Jul;Animalia;Aves;Upupidae;Upupa;Upupa epops;Eurasian Hoopoe
2.059;41.285;Delta del Llobregat PNat--Area general;Barcelona;Cataluna;2004;Apr;Animalia;Aves;Podicipedidae;Tachybaptus;Tachybaptus ruficollis;Little Grebe
2.059;41.285;Delta del Llobregat PNat--Area general;Barcelona;Cataluna;2012;Apr;Animalia;Aves;Fringillidae;Fringilla;Fringilla coelebs;Common Chaffinch
2.059;41.285;Delta del Llobregat PNat--Area general;Barcelona;Cataluna;2012;Jul;Animalia;Aves;Upupidae;Upupa;Upupa epops;Eurasian Hoopoe
2.059;41.285;Delta del Llobregat PNat--Area general;Barcelona;Cataluna;2012;Jul;Animalia;Aves;Anatidae;Tadorna;Tadorna tadorna;Common Shelduck
2.059;41.285;Delta del Llobregat PNat--Area general;Barcelona;Cataluna;2012;Apr;Animalia;Aves;Podicipedidae;Tachybaptus;Tachybaptus ruficollis;Little Grebe
2.059;41.285;Delta del Llobregat PNat--Area general;Barcelona;Cataluna;2013;Jul;Animalia;Aves;Podicipedidae;Podiceps;Podiceps cristatus;Great Crested Grebe
2.059;41.285;Delta del Llobregat PNat--Area general;Barcelona;Cataluna;2013;Apr;Animalia;Aves;Fringillidae;Fringilla;Fringilla coelebs;Common Chaffinch
2.059;41.285;Delta del Llobregat PNat--Area general;Barcelona;Cataluna;2013;Nov;Animalia;Aves;Anatidae;Anas;Mareca penelope;Eurasian Wigeon
2.059;41.285;Delta del Llobregat PNat--Area general;Barcelona;Cataluna;2013;Jul;Animalia;Aves;Anatidae;Tadorna;Tadorna tadorna;Common Shelduck
2.059;41.285;Delta del Llobregat PNat--Area general;Barcelona;Cataluna;2013;Jul;Animalia;Aves;Podicipedidae;Podiceps;Podiceps nigricollis;Eared Grebe
2.059;41.285;Delta del Llobregat PNat--Area general;Barcelona;Cataluna;2013;Apr;Animalia;Aves;Threskiornithidae;Platalea;Platalea leucorodia;Eurasian Spoonbill
2.059;41.285;Delta del Llobregat PNat--Area general;Barcelona;Cataluna;2013;Nov;Animalia;Aves;Anatidae;Netta;Netta rufina;Red-crested Pochard
2.059;41.285;Delta del Llobregat PNat--Area general;Barcelona;Cataluna;2013;Apr;Animalia;Aves;Podicipedidae;Tachybaptus;Tachybaptus ruficollis;Little Grebe
2.059;41.285;Delta del Llobregat PNat--Area general;Barcelona;Cataluna;2013;Apr;Animalia;Aves;Ardeidae;Ardea;Ardea alba;Great Egret
2.059;41.285;Delta del Llobregat PNat--Area general;Barcelona;Cataluna;2014;Jul;Animalia;Aves;Anatidae;Tadorna;Tadorna tadorna;Common Shelduck
2.059;41.285;Delta del Llobregat PNat--Area general;Barcelona;Cataluna;2014;Nov;Animalia;Aves;Anatidae;Anas;Mareca penelope;Eurasian Wigeon
2.059;41.285;Delta del Llobregat PNat--Area general;Barcelona;Cataluna;2014;Nov;Animalia;Aves;Anatidae;Netta;Netta rufina;Red-crested Pochard
2.059;41.285;Delta del Llobregat PNat--Area general;Barcelona;Cataluna;2014;Apr;Animalia;Aves;Podicipedidae;Tachybaptus;Tachybaptus ruficollis;Little Grebe
2.059;41.285;Delta del Llobregat PNat--Area general;Barcelona;Cataluna;2015;Jul;Animalia;Aves;Podicipedidae;Podiceps;Podiceps cristatus;Great Crested Grebe
2.059;41.285;Delta del Llobregat PNat--Area general;Barcelona;Cataluna;2015;Apr;Animalia;Aves;Fringillidae;Fringilla;Fringilla coelebs;Common Chaffinch
2.059;41.285;Delta del Llobregat PNat--Area general;Barcelona;Cataluna;2015;Jul;Animalia;Aves;Anatidae;Tadorna;Tadorna tadorna;Common Shelduck
2.059;41.285;Delta del Llobregat PNat--Area general;Barcelona;Cataluna;2015;Jul;Animalia;Aves;Podicipedidae;Podiceps;Podiceps nigricollis;Eared Grebe
2.059;41.285;Delta del Llobregat PNat--Area general;Barcelona;Cataluna;2015;Nov;Animalia;Aves;Anatidae;Anas;Mareca penelope;Eurasian Wigeon
2.059;41.285;Delta del Llobregat PNat--Area general;Barcelona;Cataluna;2015;Nov;Animalia;Aves;Anatidae;Netta;Netta rufina;Red-crested Pochard
2.059;41.285;Delta del Llobregat PNat--Area general;Barcelona;Cataluna;2015;Apr;Animalia;Aves;Podicipedidae;Tachybaptus;Tachybaptus ruficollis;Little Grebe
2.059;41.285;Delta del Llobregat PNat--Area general;Barcelona;Cataluna;2015;Apr;Animalia;Aves;Ardeidae;Ardea;Ardea alba;Great Egret
2.059;41.285;Delta del Llobregat PNat--Area general;Barcelona;Cataluna;2016;Jul;Animalia;Aves;Anatidae;Tadorna;Tadorna tadorna;Common Shelduck
2.059;41.285;Delta del Llobregat PNat--Area general;Barcelona;Cataluna;2016;Nov;Animalia;Aves;Anatidae;Netta;Netta rufina;Red-crested Pochard
2.059;41.285;Delta del Llobregat PNat--Area general;Barcelona;Cataluna;2016;Nov;Animalia;Aves;Anatidae;Anas;Mareca penelope;Eurasian Wigeon
2.059;41.285;Delta del Llobregat PNat--Area general;Barcelona;Cataluna;2019;Apr;Animalia;Aves;Ardeidae;Ardea;Ardea alba;Great Egret
2.062;41.28;Delta del Llobregat PNat--Bassa dels Pollancres;Barcelona;Cataluna;2017;Jul;Animalia;Aves;Anatidae;Tadorna;Tadorna tadorna;Common Shelduck
2.062;41.28;Delta del Llobregat PNat--Bassa dels Pollancres;Barcelona;Cataluna;2017;Jul;Animalia;Aves;Podicipedidae;Podiceps;Podiceps nigricollis;Eared Grebe
2.062;41.28;Delta del Llobregat PNat--Bassa dels Pollancres;Barcelona;Cataluna;2019;Jul;Animalia;Aves;Podicipedidae;Podiceps;Podiceps nigricollis;Eared Grebe
2.12;41.306;Delta del Llobregat PNat--Espais Naturals del Riu (Area General);Barcelona;Cataluna;2008;Apr;Animalia;Aves;Fringillidae;Fringilla;Fringilla coelebs;Common Chaffinch
2.12;41.306;Delta del Llobregat PNat--Espais Naturals del Riu (Area General);Barcelona;Cataluna;2008;Jul;Animalia;Aves;Podicipedidae;Podiceps;Podiceps cristatus;Great Crested Grebe
2.12;41.306;Delta del Llobregat PNat--Espais Naturals del Riu (Area General);Barcelona;Cataluna;2008;Nov;Animalia;Aves;Anatidae;Anas;Mareca penelope;Eurasian Wigeon
2.12;41.306;Delta del Llobregat PNat--Espais Naturals del Riu (Area General);Barcelona;Cataluna;2008;Jul;Animalia;Aves;Anatidae;Tadorna;Tadorna tadorna;Common Shelduck
2.12;41.306;Delta del Llobregat PNat--Espais Naturals del Riu (Area General);Barcelona;Cataluna;2008;Apr;Animalia;Aves;Podicipedidae;Tachybaptus;Tachybaptus ruficollis;Little Grebe
2.12;41.306;Delta del Llobregat PNat--Espais Naturals del Riu (Area General);Barcelona;Cataluna;2015;Jul;Animalia;Aves;Podicipedidae;Podiceps;Podiceps nigricollis;Eared Grebe
2.12;41.306;Delta del Llobregat PNat--Espais Naturals del Riu (Area General);Barcelona;Cataluna;2015;Jul;Animalia;Aves;Anatidae;Tadorna;Tadorna tadorna;Common Shelduck
2.12;41.306;Delta del Llobregat PNat--Espais Naturals del Riu (Area General);Barcelona;Cataluna;2015;Nov;Animalia;Aves;Anatidae;Netta;Netta rufina;Red-crested Pochard
2.12;41.306;Delta del Llobregat PNat--Espais Naturals del Riu (Area General);Barcelona;Cataluna;2017;Nov;Animalia;Aves;Anatidae;Netta;Netta rufina;Red-crested Pochard
2.12;41.306;Delta del Llobregat PNat--Espais Naturals del Riu (Area General);Barcelona;Cataluna;2017;Jul;Animalia;Aves;Anatidae;Tadorna;Tadorna tadorna;Common Shelduck
2.12;41.306;Delta del Llobregat PNat--Espais Naturals del Riu (Area General);Barcelona;Cataluna;2017;Jul;Animalia;Aves;Podicipedidae;Podiceps;Podiceps nigricollis;Eared Grebe
2.12;41.306;Delta del Llobregat PNat--Espais Naturals del Riu (Area General);Barcelona;Cataluna;2017;Apr;Animalia;Aves;Ardeidae;Ardea;Ardea alba;Great Egret
2.12;41.306;Delta del Llobregat PNat--Espais Naturals del Riu (Area General);Barcelona;Cataluna;2017;Apr;Animalia;Aves;Podicipedidae;Tachybaptus;Tachybaptus ruficollis;Little Grebe
2.12;41.306;Delta del Llobregat PNat--Espais Naturals del Riu (Area General);Barcelona;Cataluna;2018;Jul;Animalia;Aves;Anatidae;Tadorna;Tadorna tadorna;Common Shelduck
2.065;41.282;Delta del Llobregat PNat--Remolar-Filipines;Barcelona;Cataluna;2000;Jul;Animalia;Aves;Anatidae;Tadorna;Tadorna tadorna;Common Shelduck
2.065;41.282;Delta del Llobregat PNat--Remolar-Filipines;Barcelona;Cataluna;2005;Jul;Animalia;Aves;Podicipedidae;Podiceps;Podiceps nigricollis;Eared Grebe
2.065;41.282;Delta del Llobregat PNat--Remolar-Filipines;Barcelona;Cataluna;2005;Apr;Animalia;Aves;Threskiornithidae;Platalea;Platalea leucorodia;Eurasian Spoonbill
2.065;41.282;Delta del Llobregat PNat--Remolar-Filipines;Barcelona;Cataluna;2005;Jul;Animalia;Aves;Anatidae;Tadorna;Tadorna tadorna;Common Shelduck
2.065;41.282;Delta del Llobregat PNat--Remolar-Filipines;Barcelona;Cataluna;2005;Apr;Animalia;Aves;Podicipedidae;Tachybaptus;Tachybaptus ruficollis;Little Grebe
2.065;41.282;Delta del Llobregat PNat--Remolar-Filipines;Barcelona;Cataluna;2005;Apr;Animalia;Aves;Ardeidae;Nycticorax;Nycticorax nycticorax;Black-crowned Night-Heron
2.065;41.282;Delta del Llobregat PNat--Remolar-Filipines;Barcelona;Cataluna;2007;Apr;Animalia;Aves;Fringillidae;Fringilla;Fringilla coelebs;Common Chaffinch
2.065;41.282;Delta del Llobregat PNat--Remolar-Filipines;Barcelona;Cataluna;2007;Jul;Animalia;Aves;Anatidae;Tadorna;Tadorna tadorna;Common Shelduck
2.065;41.282;Delta del Llobregat PNat--Remolar-Filipines;Barcelona;Cataluna;2007;Apr;Animalia;Aves;Podicipedidae;Tachybaptus;Tachybaptus ruficollis;Little Grebe
2.065;41.282;Delta del Llobregat PNat--Remolar-Filipines;Barcelona;Cataluna;2007;Apr;Animalia;Aves;Ardeidae;Nycticorax;Nycticorax nycticorax;Black-crowned Night-Heron
2.065;41.282;Delta del Llobregat PNat--Remolar-Filipines;Barcelona;Cataluna;2008;Jul;Animalia;Aves;Anatidae;Tadorna;Tadorna tadorna;Common Shelduck
2.065;41.282;Delta del Llobregat PNat--Remolar-Filipines;Barcelona;Cataluna;2008;Apr;Animalia;Aves;Threskiornithidae;Platalea;Platalea leucorodia;Eurasian Spoonbill
2.065;41.282;Delta del Llobregat PNat--Remolar-Filipines;Barcelona;Cataluna;2008;Nov;Animalia;Aves;Anatidae;Anas;Mareca penelope;Eurasian Wigeon
2.065;41.282;Delta del Llobregat PNat--Remolar-Filipines;Barcelona;Cataluna;2008;Apr;Animalia;Aves;Ardeidae;Nycticorax;Nycticorax nycticorax;Black-crowned Night-Heron
2.065;41.282;Delta del Llobregat PNat--Remolar-Filipines;Barcelona;Cataluna;2008;Apr;Animalia;Aves;Podicipedidae;Tachybaptus;Tachybaptus ruficollis;Little Grebe
2.065;41.282;Delta del Llobregat PNat--Remolar-Filipines;Barcelona;Cataluna;2013;Apr;Animalia;Aves;Fringillidae;Fringilla;Fringilla coelebs;Common Chaffinch
2.065;41.282;Delta del Llobregat PNat--Remolar-Filipines;Barcelona;Cataluna;2013;Jul;Animalia;Aves;Upupidae;Upupa;Upupa epops;Eurasian Hoopoe
2.065;41.282;Delta del Llobregat PNat--Remolar-Filipines;Barcelona;Cataluna;2013;Jul;Animalia;Aves;Anatidae;Tadorna;Tadorna tadorna;Common Shelduck
2.065;41.282;Delta del Llobregat PNat--Remolar-Filipines;Barcelona;Cataluna;2013;Jul;Animalia;Aves;Podicipedidae;Podiceps;Podiceps nigricollis;Eared Grebe
2.065;41.282;Delta del Llobregat PNat--Remolar-Filipines;Barcelona;Cataluna;2013;Nov;Animalia;Aves;Anatidae;Anas;Mareca penelope;Eurasian Wigeon
2.065;41.282;Delta del Llobregat PNat--Remolar-Filipines;Barcelona;Cataluna;2013;Apr;Animalia;Aves;Podicipedidae;Tachybaptus;Tachybaptus ruficollis;Little Grebe
2.065;41.282;Delta del Llobregat PNat--Remolar-Filipines;Barcelona;Cataluna;2013;Apr;Animalia;Aves;Ardeidae;Ardea;Ardea alba;Great Egret
2.065;41.282;Delta del Llobregat PNat--Remolar-Filipines;Barcelona;Cataluna;2015;Apr;Animalia;Aves;Fringillidae;Fringilla;Fringilla coelebs;Common Chaffinch
2.065;41.282;Delta del Llobregat PNat--Remolar-Filipines;Barcelona;Cataluna;2015;Jul;Animalia;Aves;Podicipedidae;Podiceps;Podiceps cristatus;Great Crested Grebe
2.065;41.282;Delta del Llobregat PNat--Remolar-Filipines;Barcelona;Cataluna;2015;Jul;Animalia;Aves;Anatidae;Tadorna;Tadorna tadorna;Common Shelduck
2.065;41.282;Delta del Llobregat PNat--Remolar-Filipines;Barcelona;Cataluna;2015;Nov;Animalia;Aves;Anatidae;Anas;Mareca penelope;Eurasian Wigeon
2.065;41.282;Delta del Llobregat PNat--Remolar-Filipines;Barcelona;Cataluna;2015;Apr;Animalia;Aves;Ardeidae;Ixobrychus;Ixobrychus minutus;Little Bittern
2.065;41.282;Delta del Llobregat PNat--Remolar-Filipines;Barcelona;Cataluna;2015;Apr;Animalia;Aves;Podicipedidae;Tachybaptus;Tachybaptus ruficollis;Little Grebe
2.065;41.282;Delta del Llobregat PNat--Remolar-Filipines;Barcelona;Cataluna;2015;Apr;Animalia;Aves;Ardeidae;Ardea;Ardea alba;Great Egret
2.065;41.282;Delta del Llobregat PNat--Remolar-Filipines;Barcelona;Cataluna;2017;Jul;Animalia;Aves;Anatidae;Tadorna;Tadorna tadorna;Common Shelduck
2.065;41.282;Delta del Llobregat PNat--Remolar-Filipines;Barcelona;Cataluna;2017;Jul;Animalia;Aves;Podicipedidae;Podiceps;Podiceps nigricollis;Eared Grebe
2.065;41.282;Delta del Llobregat PNat--Remolar-Filipines;Barcelona;Cataluna;2017;Apr;Animalia;Aves;Ardeidae;Ardea;Ardea alba;Great Egret
2.065;41.282;Delta del Llobregat PNat--Remolar-Filipines;Barcelona;Cataluna;2017;Apr;Animalia;Aves;Podicipedidae;Tachybaptus;Tachybaptus ruficollis;Little Grebe
2.065;41.282;Delta del Llobregat PNat--Remolar-Filipines;Barcelona;Cataluna;2018;Jul;Animalia;Aves;Podicipedidae;Podiceps;Podiceps nigricollis;Eared Grebe
2.065;41.282;Delta del Llobregat PNat--Remolar-Filipines;Barcelona;Cataluna;2018;Jul;Animalia;Aves;Anatidae;Tadorna;Tadorna tadorna;Common Shelduck
2.065;41.282;Delta del Llobregat PNat--Remolar-Filipines;Barcelona;Cataluna;2019;Apr;Animalia;Aves;Podicipedidae;Tachybaptus;Tachybaptus ruficollis;Little Grebe
2.115;41.321;Delta del Llobregat, Pont Nelson Mandela, El Prat del Llobregat;Barcelona;Cataluna;2018;Jul;Animalia;Aves;Anatidae;Tadorna;Tadorna tadorna;Common Shelduck
-3.02;43.32;Abra;Bilbao;Euskadi;2000;Jul;Animalia;Aves;Podicipedidae;Podiceps;Podiceps cristatus;Somormujo lavanco
-3.02;43.32;Abra;Bilbao;Euskadi;2000;Jul;Animalia;Aves;Podicipedidae;Podiceps;Podiceps nigricollis;Zampullin cuellinegro
-3.049;43.353;Abra;Bilbao;Euskadi;2002;Jul;Animalia;Aves;Podicipedidae;Podiceps;Podiceps cristatus;Somormujo lavanco
-3.049;43.353;Abra;Bilbao;Euskadi;2002;Jul;Animalia;Aves;Podicipedidae;Podiceps;Podiceps nigricollis;Zampullin cuellinegro
-3.02;43.32;Abra;Bilbao;Euskadi;2002;Jul;Animalia;Aves;Podicipedidae;Podiceps;Podiceps cristatus;Somormujo lavanco
-3.02;43.32;Abra;Bilbao;Euskadi;2002;Jul;Animalia;Aves;Podicipedidae;Podiceps;Podiceps nigricollis;Zampullin cuellinegro
-3.049;43.353;Abra;Bilbao;Euskadi;2003;Jul;Animalia;Aves;Podicipedidae;Podiceps;Podiceps cristatus;Somormujo lavanco
-3.049;43.353;Abra;Bilbao;Euskadi;2003;Jul;Animalia;Aves;Podicipedidae;Podiceps;Podiceps nigricollis;Zampullin cuellinegro
-3.049;43.353;Abra;Bilbao;Euskadi;2003;Jul;Animalia;Aves;Podicipedidae;Podiceps;Podiceps auritus;Zampullin cuellirrojo
-3.02;43.32;Abra;Bilbao;Euskadi;2003;Jul;Animalia;Aves;Podicipedidae;Podiceps;Podiceps cristatus;Somormujo lavanco
-3.02;43.32;Abra;Bilbao;Euskadi;2003;Jul;Animalia;Aves;Podicipedidae;Podiceps;Podiceps auritus;Zampullin cuellirrojo
-3.02;43.32;Abra;Bilbao;Euskadi;2003;Jul;Animalia;Aves;Podicipedidae;Podiceps;Podiceps nigricollis;Zampullin cuellinegro
-3.049;43.353;Abra;Bilbao;Euskadi;2004;Jul;Animalia;Aves;Podicipedidae;Podiceps;Podiceps cristatus;Somormujo lavanco
-3.049;43.353;Abra;Bilbao;Euskadi;2004;Jul;Animalia;Aves;Podicipedidae;Podiceps;Podiceps nigricollis;Zampullin cuellinegro
-3.049;43.353;Abra;Bilbao;Euskadi;2004;Apr;Animalia;Aves;Podicipedidae;Tachybaptus;Tachybaptus ruficollis;Zampullin comun
-3.029;43.351;Abra;Bilbao;Euskadi;2004;Jul;Animalia;Aves;Podicipedidae;Podiceps;Podiceps nigricollis;Eared Grebe
-3.02;43.32;Abra;Bilbao;Euskadi;2004;Jul;Animalia;Aves;Podicipedidae;Podiceps;Podiceps cristatus;Somormujo lavanco
-3.02;43.32;Abra;Bilbao;Euskadi;2004;Jul;Animalia;Aves;Podicipedidae;Podiceps;Podiceps nigricollis;Zampullin cuellinegro
-3.02;43.32;Abra;Bilbao;Euskadi;2004;Apr;Animalia;Aves;Podicipedidae;Tachybaptus;Tachybaptus ruficollis;Zampullin comun
-3.049;43.353;Abra;Bilbao;Euskadi;2005;Jul;Animalia;Aves;Podicipedidae;Podiceps;Podiceps cristatus;Somormujo lavanco
-3.049;43.353;Abra;Bilbao;Euskadi;2005;Jul;Animalia;Aves;Podicipedidae;Podiceps;Podiceps nigricollis;Zampullin cuellinegro
-3.049;43.353;Abra;Bilbao;Euskadi;2005;Apr;Animalia;Aves;Podicipedidae;Tachybaptus;Tachybaptus ruficollis;Zampullin comun
-3.02;43.32;Abra;Bilbao;Euskadi;2005;Jul;Animalia;Aves;Podicipedidae;Podiceps;Podiceps cristatus;Somormujo lavanco
-3.02;43.32;Abra;Bilbao;Euskadi;2005;Jul;Animalia;Aves;Podicipedidae;Podiceps;Podiceps nigricollis;Zampullin cuellinegro
-3.02;43.32;Abra;Bilbao;Euskadi;2005;Apr;Animalia;Aves;Podicipedidae;Tachybaptus;Tachybaptus ruficollis;Zampullin comun
-3.049;43.353;Abra;Bilbao;Euskadi;2006;Jul;Animalia;Aves;Podicipedidae;Podiceps;Podiceps cristatus;Somormujo lavanco
-3.049;43.353;Abra;Bilbao;Euskadi;2006;Jul;Animalia;Aves;Podicipedidae;Podiceps;Podiceps nigricollis;Zampullin cuellinegro
-3.049;43.353;Abra;Bilbao;Euskadi;2006;Apr;Animalia;Aves;Podicipedidae;Tachybaptus;Tachybaptus ruficollis;Zampullin comun
-3.02;43.32;Abra;Bilbao;Euskadi;2006;Jul;Animalia;Aves;Podicipedidae;Podiceps;Podiceps cristatus;Somormujo lavanco
-3.02;43.32;Abra;Bilbao;Euskadi;2006;Jul;Animalia;Aves;Podicipedidae;Podiceps;Podiceps nigricollis;Zampullin cuellinegro
-3.02;43.32;Abra;Bilbao;Euskadi;2006;Apr;Animalia;Aves;Podicipedidae;Tachybaptus;Tachybaptus ruficollis;Zampullin comun
-3.049;43.353;Abra;Bilbao;Euskadi;2007;Jul;Animalia;Aves;Podicipedidae;Podiceps;Podiceps cristatus;Somormujo lavanco
-3.049;43.353;Abra;Bilbao;Euskadi;2007;Jul;Animalia;Aves;Podicipedidae;Podiceps;Podiceps nigricollis;Zampullin cuellinegro
-3.02;43.32;Abra;Bilbao;Euskadi;2007;Jul;Animalia;Aves;Podicipedidae;Podiceps;Podiceps cristatus;Somormujo lavanco
-3.02;43.32;Abra;Bilbao;Euskadi;2007;Jul;Animalia;Aves;Podicipedidae;Podiceps;Podiceps nigricollis;Zampullin cuellinegro
-3.049;43.353;Abra;Bilbao;Euskadi;2008;Jul;Animalia;Aves;Podicipedidae;Podiceps;Podiceps cristatus;Somormujo lavanco
-3.049;43.353;Abra;Bilbao;Euskadi;2008;Jul;Animalia;Aves;Podicipedidae;Podiceps;Podiceps auritus;Zampullin cuellirrojo
-3.049;43.353;Abra;Bilbao;Euskadi;2008;Jul;Animalia;Aves;Podicipedidae;Podiceps;Podiceps nigricollis;Zampullin cuellinegro
-3.049;43.353;Abra;Bilbao;Euskadi;2008;Apr;Animalia;Aves;Podicipedidae;Tachybaptus;Tachybaptus ruficollis;Zampullin comun
-3.02;43.32;Abra;Bilbao;Euskadi;2008;Jul;Animalia;Aves;Podicipedidae;Podiceps;Podiceps cristatus;Somormujo lavanco
-3.02;43.32;Abra;Bilbao;Euskadi;2008;Jul;Animalia;Aves;Podicipedidae;Podiceps;Podiceps nigricollis;Zampullin cuellinegro
-3.02;43.32;Abra;Bilbao;Euskadi;2008;Jul;Animalia;Aves;Podicipedidae;Podiceps;Podiceps auritus;Zampullin cuellirrojo
-3.02;43.32;Abra;Bilbao;Euskadi;2008;Apr;Animalia;Aves;Podicipedidae;Tachybaptus;Tachybaptus ruficollis;Zampullin comun
-3.049;43.353;Abra;Bilbao;Euskadi;2009;Jul;Animalia;Aves;Podicipedidae;Podiceps;Podiceps cristatus;Somormujo lavanco
-3.049;43.353;Abra;Bilbao;Euskadi;2009;Jul;Animalia;Aves;Podicipedidae;Podiceps;Podiceps nigricollis;Zampullin cuellinegro
-3.02;43.32;Abra;Bilbao;Euskadi;2009;Jul;Animalia;Aves;Podicipedidae;Podiceps;Podiceps cristatus;Somormujo lavanco
-3.02;43.32;Abra;Bilbao;Euskadi;2009;Jul;Animalia;Aves;Podicipedidae;Podiceps;Podiceps nigricollis;Zampullin cuellinegro
-3.049;43.353;Abra;Bilbao;Euskadi;2010;Jul;Animalia;Aves;Podicipedidae;Podiceps;Podiceps cristatus;Somormujo lavanco
-3.049;43.353;Abra;Bilbao;Euskadi;2010;Jul;Animalia;Aves;Podicipedidae;Podiceps;Podiceps nigricollis;Zampullin cuellinegro
-3.049;43.353;Abra;Bilbao;Euskadi;2010;Jul;Animalia;Aves;Podicipedidae;Podiceps;Podiceps auritus;Zampullin cuellirrojo
-3.02;43.32;Abra;Bilbao;Euskadi;2010;Jul;Animalia;Aves;Podicipedidae;Podiceps;Podiceps cristatus;Somormujo lavanco
-3.02;43.32;Abra;Bilbao;Euskadi;2010;Jul;Animalia;Aves;Podicipedidae;Podiceps;Podiceps auritus;Zampullin cuellirrojo
-3.02;43.32;Abra;Bilbao;Euskadi;2010;Jul;Animalia;Aves;Podicipedidae;Podiceps;Podiceps nigricollis;Zampullin cuellinegro
-3.02;43.32;Abra;Bilbao;Euskadi;2010;Apr;Animalia;Aves;Podicipedidae;Tachybaptus;Tachybaptus ruficollis;Zampullin comun
-3.049;43.353;Abra;Bilbao;Euskadi;2011;Jul;Animalia;Aves;Podicipedidae;Podiceps;Podiceps cristatus;Somormujo lavanco
-3.049;43.353;Abra;Bilbao;Euskadi;2011;Jul;Animalia;Aves;Podicipedidae;Podiceps;Podiceps nigricollis;Zampullin cuellinegro
-3.049;43.353;Abra;Bilbao;Euskadi;2011;Jul;Animalia;Aves;Podicipedidae;Podiceps;Podiceps auritus;Zampullin cuellirrojo
-3.02;43.32;Abra;Bilbao;Euskadi;2011;Jul;Animalia;Aves;Podicipedidae;Podiceps;Podiceps cristatus;Somormujo lavanco
-3.02;43.32;Abra;Bilbao;Euskadi;2011;Jul;Animalia;Aves;Podicipedidae;Podiceps;Podiceps auritus;Zampullin cuellirrojo
-3.02;43.32;Abra;Bilbao;Euskadi;2011;Jul;Animalia;Aves;Podicipedidae;Podiceps;Podiceps nigricollis;Zampullin cuellinegro
-3.049;43.353;Abra;Bilbao;Euskadi;2012;Jul;Animalia;Aves;Podicipedidae;Podiceps;Podiceps cristatus;Somormujo lavanco
-3.049;43.353;Abra;Bilbao;Euskadi;2012;Jul;Animalia;Aves;Podicipedidae;Podiceps;Podiceps nigricollis;Zampullin cuellinegro
-3.02;43.32;Abra;Bilbao;Euskadi;2012;Jul;Animalia;Aves;Podicipedidae;Podiceps;Podiceps cristatus;Somormujo lavanco
-3.02;43.32;Abra;Bilbao;Euskadi;2012;Jul;Animalia;Aves;Podicipedidae;Podiceps;Podiceps nigricollis;Zampullin cuellinegro
-3.02;43.32;Abra;Bilbao;Euskadi;2013;Jul;Animalia;Aves;Podicipedidae;Podiceps;Podiceps cristatus;Somormujo lavanco
-3.02;43.32;Abra;Bilbao;Euskadi;2013;Sep;Animalia;Aves;Podicipedidae;Podiceps;Podiceps nigricollis;Zampullin cuellinegro
-3.02;43.32;Abra;Bilbao;Euskadi;2013;Sep;Animalia;Aves;Podicipedidae;Podiceps;Podiceps auritus;Zampullin cuellirrojo
-3.049;43.353;Abra;Bilbao;Euskadi;2014;Sep;Animalia;Aves;Podicipedidae;Podiceps;Podiceps nigricollis;Zampullin cuellinegro
-3.02;43.32;Abra;Bilbao;Euskadi;2014;Sep;Animalia;Aves;Podicipedidae;Podiceps;Podiceps cristatus;Somormujo lavanco
-3.02;43.32;Abra;Bilbao;Euskadi;2014;Sep;Animalia;Aves;Podicipedidae;Podiceps;Podiceps nigricollis;Zampullin cuellinegro
-3.02;43.32;Abra;Bilbao;Euskadi;2014;Apr;Animalia;Aves;Podicipedidae;Tachybaptus;Tachybaptus ruficollis;Zampullin comun
-3.029;43.351;Abra;Bilbao;Euskadi;2015;Sep;Animalia;Aves;Podicipedidae;Podiceps;Podiceps cristatus;Great Crested Grebe
-3.029;43.351;Abra;Bilbao;Euskadi;2015;Sep;Animalia;Aves;Podicipedidae;Podiceps;Podiceps nigricollis;Eared Grebe
-3.02;43.32;Abra;Bilbao;Euskadi;2015;Sep;Animalia;Aves;Podicipedidae;Podiceps;Podiceps cristatus;Somormujo lavanco
-3.02;43.32;Abra;Bilbao;Euskadi;2015;Sep;Animalia;Aves;Podicipedidae;Podiceps;Podiceps nigricollis;Zampullin cuellinegro
-3.029;43.351;Abra;Bilbao;Euskadi;2016;Sep;Animalia;Aves;Podicipedidae;Podiceps;Podiceps cristatus;Great Crested Grebe
-3.029;43.351;Abra;Bilbao;Euskadi;2016;Sep;Animalia;Aves;Podicipedidae;Podiceps;Podiceps nigricollis;Eared Grebe
-3.02;43.32;Abra;Bilbao;Euskadi;2016;Sep;Animalia;Aves;Podicipedidae;Podiceps;Podiceps cristatus;Somormujo lavanco
-3.02;43.32;Abra;Bilbao;Euskadi;2016;Sep;Animalia;Aves;Podicipedidae;Podiceps;Podiceps nigricollis;Zampullin cuellinegro
-3.029;43.351;Abra;Bilbao;Euskadi;2017;Sep;Animalia;Aves;Podicipedidae;Podiceps;Podiceps nigricollis;Eared Grebe
-3.029;43.351;Abra;Bilbao;Euskadi;2018;Sep;Animalia;Aves;Podicipedidae;Podiceps;Podiceps nigricollis;Eared Grebe
-2.951;43.417;Bahia de Plencia ;Bilbao;Euskadi;2004;Apr;Animalia;Aves;Podicipedidae;Tachybaptus;Tachybaptus ruficollis;Zampullin comun
-3.105;43.334;Balsas de Petronor ;Bilbao;Euskadi;2004;Apr;Animalia;Aves;Podicipedidae;Tachybaptus;Tachybaptus ruficollis;Zampullin comun
-2.995;43.344;Carrizal de Bolue ;Bilbao;Euskadi;2003;Apr;Animalia;Aves;Podicipedidae;Tachybaptus;Tachybaptus ruficollis;Zampullin comun
-2.284;43.04;Embalse de Troya, Mutiloa;Bilbao;Euskadi;2000;Apr;Animalia;Aves;Podicipedidae;Tachybaptus;Tachybaptus ruficollis;Zampullin comun
-2.474;42.861;Embalse de Urkulu;Bilbao;Euskadi;2000;Apr;Animalia;Aves;Podicipedidae;Tachybaptus;Tachybaptus ruficollis;Zampullin comun
-2.474;42.861;Embalse de Urkulu;Bilbao;Euskadi;2001;Sep;Animalia;Aves;Podicipedidae;Podiceps;Podiceps cristatus;Somormujo lavanco
-2.361;43.292;Ria de Deba;Bilbao;Euskadi;2000;Apr;Animalia;Aves;Podicipedidae;Tachybaptus;Tachybaptus ruficollis;Zampullin comun
-2.72;43.43;Ria de Gernika;Bilbao;Euskadi;2000;Sep;Animalia;Aves;Podicipedidae;Podiceps;Podiceps cristatus;Somormujo lavanco
-2.72;43.43;Ria de Gernika;Bilbao;Euskadi;2000;Sep;Animalia;Aves;Anatidae;Tadorna;Tadorna tadorna;Tarro blanco
-2.72;43.43;Ria de Gernika;Bilbao;Euskadi;2000;Sep;Animalia;Aves;Podicipedidae;Podiceps;Podiceps nigricollis;Zampullin cuellinegro
-2.72;43.43;Ria de Gernika;Bilbao;Euskadi;2000;Apr;Animalia;Aves;Podicipedidae;Tachybaptus;Tachybaptus ruficollis;Zampullin comun
-2.72;43.43;Ria de Gernika;Bilbao;Euskadi;2003;Sep;Animalia;Aves;Podicipedidae;Podiceps;Podiceps cristatus;Somormujo lavanco
-2.72;43.43;Ria de Gernika;Bilbao;Euskadi;2003;Sep;Animalia;Aves;Podicipedidae;Podiceps;Podiceps nigricollis;Zampullin cuellinegro
-2.72;43.43;Ria de Gernika;Bilbao;Euskadi;2003;Apr;Animalia;Aves;Podicipedidae;Tachybaptus;Tachybaptus ruficollis;Zampullin comun
-2.667;43.352;Ria de Guernica, Urdaibai ;Bilbao;Euskadi;2000;Sep;Animalia;Aves;Podicipedidae;Podiceps;Podiceps cristatus;Somormujo lavanco
-2.667;43.352;Ria de Guernica, Urdaibai ;Bilbao;Euskadi;2000;Sep;Animalia;Aves;Podicipedidae;Podiceps;Podiceps nigricollis;Zampullin cuellinegro
-2.667;43.352;Ria de Guernica, Urdaibai ;Bilbao;Euskadi;2000;Sep;Animalia;Aves;Anatidae;Tadorna;Tadorna tadorna;Tarro blanco
-2.667;43.352;Ria de Guernica, Urdaibai ;Bilbao;Euskadi;2000;Apr;Animalia;Aves;Podicipedidae;Tachybaptus;Tachybaptus ruficollis;Zampullin comun
-2.667;43.352;Ria de Guernica, Urdaibai ;Bilbao;Euskadi;2001;Sep;Animalia;Aves;Podicipedidae;Podiceps;Podiceps cristatus;Somormujo lavanco
-2.667;43.352;Ria de Guernica, Urdaibai ;Bilbao;Euskadi;2001;Sep;Animalia;Aves;Podicipedidae;Podiceps;Podiceps nigricollis;Zampullin cuellinegro
-2.667;43.352;Ria de Guernica, Urdaibai ;Bilbao;Euskadi;2001;Sep;Animalia;Aves;Anatidae;Tadorna;Tadorna tadorna;Tarro blanco
-2.667;43.352;Ria de Guernica, Urdaibai ;Bilbao;Euskadi;2001;Apr;Animalia;Aves;Podicipedidae;Tachybaptus;Tachybaptus ruficollis;Zampullin comun
-2.667;43.352;Ria de Guernica, Urdaibai ;Bilbao;Euskadi;2002;Sep;Animalia;Aves;Podicipedidae;Podiceps;Podiceps nigricollis;Zampullin cuellinegro
-2.667;43.352;Ria de Guernica, Urdaibai ;Bilbao;Euskadi;2003;Sep;Animalia;Aves;Podicipedidae;Podiceps;Podiceps cristatus;Somormujo lavanco
-2.667;43.352;Ria de Guernica, Urdaibai ;Bilbao;Euskadi;2003;Sep;Animalia;Aves;Podicipedidae;Podiceps;Podiceps nigricollis;Zampullin cuellinegro
-2.667;43.352;Ria de Guernica, Urdaibai ;Bilbao;Euskadi;2003;Apr;Animalia;Aves;Podicipedidae;Tachybaptus;Tachybaptus ruficollis;Zampullin comun
-2.667;43.352;Ria de Guernica, Urdaibai ;Bilbao;Euskadi;2004;Sep;Animalia;Aves;Podicipedidae;Podiceps;Podiceps cristatus;Somormujo lavanco
-2.667;43.352;Ria de Guernica, Urdaibai ;bilbao;Euskadi;2004;Apr;Animalia;Aves;Podicipedidae;Tachybaptus;Tachybaptus ruficollis;Zampullin comun
-1.779;43.346;Ria de Txingudi;Bilbao;Euskadi;2000;Sep;Animalia;Aves;Podicipedidae;Podiceps;Podiceps cristatus;Somormujo lavanco
-1.779;43.346;Ria de Txingudi;Bilbao;Euskadi;2000;Sep;Animalia;Aves;Podicipedidae;Podiceps;Podiceps nigricollis;Zampullin cuellinegro
-1.779;43.346;Ria de Txingudi;Bilbao;Euskadi;2000;Nov;Animalia;Aves;Anatidae;Netta;Netta rufina;Pato colorado
-1.779;43.346;Ria de Txingudi;Bilbao;Euskadi;2000;Apr;Animalia;Aves;Podicipedidae;Tachybaptus;Tachybaptus ruficollis;Zampullin comun
-2.982;43.313;Ria delNervion ;Bilbao;Euskadi;2000;Sep;Animalia;Aves;Podicipedidae;Podiceps;Podiceps cristatus;Somormujo lavanco
-2.982;43.313;Ria delNervion ;Bilbao;Euskadi;2000;Sep;Animalia;Aves;Podicipedidae;Podiceps;Podiceps nigricollis;Zampullin cuellinegro
-2.982;43.313;Ria delNervion ;Bilbao;Euskadi;2001;Sep;Animalia;Aves;Podicipedidae;Podiceps;Podiceps cristatus;Somormujo lavanco
-2.982;43.313;Ria delNervion ;Bilbao;Euskadi;2001;Sep;Animalia;Aves;Podicipedidae;Podiceps;Podiceps nigricollis;Zampullin cuellinegro
-2.657;43.347;Urdaibai RB--bird center y laguna de Orueta;Bilbao;Euskadi;2000;Sep;Animalia;Aves;Podicipedidae;Podiceps;Podiceps cristatus;Great Crested Grebe
-2.657;43.347;Urdaibai RB--bird center y laguna de Orueta;Bilbao;Euskadi;2000;Sep;Animalia;Aves;Podicipedidae;Podiceps;Podiceps auritus;Horned Grebe
-3.295;43.154;Embalse de Ordunte ;Burgos;Castilla-La Mancha;2003;Sep;Animalia;Aves;Podicipedidae;Podiceps;Podiceps cristatus;Somormujo lavanco
-3.295;43.154;Embalse de Ordunte ;Burgos;Castilla-La Mancha;2004;Sep;Animalia;Aves;Podicipedidae;Podiceps;Podiceps cristatus;Somormujo lavanco
-3.141;42.759;Embalse de Sobron (BU-VI);Burgos;Castilla-La Mancha;2003;Sep;Animalia;Aves;Podicipedidae;Podiceps;Podiceps cristatus;Somormujo lavanco
-3.141;42.759;Embalse de Sobron (BU-VI);Burgos;Castilla-La Mancha;2003;Apr;Animalia;Aves;Podicipedidae;Tachybaptus;Tachybaptus ruficollis;Zampullin comun
-3.927;39.679;Embalse del Arroyo de Valdecabras, Dehesa de Villaverde;Burgos;Castilla-La Mancha;2000;Sep;Animalia;Aves;Podicipedidae;Podiceps;Podiceps cristatus;Somormujo lavanco
-3.928;43.01;Embalse del Ebro (BU-S);Burgos;Castilla-La Mancha;2000;Sep;Animalia;Aves;Podicipedidae;Podiceps;Podiceps cristatus;Somormujo lavanco
-3.928;43.01;Embalse del Ebro (BU-S);Burgos;Castilla-La Mancha;2000;Sep;Animalia;Aves;Podicipedidae;Podiceps;Podiceps nigricollis;Zampullin cuellinegro
-3.928;43.01;Embalse del Ebro (BU-S);Burgos;Castilla-La Mancha;2001;Sep;Animalia;Aves;Podicipedidae;Podiceps;Podiceps cristatus;Somormujo lavanco
-3.928;43.01;Embalse del Ebro (BU-S);Burgos;Castilla-La Mancha;2001;Sep;Animalia;Aves;Podicipedidae;Podiceps;Podiceps nigricollis;Zampullin cuellinegro
-3.928;43.01;Embalse del Ebro (BU-S);Burgos;Castilla-La Mancha;2001;Apr;Animalia;Aves;Podicipedidae;Tachybaptus;Tachybaptus ruficollis;Zampullin comun
-3.928;43.01;Embalse del Ebro (BU-S);Burgos;Castilla-La Mancha;2002;Sep;Animalia;Aves;Podicipedidae;Podiceps;Podiceps cristatus;Somormujo lavanco
-3.928;43.01;Embalse del Ebro (BU-S);Burgos;Castilla-La Mancha;2002;Sep;Animalia;Aves;Podicipedidae;Podiceps;Podiceps nigricollis;Zampullin cuellinegro
-3.928;43.01;Embalse del Ebro (BU-S);Burgos;Castilla-La Mancha;2003;Sep;Animalia;Aves;Podicipedidae;Podiceps;Podiceps cristatus;Somormujo lavanco
-3.928;43.01;Embalse del Ebro (BU-S);Burgos;Castilla-La Mancha;2003;Sep;Animalia;Aves;Podicipedidae;Podiceps;Podiceps nigricollis;Zampullin cuellinegro
-3.928;43.01;Embalse del Ebro (BU-S);Burgos;Castilla-La Mancha;2003;Sep;Animalia;Aves;Anatidae;Tadorna;Tadorna tadorna;Tarro blanco
-3.928;43.01;Embalse del Ebro (BU-S);Burgos;Castilla-La Mancha;2003;Apr;Animalia;Aves;Podicipedidae;Tachybaptus;Tachybaptus ruficollis;Zampullin comun
-3.928;43.01;Embalse del Ebro (BU-S);Burgos;Castilla-La Mancha;2004;Sep;Animalia;Aves;Podicipedidae;Podiceps;Podiceps cristatus;Somormujo lavanco
-3.928;43.01;Embalse del Ebro (BU-S);Burgos;Castilla-La Mancha;2004;Sep;Animalia;Aves;Podicipedidae;Podiceps;Podiceps nigricollis;Zampullin cuellinegro
-3.928;43.01;Embalse del Ebro (BU-S);Burgos;Castilla-La Mancha;2004;Apr;Animalia;Aves;Podicipedidae;Tachybaptus;Tachybaptus ruficollis;Zampullin comun
-3.928;43.024;Embalse del Ebro (S-BU);Burgos;Castilla-La Mancha;2000;Sep;Animalia;Aves;Podicipedidae;Podiceps;Podiceps cristatus;Somormujo lavanco
-3.928;43.024;Embalse del Ebro (S-BU);Burgos;Castilla-La Mancha;2000;Sep;Animalia;Aves;Podicipedidae;Podiceps;Podiceps nigricollis;Zampullin cuellinegro
-3.928;43.024;Embalse del Ebro (S-BU);Burgos;Castilla-La Mancha;2000;Apr;Animalia;Aves;Podicipedidae;Tachybaptus;Tachybaptus ruficollis;Zampullin comun
-3.928;43.024;Embalse del Ebro (S-BU);Burgos;Castilla-La Mancha;2001;Sep;Animalia;Aves;Podicipedidae;Podiceps;Podiceps cristatus;Somormujo lavanco
-3.928;43.024;Embalse del Ebro (S-BU);Burgos;Castilla-La Mancha;2001;Sep;Animalia;Aves;Podicipedidae;Podiceps;Podiceps nigricollis;Zampullin cuellinegro
-3.928;43.024;Embalse del Ebro (S-BU);Burgos;Castilla-La Mancha;2001;Apr;Animalia;Aves;Podicipedidae;Tachybaptus;Tachybaptus ruficollis;Zampullin comun
-3.928;43.024;Embalse del Ebro (S-BU);Burgos;Castilla-La Mancha;2002;Sep;Animalia;Aves;Podicipedidae;Podiceps;Podiceps cristatus;Somormujo lavanco
-3.928;43.024;Embalse del Ebro (S-BU);Burgos;Castilla-La Mancha;2002;Sep;Animalia;Aves;Podicipedidae;Podiceps;Podiceps nigricollis;Zampullin cuellinegro
-3.928;43.024;Embalse del Ebro (S-BU);Burgos;Castilla-La Mancha;2002;Apr;Animalia;Aves;Podicipedidae;Tachybaptus;Tachybaptus ruficollis;Zampullin comun
-3.928;43.024;Embalse del Ebro (S-BU);Burgos;Castilla-La Mancha;2003;Sep;Animalia;Aves;Podicipedidae;Podiceps;Podiceps cristatus;Somormujo lavanco
-3.928;43.024;Embalse del Ebro (S-BU);Burgos;Castilla-La Mancha;2003;Sep;Animalia;Aves;Podicipedidae;Podiceps;Podiceps nigricollis;Zampullin cuellinegro
-3.928;43.024;Embalse del Ebro (S-BU);Burgos;Castilla-La Mancha;2003;Sep;Animalia;Aves;Anatidae;Tadorna;Tadorna tadorna;Tarro blanco
-3.928;43.024;Embalse del Ebro (S-BU);Burgos;Castilla-La Mancha;2003;Apr;Animalia;Aves;Podicipedidae;Tachybaptus;Tachybaptus ruficollis;Zampullin comun
-3.912;43.011;Embalse del Ebro RNat--Area General (Burgos);Burgos;Castilla-La Mancha;2004;Sep;Animalia;Aves;Podicipedidae;Podiceps;Podiceps cristatus;Great Crested Grebe
-3.912;43.011;Embalse del Ebro RNat--Area General (Burgos);Burgos;Castilla-La Mancha;2004;Sep;Animalia;Aves;Podicipedidae;Podiceps;Podiceps nigricollis;Eared Grebe
-3.912;43.011;Embalse del Ebro RNat--Area General (Burgos);Burgos;Castilla-La Mancha;2004;Nov;Animalia;Aves;Anatidae;Anas;Mareca penelope;Eurasian Wigeon
-3.855;41.306;Hoces del Rio Duraton PNat--Area General;Burgos;Castilla-La Mancha;2000;Sep;Animalia;Aves;Tytonidae;Tyto;Tyto alba;Barn Owl
-3.509;43.005;Lagunas de Gayangos ;Burgos;Castilla-La Mancha;2004;Apr;Animalia;Aves;Podicipedidae;Tachybaptus;Tachybaptus ruficollis;Zampullin comun
-3.486;42.932;Medina de Pomar;Burgos;Castilla-La Mancha;2012;Apr;Animalia;Aves;Fringillidae;Fringilla;Fringilla coelebs;Common Chaffinch
-3.486;42.932;Medina de Pomar;Burgos;Castilla-La Mancha;2012;Apr;Animalia;Aves;Ardeidae;Ardea;Ardea alba;Great Egret
-3.486;42.932;Medina de Pomar;Burgos;Castilla-La Mancha;2013;Apr;Animalia;Aves;Fringillidae;Fringilla;Fringilla coelebs;Common Chaffinch
-3.486;42.932;Medina de Pomar;Burgos;Castilla-La Mancha;2014;Apr;Animalia;Aves;Fringillidae;Fringilla;Fringilla coelebs;Common Chaffinch
-3.486;42.932;Medina de Pomar;Burgos;Castilla-La Mancha;2015;Apr;Animalia;Aves;Fringillidae;Fringilla;Fringilla coelebs;Common Chaffinch
-3.665;43.034;Ojo Guarena;Burgos;Castilla-La Mancha;2010;Apr;Animalia;Aves;Fringillidae;Fringilla;Fringilla coelebs;Common Chaffinch
-3.188;43.102;Pantano de Artieta ;Burgos;Castilla-La Mancha;2014;Apr;Animalia;Aves;Podicipedidae;Tachybaptus;Tachybaptus ruficollis;Zampullin comun
-3.69;42.417;Quintanilla Vivar;Burgos;Castilla-La Mancha;2020;Apr;Animalia;Amphibia;Salamandridae;Triturus;Triturus marmoratus;Marbled Newt
-3.052;42.443;Redecilla del Camino;Burgos;Castilla-La Mancha;2013;May;Animalia;Amphibia;Bufonidae;Bufo;Bufo spinosus;Spiny Toad
-3.653;42.217;Revillarruz;Burgos;Castilla-La Mancha;2019;Apr;Animalia;Mammalia;Canidae;Vulpes;Vulpes vulpes;Red Fox
-4.142;42.739;Valle de Valdelucio;Burgos;Castilla-La Mancha;2016;May;Animalia;Amphibia;Hylidae;Hyla;Hyla molleri;Iberian Tree Frog
-3.522;42.059;Burgos;Burgos;Castilla-La Mancha;2007;May;Animalia;Amphibia;Salamandridae;Triturus;Triturus marmoratus;Marbled Newt
-3.55;42.35;Burgos;Burgos;Castilla-La Mancha;2014;Apr;Animalia;Mammalia;Canidae;Vulpes;Vulpes vulpes;Red Fox
-3.658;42.342;Burgos--Fuentesblancas;Burgos;Castilla-La Mancha;2017;Nov;Animalia;Aves;Anatidae;Anas;Mareca penelope;Eurasian Wigeon
-3.658;42.342;Burgos--Fuentesblancas;Burgos;Castilla-La Mancha;2017;Apr;Animalia;Aves;Podicipedidae;Tachybaptus;Tachybaptus ruficollis;Little Grebe
-3.658;42.342;Burgos--Fuentesblancas;Burgos;Castilla-La Mancha;2018;Apr;Animalia;Aves;Podicipedidae;Tachybaptus;Tachybaptus ruficollis;Little Grebe
-3.658;42.342;Burgos--Fuentesblancas;Burgos;Castilla-La Mancha;2019;Apr;Animalia;Aves;Podicipedidae;Tachybaptus;Tachybaptus ruficollis;Little Grebe
-3.295;43.154;Embalse de Ordunte ;Burgos;Castilla-La Mancha;2005;Sep;Animalia;Aves;Podicipedidae;Podiceps;Podiceps cristatus;Somormujo lavanco
-3.295;43.154;Embalse de Ordunte ;Burgos;Castilla-La Mancha;2006;Sep;Animalia;Aves;Podicipedidae;Podiceps;Podiceps cristatus;Somormujo lavanco
-3.295;43.154;Embalse de Ordunte ;Burgos;Castilla-La Mancha;2007;Sep;Animalia;Aves;Podicipedidae;Podiceps;Podiceps cristatus;Somormujo lavanco
-3.295;43.154;Embalse de Ordunte ;Burgos;Castilla-La Mancha;2008;Sep;Animalia;Aves;Podicipedidae;Podiceps;Podiceps cristatus;Somormujo lavanco
-3.295;43.154;Embalse de Ordunte ;Burgos;Castilla-La Mancha;2009;Sep;Animalia;Aves;Podicipedidae;Podiceps;Podiceps cristatus;Somormujo lavanco
-3.295;43.154;Embalse de Ordunte ;Burgos;Castilla-La Mancha;2014;Sep;Animalia;Aves;Podicipedidae;Podiceps;Podiceps cristatus;Somormujo lavanco
-5.278;36.285;Paraje Nat. Estuario Rio Guadiaro; Caceres;Extremadura;2000;Apr;Animalia;Aves;Podicipedidae;Tachybaptus;Tachybaptus ruficollis;Zampullin comun
-5.783;39.352; Herguijuela; Caceres;Extremadura;2019;Apr;Animalia;Reptilia;Colubridae;Hemorrhois;Hemorrhois hippocrepis;Horseshoe Whip Snake
-5.782;39.352; Herguijuela; Caceres;Extremadura;2019;Apr;Animalia;Reptilia;Colubridae;Hemorrhois;Hemorrhois hippocrepis;Horseshoe Whip Snake
-5.828;39.648; Jaraicejo; Caceres;Extremadura;2000;Apr;Animalia;Reptilia;Lacertidae;Timon;Timon lepidus;Ocellated Lizard
-5.826;39.668; Jaraicejo; Caceres;Extremadura;2014;May;Animalia;Reptilia;Lacertidae;Timon;Timon lepidus;Ocellated Lizard
-5.743;39.418; Madronera; Caceres;Extremadura;2017;Apr;Animalia;Reptilia;Colubridae;Hemorrhois;Hemorrhois hippocrepis;Horseshoe Whip Snake
-5.736;39.429; Madronera; Caceres;Extremadura;2017;Apr;Animalia;Reptilia;Colubridae;Hemorrhois;Hemorrhois hippocrepis;Horseshoe Whip Snake
-6.052;39.828; Monfrague; Caceres;Extremadura;2018;May;Animalia;Reptilia;Colubridae;Hemorrhois;Hemorrhois hippocrepis;Horseshoe Whip Snake
-6.032;39.829; Monfrague; Caceres;Extremadura;2018;May;Animalia;Reptilia;Colubridae;Hemorrhois;Hemorrhois hippocrepis;Horseshoe Whip Snake
-6.058;39.827; Monfrague; Caceres;Extremadura;2019;Feb;Animalia;Reptilia;Colubridae;Hemorrhois;Hemorrhois hippocrepis;Horseshoe Whip Snake
-6.048;39.823; Monfrague; Caceres;Extremadura;2019;Mar;Animalia;Reptilia;Lacertidae;Timon;Timon lepidus;Ocellated Lizard
-6.083;39.944; Monfrague camping; Caceres;Extremadura;2003;May;Animalia;Reptilia;Lacertidae;Timon;Timon lepidus;Ocellated Lizard
-6.081;39.945; Monfrague camping; Caceres;Extremadura;2003;May;Animalia;Reptilia;Lacertidae;Timon;Timon lepidus;Ocellated Lizard
-6.084;39.944; Monfrague camping; Caceres;Extremadura;2014;May;Animalia;Reptilia;Lacertidae;Timon;Timon lepidus;Ocellated Lizard
-6.086;39.945; Monfrague camping; Caceres;Extremadura;2016;Mar;Animalia;Reptilia;Lacertidae;Timon;Timon lepidus;Ocellated Lizard
-6.083;39.944; Monfrague camping; Caceres;Extremadura;2017;Apr;Animalia;Reptilia;Colubridae;Hemorrhois;Hemorrhois hippocrepis;Horseshoe Whip Snake
-5.988;39.781; Monfrague P.N.; Caceres;Extremadura;2006;May;Animalia;Reptilia;Lacertidae;Timon;Timon lepidus;Ocellated Lizard
-6.052;39.826; Monfrague P.N.; Caceres;Extremadura;2007;May;Animalia;Reptilia;Lacertidae;Timon;Timon lepidus;Ocellated Lizard
-6.035;39.847; Monfrague P.N.; Caceres;Extremadura;2009;Apr;Animalia;Reptilia;Lacertidae;Timon;Timon lepidus;Ocellated Lizard
-6.025;39.83; Monfrague P.N.; Caceres;Extremadura;2009;Apr;Animalia;Reptilia;Lacertidae;Timon;Timon lepidus;Ocellated Lizard
-6.051;39.828; Monfrague P.N.; Caceres;Extremadura;2010;May;Animalia;Reptilia;Lacertidae;Timon;Timon lepidus;Ocellated Lizard
-6.026;39.831; Monfrague P.N.; Caceres;Extremadura;2010;Apr;Animalia;Reptilia;Lacertidae;Timon;Timon lepidus;Ocellated Lizard
-6.057;39.83; Monfrague P.N.; Caceres;Extremadura;2013;May;Animalia;Reptilia;Colubridae;Hemorrhois;Hemorrhois hippocrepis;Horseshoe Whip Snake
-5.95;39.84; Monfrague P.N.; Caceres;Extremadura;2013;May;Animalia;Reptilia;Lacertidae;Timon;Timon lepidus;Ocellated Lizard
-6.048;39.823; Monfrague P.N.; Caceres;Extremadura;2014;Apr;Animalia;Reptilia;Lacertidae;Timon;Timon lepidus;Ocellated Lizard
-5.959;39.857; Monfrague P.N.; Caceres;Extremadura;2014;Apr;Animalia;Reptilia;Lacertidae;Timon;Timon lepidus;Ocellated Lizard
-6.034;39.829; Monfrague P.N.; Caceres;Extremadura;2015;May;Animalia;Reptilia;Lacertidae;Timon;Timon lepidus;Ocellated Lizard
-5.946;39.862; Monfrague P.N.; Caceres;Extremadura;2015;Apr;Animalia;Reptilia;Lacertidae;Timon;Timon lepidus;Ocellated Lizard
-5.944;39.792; Monfrague P.N.; Caceres;Extremadura;2015;Apr;Animalia;Reptilia;Lacertidae;Timon;Timon lepidus;Ocellated Lizard
-6.195;40.397; Nunomoral; Caceres;Extremadura;2011;Apr;Animalia;Reptilia;Colubridae;Hemorrhois;Hemorrhois hippocrepis;Horseshoe Whip Snake
-6.045;39.889; Serradilla; Caceres;Extremadura;2019;Apr;Animalia;Reptilia;Colubridae;Hemorrhois;Hemorrhois hippocrepis;Horseshoe Whip Snake
-5.748;39.792; Serrejon; Caceres;Extremadura;2017;Apr;Animalia;Reptilia;Colubridae;Hemorrhois;Hemorrhois hippocrepis;Horseshoe Whip Snake
-6.314;39.271;Aldea del Cano--Charca de la Atalaya; Caceres;Extremadura;2018;Nov;Animalia;Aves;Anatidae;Anas;Mareca penelope;Eurasian Wigeon
-6.583;39.495;Arroyo de la Luz; Caceres;Extremadura;2016;Jun;Animalia;Amphibia;Hylidae;Hyla;Hyla molleri;Iberian Tree Frog
-6.088;39.944;Arroyos Barbaon y Calzones; Caceres;Extremadura;2018;May;Animalia;Amphibia;Salamandridae;Pleurodeles;Pleurodeles waltl;Spanish Ribbed Newt
-6.088;39.946;Arroyos Barbaon y Calzones; Caceres;Extremadura;2018;May;Animalia;Amphibia;Salamandridae;Pleurodeles;Pleurodeles waltl;Spanish Ribbed Newt
-6;40.05;Arroyos Barbaon y Calzones; Caceres;Extremadura;2018;Apr;Animalia;Amphibia;Salamandridae;Salamandra;Salamandra salamandra;Fire Salamander
-6;40;Arroyos Barbaon y Calzones; Caceres;Extremadura;2018;Feb;Animalia;Amphibia;Salamandridae;Salamandra;Salamandra salamandra;Fire Salamander
-6;40.05;Arroyos Barbaon y Calzones; Caceres;Extremadura;2018;Feb;Animalia;Amphibia;Salamandridae;Salamandra;Salamandra salamandra;Fire Salamander
-5.982;40.05;Arroyos Barbaon y Calzones; Caceres;Extremadura;2018;Apr;Animalia;Amphibia;Salamandridae;Lissotriton;Lissotriton boscai;Bosca's Newt
-5.982;40.05;Arroyos Barbaon y Calzones; Caceres;Extremadura;2018;Feb;Animalia;Amphibia;Salamandridae;Lissotriton;Lissotriton boscai;Bosca's Newt
-5.982;40.05;Arroyos Barbaon y Calzones; Caceres;Extremadura;2018;Apr;Animalia;Amphibia;Salamandridae;Lissotriton;Lissotriton boscai;Bosca's Newt
-5.982;40.05;Arroyos Barbaon y Calzones; Caceres;Extremadura;2019;Apr;Animalia;Amphibia;Salamandridae;Salamandra;Salamandra salamandra;Fire Salamander
-5.982;40.05;Arroyos Barbaon y Calzones; Caceres;Extremadura;2019;Apr;Animalia;Amphibia;Salamandridae;Lissotriton;Lissotriton boscai;Bosca's Newt
-6;40.05;Arroyos Barbaon y Calzones; Caceres;Extremadura;2020;Feb;Animalia;Amphibia;Salamandridae;Salamandra;Salamandra salamandra;Fire Salamander
-6.368;39.976;Arrozales de El Batan; Caceres;Extremadura;2013;Apr;Animalia;Aves;Threskiornithidae;Platalea;Platalea leucorodia;Espatula comun
-6.368;39.976;Arrozales de El Batan ; Caceres;Extremadura;2013;Apr;Animalia;Aves;Ardeidae;Ardeola;Ardeola ralloides;Garcilla cangrejera
-6.092;40.133;Arrozales de Madrigalejo ; Caceres;Extremadura;2002;Apr;Animalia;Aves;Podicipedidae;Tachybaptus;Tachybaptus ruficollis;Zampullin comun
-6.344;39.942;Arrozales de Riolobos ; Caceres;Extremadura;2013;Sep;Animalia;Aves;Anatidae;Tadorna;Tadorna tadorna;Tarro blanco
-6.275;39.999;Arrozales y laguna de Galisteo ; Caceres;Extremadura;2013;Apr;Animalia;Aves;Threskiornithidae;Platalea;Platalea leucorodia;Espatula comun
-6.313;39.98;Caceres; Caceres;Extremadura;2014;Feb;Animalia;Mammalia;Herpestidae;Herpestes;Herpestes ichneumon;Egyptian Mongoose
-5.878;39.892;Caceres; Caceres;Extremadura;2014;Apr;Animalia;Mammalia;Canidae;Vulpes;Vulpes vulpes;Red Fox
-6.15;39.35;Caceres; Caceres;Extremadura;2015;Apr;Animalia;Mammalia;Canidae;Vulpes;Vulpes vulpes;Red Fox
-6.05;39.15;Caceres; Caceres;Extremadura;2015;May;Animalia;Mammalia;Canidae;Vulpes;Vulpes vulpes;Red Fox
-5.9;39.85;Caceres; Caceres;Extremadura;2015;Apr;Animalia;Mammalia;Canidae;Vulpes;Vulpes vulpes;Red Fox
-5.9;39.85;Caceres; Caceres;Extremadura;2015;May;Animalia;Mammalia;Canidae;Vulpes;Vulpes vulpes;Red Fox
-6.584;39.493;Charca de Arroyo de la Luz ; Caceres;Extremadura;2002;Sep;Animalia;Aves;Podicipedidae;Podiceps;Podiceps cristatus;Somormujo lavanco
-6.584;39.493;Charca de Arroyo de la Luz ; Caceres;Extremadura;2002;Sep;Animalia;Aves;Podicipedidae;Podiceps;Podiceps nigricollis;Zampullin cuellinegro
-6.584;39.493;Charca de Arroyo de la Luz ; Caceres;Extremadura;2002;Apr;Animalia;Aves;Podicipedidae;Tachybaptus;Tachybaptus ruficollis;Zampullin comun
-6.769;39.627;Charca de Brozas ; Caceres;Extremadura;2002;Apr;Animalia;Aves;Threskiornithidae;Platalea;Platalea leucorodia;Espatula comun
-6.769;39.627;Charca de Brozas ; Caceres;Extremadura;2002;Sep;Animalia;Aves;Anatidae;Tadorna;Tadorna tadorna;Tarro blanco
-6.769;39.627;Charca de Brozas ; Caceres;Extremadura;2002;Nov;Animalia;Aves;Anatidae;Netta;Netta rufina;Pato colorado
-6.769;39.627;Charca de Brozas ; Caceres;Extremadura;2002;Apr;Animalia;Aves;Podicipedidae;Tachybaptus;Tachybaptus ruficollis;Zampullin comun
-5.751;39.543;Charca de Carmonilla ; Caceres;Extremadura;2002;Apr;Animalia;Aves;Podicipedidae;Tachybaptus;Tachybaptus ruficollis;Zampullin comun
-6.528;40.405;Charca de Molano ; Caceres;Extremadura;2002;Sep;Animalia;Aves;Podicipedidae;Podiceps;Podiceps cristatus;Somormujo lavanco
-6.528;40.405;Charca de Molano ; Caceres;Extremadura;2002;Apr;Animalia;Aves;Podicipedidae;Tachybaptus;Tachybaptus ruficollis;Zampullin comun
-6.132;39.34;Charca de Torrealba ; Caceres;Extremadura;2002;Apr;Animalia;Aves;Podicipedidae;Tachybaptus;Tachybaptus ruficollis;Zampullin comun
-6.422;39.557;Charca del Casar ; Caceres;Extremadura;2002;Sep;Animalia;Aves;Podicipedidae;Podiceps;Podiceps cristatus;Somormujo lavanco
-6.422;39.557;Charca del Casar ; Caceres;Extremadura;2002;Apr;Animalia;Aves;Podicipedidae;Tachybaptus;Tachybaptus ruficollis;Zampullin comun
-5.838;39.544;Charca El Carrascal (Trujillo) ; Caceres;Extremadura;2002;Apr;Animalia;Aves;Podicipedidae;Tachybaptus;Tachybaptus ruficollis;Zampullin comun
-6.281;40.038;Charca Eucaliptos, Galisteo ; Caceres;Extremadura;2002;Apr;Animalia;Aves;Podicipedidae;Tachybaptus;Tachybaptus ruficollis;Zampullin comun
-6.16;39.975;Charca Judio y Moro, Plasencia ; Caceres;Extremadura;2002;Apr;Animalia;Aves;Podicipedidae;Tachybaptus;Tachybaptus ruficollis;Zampullin comun
-5.773;39.893;Charca La Calera, Toril ; Caceres;Extremadura;2002;Apr;Animalia;Aves;Podicipedidae;Tachybaptus;Tachybaptus ruficollis;Zampullin comun
-6.221;39.976;Charca la Torrecilla, Plasencia ; Caceres;Extremadura;2002;Apr;Animalia;Aves;Podicipedidae;Tachybaptus;Tachybaptus ruficollis;Zampullin comun
-5.611;39.194;Charcas de Casas de Hito ; Caceres;Extremadura;2003;Apr;Animalia;Aves;Podicipedidae;Tachybaptus;Tachybaptus ruficollis;Zampullin comun
-5.737;39.879;Charco Salado, Casatejada ; Caceres;Extremadura;2002;Apr;Animalia;Aves;Ardeidae;Ardea;Egretta alba;Garceta grande
-6.262;39.451;Depuradora Sierra Fuentes ; Caceres;Extremadura;2002;Sep;Animalia;Aves;Podicipedidae;Podiceps;Podiceps cristatus;Somormujo lavanco
-6.262;39.451;Depuradora Sierra Fuentes ; Caceres;Extremadura;2002;Apr;Animalia;Aves;Podicipedidae;Tachybaptus;Tachybaptus ruficollis;Zampullin comun
-6.673;39.594;Embalse Arce I, Brozas ; Caceres;Extremadura;2002;Sep;Animalia;Aves;Podicipedidae;Podiceps;Podiceps cristatus;Somormujo lavanco
-6.686;39.594;Embalse Arce II, Brozas ; Caceres;Extremadura;2002;Sep;Animalia;Aves;Podicipedidae;Podiceps;Podiceps cristatus;Somormujo lavanco
-6.72;39.618;Embalse de Abastecimiento Brozas ; Caceres;Extremadura;2002;Sep;Animalia;Aves;Podicipedidae;Podiceps;Podiceps cristatus;Somormujo lavanco
-6.72;39.618;Embalse de Abastecimiento Brozas ; Caceres;Extremadura;2002;Apr;Animalia;Aves;Podicipedidae;Tachybaptus;Tachybaptus ruficollis;Zampullin comun
-6.199;40.225;Embalse de Ahigal ; Caceres;Extremadura;2002;Sep;Animalia;Aves;Podicipedidae;Podiceps;Podiceps cristatus;Somormujo lavanco
-6.199;40.225;Embalse de Ahigal ; Caceres;Extremadura;2002;Sep;Animalia;Aves;Podicipedidae;Podiceps;Podiceps nigricollis;Zampullin cuellinegro
-6.199;40.225;Embalse de Ahigal ; Caceres;Extremadura;2002;Apr;Animalia;Aves;Podicipedidae;Tachybaptus;Tachybaptus ruficollis;Zampullin comun
-6.199;40.225;Embalse de Ahigal ; Caceres;Extremadura;2004;Sep;Animalia;Aves;Podicipedidae;Podiceps;Podiceps cristatus;Somormujo lavanco
-6.199;40.225;Embalse de Ahigal ; Caceres;Extremadura;2004;Sep;Animalia;Aves;Podicipedidae;Podiceps;Podiceps nigricollis;Zampullin cuellinegro
-6.782;39.769;Embalse de Alcantara ; Caceres;Extremadura;2002;Apr;Animalia;Aves;Podicipedidae;Tachybaptus;Tachybaptus ruficollis;Zampullin comun
-6.782;39.769;Embalse de Alcantara ; Caceres;Extremadura;2003;Sep;Animalia;Aves;Podicipedidae;Podiceps;Podiceps cristatus;Somormujo lavanco
-5.735;39.785;Embalse de Arrocampo ; Caceres;Extremadura;2002;Apr;Animalia;Aves;Podicipedidae;Tachybaptus;Tachybaptus ruficollis;Zampullin comun
-5.735;39.785;Embalse de Arrocampo ; Caceres;Extremadura;2003;Sep;Animalia;Aves;Podicipedidae;Podiceps;Podiceps cristatus;Somormujo lavanco
-5.735;39.785;Embalse de Arrocampo ; Caceres;Extremadura;2003;Apr;Animalia;Aves;Ardeidae;Ardea;Egretta alba;Garceta grande
-5.735;39.785;Embalse de Arrocampo ; Caceres;Extremadura;2003;Apr;Animalia;Aves;Podicipedidae;Tachybaptus;Tachybaptus ruficollis;Zampullin comun
-6.721;39.616;Embalse de Brozas ; Caceres;Extremadura;2002;Sep;Animalia;Aves;Podicipedidae;Podiceps;Podiceps cristatus;Somormujo lavanco
-6.721;39.616;Embalse de Brozas ; Caceres;Extremadura;2002;Apr;Animalia;Aves;Podicipedidae;Tachybaptus;Tachybaptus ruficollis;Zampullin comun
-11.789;39.584;Embalse de el Tozo ; Caceres;Extremadura;2003;Sep;Animalia;Aves;Podicipedidae;Podiceps;Podiceps cristatus;Somormujo lavanco
-11.789;39.584;Embalse de el Tozo ; Caceres;Extremadura;2003;Apr;Animalia;Aves;Podicipedidae;Tachybaptus;Tachybaptus ruficollis;Zampullin comun
-6.132;40.223;Embalse de Gabriel y Galan ; Caceres;Extremadura;2002;Sep;Animalia;Aves;Podicipedidae;Podiceps;Podiceps cristatus;Somormujo lavanco
-6.132;40.223;Embalse de Gabriel y Galan ; Caceres;Extremadura;2003;Sep;Animalia;Aves;Podicipedidae;Podiceps;Podiceps cristatus;Somormujo lavanco
-6.296;39.489;Embalse de Guadiloba ; Caceres;Extremadura;2002;Sep;Animalia;Aves;Podicipedidae;Podiceps;Podiceps cristatus;Somormujo lavanco
-6.296;39.489;Embalse de Guadiloba ; Caceres;Extremadura;2002;Apr;Animalia;Aves;Podicipedidae;Tachybaptus;Tachybaptus ruficollis;Zampullin comun
-6.142;40.18;Embalse de Guijo de Granadilla ; Caceres;Extremadura;2002;Sep;Animalia;Aves;Podicipedidae;Podiceps;Podiceps cristatus;Somormujo lavanco
-6.156;39.29;Embalse de Ibahernando ; Caceres;Extremadura;2002;Apr;Animalia;Aves;Podicipedidae;Tachybaptus;Tachybaptus ruficollis;Zampullin comun
-6.231;39.315;Embalse de las Tres Torres ; Caceres;Extremadura;2002;Sep;Animalia;Aves;Podicipedidae;Podiceps;Podiceps cristatus;Somormujo lavanco
-6.231;39.315;Embalse de las Tres Torres ; Caceres;Extremadura;2002;Apr;Animalia;Aves;Podicipedidae;Tachybaptus;Tachybaptus ruficollis;Zampullin comun
-6.013;39.993;Embalse de Malpartida de Plasencia ; Caceres;Extremadura;2002;Sep;Animalia;Aves;Podicipedidae;Podiceps;Podiceps cristatus;Somormujo lavanco
-6.808;39.697;Embalse de Mata Alcantara ; Caceres;Extremadura;2002;Apr;Animalia;Aves;Podicipedidae;Tachybaptus;Tachybaptus ruficollis;Zampullin comun
-6.025;40.068;Embalse de Plasencia ; Caceres;Extremadura;2002;Sep;Animalia;Aves;Podicipedidae;Podiceps;Podiceps cristatus;Somormujo lavanco
-6.025;40.068;Embalse de Plasencia ; Caceres;Extremadura;2002;Apr;Animalia;Aves;Podicipedidae;Tachybaptus;Tachybaptus ruficollis;Zampullin comun
-6.538;39.886;Embalse de Portaje ; Caceres;Extremadura;2002;Sep;Animalia;Aves;Podicipedidae;Podiceps;Podiceps cristatus;Somormujo lavanco
-6.538;39.886;Embalse de Portaje ; Caceres;Extremadura;2002;Apr;Animalia;Aves;Podicipedidae;Tachybaptus;Tachybaptus ruficollis;Zampullin comun
-6.64;40.123;Embalse de Ribera Gata ; Caceres;Extremadura;2002;Sep;Animalia;Aves;Podicipedidae;Podiceps;Podiceps cristatus;Somormujo lavanco
-5.644;39.195;Embalse de Sierra Brava ; Caceres;Extremadura;2002;Sep;Animalia;Aves;Podicipedidae;Podiceps;Podiceps cristatus;Somormujo lavanco
-5.644;39.195;Embalse de Sierra Brava ; Caceres;Extremadura;2002;Sep;Animalia;Aves;Podicipedidae;Podiceps;Podiceps nigricollis;Zampullin cuellinegro
-5.644;39.195;Embalse de Sierra Brava ; Caceres;Extremadura;2002;Sep;Animalia;Aves;Anatidae;Tadorna;Tadorna tadorna;Tarro blanco
-5.644;39.195;Embalse de Sierra Brava ; Caceres;Extremadura;2002;Apr;Animalia;Aves;Podicipedidae;Tachybaptus;Tachybaptus ruficollis;Zampullin comun
-5.644;39.195;Embalse de Sierra Brava ; Caceres;Extremadura;2003;Sep;Animalia;Aves;Podicipedidae;Podiceps;Podiceps cristatus;Somormujo lavanco
-5.644;39.195;Embalse de Sierra Brava ; Caceres;Extremadura;2003;Sep;Animalia;Aves;Podicipedidae;Podiceps;Podiceps nigricollis;Zampullin cuellinegro
-5.644;39.195;Embalse de Sierra Brava ; Caceres;Extremadura;2003;Jul;Animalia;Aves;Ardeidae;Ardea;Egretta alba;Garceta grande
-5.644;39.195;Embalse de Sierra Brava ; Caceres;Extremadura;2003;Jul;Animalia;Aves;Podicipedidae;Tachybaptus;Tachybaptus ruficollis;Zampullin comun
-6.217;40.572;Embalse de Talavan ; Caceres;Extremadura;2002;Sep;Animalia;Aves;Podicipedidae;Podiceps;Podiceps cristatus;Somormujo lavanco
-6.217;40.572;Embalse de Talavan ; Caceres;Extremadura;2002;Jul;Animalia;Aves;Podicipedidae;Tachybaptus;Tachybaptus ruficollis;Zampullin comun
-6.217;40.572;Embalse de Talavan ; Caceres;Extremadura;2003;Sep;Animalia;Aves;Podicipedidae;Podiceps;Podiceps cristatus;Somormujo lavanco
-6.217;40.572;Embalse de Talavan ; Caceres;Extremadura;2003;Sep;Animalia;Aves;Podicipedidae;Podiceps;Podiceps nigricollis;Zampullin cuellinegro
-6.217;40.572;Embalse de Talavan ; Caceres;Extremadura;2003;Jul;Animalia;Aves;Podicipedidae;Tachybaptus;Tachybaptus ruficollis;Zampullin comun
-5.61;39.779;Embalse de Valdecanas ; Caceres;Extremadura;2002;Sep;Animalia;Aves;Podicipedidae;Podiceps;Podiceps nigricollis;Zampullin cuellinegro
-5.61;39.779;Embalse de Valdecanas ; Caceres;Extremadura;2003;Sep;Animalia;Aves;Podicipedidae;Podiceps;Podiceps cristatus;Somormujo lavanco
-6.012;39.994;Embalse de Valdelinares ; Caceres;Extremadura;2002;Sep;Animalia;Aves;Podicipedidae;Podiceps;Podiceps cristatus;Somormujo lavanco
-6.577;40.11;Embalse del Borbollon ; Caceres;Extremadura;2002;Sep;Animalia;Aves;Podicipedidae;Podiceps;Podiceps cristatus;Somormujo lavanco
-6.577;40.11;Embalse del Borbollon ; Caceres;Extremadura;2003;Sep;Animalia;Aves;Podicipedidae;Podiceps;Podiceps cristatus;Somormujo lavanco
-6.421;39.556;Embalse del Cordel, Casar de Caceres ; Caceres;Extremadura;2002;Sep;Animalia;Aves;Podicipedidae;Podiceps;Podiceps cristatus;Somormujo lavanco
-6.421;39.556;Embalse del Cordel, Casar de Caceres ; Caceres;Extremadura;2002;Jul;Animalia;Aves;Podicipedidae;Tachybaptus;Tachybaptus ruficollis;Zampullin comun
23.315;36.225;Embalse del Cubilar ; Caceres;Extremadura;2002;Sep;Animalia;Aves;Podicipedidae;Podiceps;Podiceps cristatus;Somormujo lavanco
23.315;36.225;Embalse del Cubilar ; Caceres;Extremadura;2002;Sep;Animalia;Aves;Podicipedidae;Podiceps;Podiceps nigricollis;Zampullin cuellinegro
23.315;36.225;Embalse del Cubilar ; Caceres;Extremadura;2002;Sep;Animalia;Aves;Anatidae;Tadorna;Tadorna tadorna;Tarro blanco
23.315;36.225;Embalse del Cubilar ; Caceres;Extremadura;2002;Jul;Animalia;Aves;Podicipedidae;Tachybaptus;Tachybaptus ruficollis;Zampullin comun
23.315;36.225;Embalse del Cubilar ; Caceres;Extremadura;2003;Sep;Animalia;Aves;Podicipedidae;Podiceps;Podiceps cristatus;Somormujo lavanco
-6.197;39.35;Embalse del Gallo ; Caceres;Extremadura;2002;Sep;Animalia;Aves;Podicipedidae;Podiceps;Podiceps cristatus;Somormujo lavanco
-6.197;39.35;Embalse del Gallo ; Caceres;Extremadura;2002;Jul;Animalia;Aves;Podicipedidae;Tachybaptus;Tachybaptus ruficollis;Zampullin comun
-5.49;39.274;Embalse del Rio Ruecas ; Caceres;Extremadura;2002;Sep;Animalia;Aves;Podicipedidae;Podiceps;Podiceps nigricollis;Zampullin cuellinegro
-6.291;40.053;Galisteo; Caceres;Extremadura;2013;Jul;Animalia;Mammalia;Herpestidae;Herpestes;Herpestes ichneumon;Egyptian Mongoose
-5.85;39.65;Jaraicejo; Caceres;Extremadura;2020;Jul;Animalia;Mammalia;Canidae;Vulpes;Vulpes vulpes;Red Fox
-6.228;40.482;Ladrillar; Caceres;Extremadura;2005;Jul;Animalia;Mammalia;Bovidae;Capra;Capra pyrenaica;Iberian Ibex
-6.228;40.482;Ladrillar; Caceres;Extremadura;2006;Jul;Animalia;Mammalia;Bovidae;Capra;Capra pyrenaica;Iberian Ibex
-6.777;42.492;Lago de Carucedo; Caceres;Extremadura;2002;Jul;Animalia;Aves;Podicipedidae;Tachybaptus;Tachybaptus ruficollis;Zampullin comun
-5.585;39.148;Madrigalejo; Caceres;Extremadura;2018;Feb;Animalia;Mammalia;Herpestidae;Herpestes;Herpestes ichneumon;Egyptian Mongoose
-5.8;39.4;Madronera; Caceres;Extremadura;2017;Apr;Animalia;Mammalia;Mustelidae;Meles;Meles meles;Eurasian Badger
-5.75;39.4;Madronera; Caceres;Extremadura;2017;Apr;Animalia;Mammalia;Canidae;Vulpes;Vulpes vulpes;Red Fox
-5.75;39.4;Madronera; Caceres;Extremadura;2017;Apr;Animalia;Mammalia;Mustelidae;Meles;Meles meles;Eurasian Badger
-6.1;39.9;Malpartida de Plasencia; Caceres;Extremadura;2017;Apr;Animalia;Mammalia;Canidae;Vulpes;Vulpes vulpes;Red Fox
-6.1;39.95;Malpartida de Plasencia; Caceres;Extremadura;2018;Jul;Animalia;Mammalia;Mustelidae;Meles;Meles meles;Eurasian Badger
-5.95;39.9;Malpartida de Plasencia; Caceres;Extremadura;2018;Jul;Animalia;Mammalia;Canidae;Vulpes;Vulpes vulpes;Red Fox
-6.1;39.95;Malpartida de Plasencia; Caceres;Extremadura;2019;Jul;Animalia;Mammalia;Canidae;Vulpes;Vulpes vulpes;Red Fox
-6.05;40;Malpartida de Plasencia; Caceres;Extremadura;2019;Jul;Animalia;Mammalia;Canidae;Vulpes;Vulpes vulpes;Red Fox
-6.001;40.047;Malpartida de Plasencia; Caceres;Extremadura;2019;Jul;Animalia;Mammalia;Mustelidae;Meles;Meles meles;Eurasian Badger
-5.993;40.054;Malpartida de Plasencia; Caceres;Extremadura;2019;Feb;Animalia;Mammalia;Mustelidae;Meles;Meles meles;Eurasian Badger
-6;39.95;Malpartida de Plasencia; Caceres;Extremadura;2020;Feb;Animalia;Mammalia;Canidae;Vulpes;Vulpes vulpes;Red Fox
-6.008;39.993;Malpartida de Plasencia; Caceres;Extremadura;2014;Apr;Animalia;Amphibia;Hylidae;Hyla;Hyla meridionalis;Mediterranean Tree Frog
-6.076;39.931;Malpartida de Plasencia; Caceres;Extremadura;2017;Nov;Animalia;Amphibia;Pelobatidae;Pelobates;Pelobates cultripes;Western Spadefoot
-6.067;39.921;Malpartida de Plasencia; Caceres;Extremadura;2017;Nov;Animalia;Amphibia;Pelobatidae;Pelobates;Pelobates cultripes;Western Spadefoot
-6.141;39.905;Malpartida de Plasencia; Caceres;Extremadura;2018;May;Animalia;Amphibia;Pelobatidae;Pelobates;Pelobates cultripes;Western Spadefoot
-6.134;39.914;Malpartida de Plasencia; Caceres;Extremadura;2018;May;Animalia;Amphibia;Bufonidae;Bufo;Bufo spinosus;Spiny Toad
-6.13;39.919;Malpartida de Plasencia; Caceres;Extremadura;2018;May;Animalia;Amphibia;Pelobatidae;Pelobates;Pelobates cultripes;Western Spadefoot
-6.128;39.922;Malpartida de Plasencia; Caceres;Extremadura;2018;May;Animalia;Amphibia;Pelobatidae;Pelobates;Pelobates cultripes;Western Spadefoot
-6.127;39.926;Malpartida de Plasencia; Caceres;Extremadura;2018;May;Animalia;Amphibia;Pelobatidae;Pelobates;Pelobates cultripes;Western Spadefoot
-6.127;39.923;Malpartida de Plasencia; Caceres;Extremadura;2018;May;Animalia;Amphibia;Bufonidae;Bufo;Bufo spinosus;Spiny Toad
-6.125;39.928;Malpartida de Plasencia; Caceres;Extremadura;2018;May;Animalia;Amphibia;Salamandridae;Pleurodeles;Pleurodeles waltl;Spanish Ribbed Newt
-6.121;39.93;Malpartida de Plasencia; Caceres;Extremadura;2018;May;Animalia;Amphibia;Pelobatidae;Pelobates;Pelobates cultripes;Western Spadefoot
-6.102;39.935;Malpartida de Plasencia; Caceres;Extremadura;2018;May;Animalia;Amphibia;Pelobatidae;Pelobates;Pelobates cultripes;Western Spadefoot
-6.101;39.936;Malpartida de Plasencia; Caceres;Extremadura;2018;May;Animalia;Amphibia;Pelobatidae;Pelobates;Pelobates cultripes;Western Spadefoot
-6.099;39.936;Malpartida de Plasencia; Caceres;Extremadura;2018;May;Animalia;Amphibia;Salamandridae;Pleurodeles;Pleurodeles waltl;Spanish Ribbed Newt
-6.062;39.967;Malpartida de Plasencia; Caceres;Extremadura;2018;Feb;Animalia;Amphibia;Salamandridae;Pleurodeles;Pleurodeles waltl;Spanish Ribbed Newt
-6.04;39.976;Malpartida de Plasencia; Caceres;Extremadura;2018;Mar;Animalia;Amphibia;Salamandridae;Pleurodeles;Pleurodeles waltl;Spanish Ribbed Newt
-6.039;39.985;Malpartida de Plasencia; Caceres;Extremadura;2018;Apr;Animalia;Amphibia;Pelobatidae;Pelobates;Pelobates cultripes;Western Spadefoot
-6.039;39.984;Malpartida de Plasencia; Caceres;Extremadura;2018;Apr;Animalia;Amphibia;Pelobatidae;Pelobates;Pelobates cultripes;Western Spadefoot
-6.035;39.966;Malpartida de Plasencia; Caceres;Extremadura;2018;Feb;Animalia;Amphibia;Pelobatidae;Pelobates;Pelobates cultripes;Western Spadefoot
-6.032;39.949;Malpartida de Plasencia; Caceres;Extremadura;2018;Jul;Animalia;Amphibia;Salamandridae;Pleurodeles;Pleurodeles waltl;Spanish Ribbed Newt
-6.03;39.98;Malpartida de Plasencia; Caceres;Extremadura;2018;Mar;Animalia;Amphibia;Pelobatidae;Pelobates;Pelobates cultripes;Western Spadefoot
-6.029;39.975;Malpartida de Plasencia; Caceres;Extremadura;2018;Mar;Animalia;Amphibia;Pelobatidae;Pelobates;Pelobates cultripes;Western Spadefoot
-6.028;39.976;Malpartida de Plasencia; Caceres;Extremadura;2018;Mar;Animalia;Amphibia;Salamandridae;Pleurodeles;Pleurodeles waltl;Spanish Ribbed Newt
-6.026;39.954;Malpartida de Plasencia; Caceres;Extremadura;2018;Feb;Animalia;Amphibia;Hylidae;Hyla;Hyla meridionalis;Mediterranean Tree Frog
-6.026;39.953;Malpartida de Plasencia; Caceres;Extremadura;2018;Feb;Animalia;Amphibia;Hylidae;Hyla;Hyla meridionalis;Mediterranean Tree Frog
-6.021;40.008;Malpartida de Plasencia; Caceres;Extremadura;2018;Jul;Animalia;Amphibia;Pelobatidae;Pelobates;Pelobates cultripes;Western Spadefoot
-6.012;39.964;Malpartida de Plasencia; Caceres;Extremadura;2018;Apr;Animalia;Amphibia;Salamandridae;Pleurodeles;Pleurodeles waltl;Spanish Ribbed Newt
-6.008;39.964;Malpartida de Plasencia; Caceres;Extremadura;2018;Apr;Animalia;Amphibia;Salamandridae;Pleurodeles;Pleurodeles waltl;Spanish Ribbed Newt
-6.007;39.994;Malpartida de Plasencia; Caceres;Extremadura;2018;Mar;Animalia;Amphibia;Hylidae;Hyla;Hyla meridionalis;Mediterranean Tree Frog
-6;40.05;Malpartida de Plasencia; Caceres;Extremadura;2018;Jul;Animalia;Amphibia;Salamandridae;Salamandra;Salamandra salamandra;Fire Salamander
-6;40.05;Malpartida de Plasencia; Caceres;Extremadura;2018;Feb;Animalia;Amphibia;Salamandridae;Salamandra;Salamandra salamandra;Fire Salamander
-5.994;40.054;Malpartida de Plasencia; Caceres;Extremadura;2018;Jul;Animalia;Amphibia;Salamandridae;Lissotriton;Lissotriton boscai;Bosca's Newt
-5.994;40.054;Malpartida de Plasencia; Caceres;Extremadura;2018;Feb;Animalia;Amphibia;Salamandridae;Lissotriton;Lissotriton boscai;Bosca's Newt
-5.994;40.048;Malpartida de Plasencia; Caceres;Extremadura;2018;Mar;Animalia;Amphibia;Salamandridae;Lissotriton;Lissotriton boscai;Bosca's Newt
-5.994;40.053;Malpartida de Plasencia; Caceres;Extremadura;2018;Apr;Animalia;Amphibia;Salamandridae;Lissotriton;Lissotriton boscai;Bosca's Newt
-5.994;40.054;Malpartida de Plasencia; Caceres;Extremadura;2018;Apr;Animalia;Amphibia;Salamandridae;Lissotriton;Lissotriton boscai;Bosca's Newt
-5.991;39.962;Malpartida de Plasencia; Caceres;Extremadura;2018;Mar;Animalia;Amphibia;Hylidae;Hyla;Hyla meridionalis;Mediterranean Tree Frog
-5.991;40.053;Malpartida de Plasencia; Caceres;Extremadura;2018;Feb;Animalia;Amphibia;Salamandridae;Lissotriton;Lissotriton boscai;Bosca's Newt
-5.986;40.059;Malpartida de Plasencia; Caceres;Extremadura;2018;Jun;Animalia;Amphibia;Salamandridae;Lissotriton;Lissotriton boscai;Bosca's Newt
-5.979;40.015;Malpartida de Plasencia; Caceres;Extremadura;2018;Mar;Animalia;Amphibia;Salamandridae;Lissotriton;Lissotriton boscai;Bosca's Newt
-5.977;40.051;Malpartida de Plasencia; Caceres;Extremadura;2018;Apr;Animalia;Amphibia;Salamandridae;Lissotriton;Lissotriton boscai;Bosca's Newt
-5.974;39.956;Malpartida de Plasencia; Caceres;Extremadura;2018;Mar;Animalia;Amphibia;Salamandridae;Pleurodeles;Pleurodeles waltl;Spanish Ribbed Newt
-6.231;39.917;Malpartida de Plasencia; Caceres;Extremadura;2019;Apr;Animalia;Amphibia;Salamandridae;Pleurodeles;Pleurodeles waltl;Spanish Ribbed Newt
-6.088;39.945;Malpartida de Plasencia; Caceres;Extremadura;2019;Apr;Animalia;Amphibia;Salamandridae;Pleurodeles;Pleurodeles waltl;Spanish Ribbed Newt
-6.069;39.957;Malpartida de Plasencia; Caceres;Extremadura;2019;Apr;Animalia;Amphibia;Pelobatidae;Pelobates;Pelobates cultripes;Western Spadefoot
-6.064;39.906;Malpartida de Plasencia; Caceres;Extremadura;2019;Apr;Animalia;Amphibia;Salamandridae;Pleurodeles;Pleurodeles waltl;Spanish Ribbed Newt
-6.063;39.966;Malpartida de Plasencia; Caceres;Extremadura;2019;Apr;Animalia;Amphibia;Salamandridae;Pleurodeles;Pleurodeles waltl;Spanish Ribbed Newt
-6.044;39.978;Malpartida de Plasencia; Caceres;Extremadura;2019;Feb;Animalia;Amphibia;Hylidae;Hyla;Hyla meridionalis;Mediterranean Tree Frog
-6.038;39.985;Malpartida de Plasencia; Caceres;Extremadura;2019;Mar;Animalia;Amphibia;Hylidae;Hyla;Hyla meridionalis;Mediterranean Tree Frog
-6.032;39.98;Malpartida de Plasencia; Caceres;Extremadura;2019;Mar;Animalia;Amphibia;Hylidae;Hyla;Hyla meridionalis;Mediterranean Tree Frog
-6.029;39.994;Malpartida de Plasencia; Caceres;Extremadura;2019;Mar;Animalia;Amphibia;Hylidae;Hyla;Hyla meridionalis;Mediterranean Tree Frog
-6.021;39.948;Malpartida de Plasencia; Caceres;Extremadura;2019;Mar;Animalia;Amphibia;Hylidae;Hyla;Hyla meridionalis;Mediterranean Tree Frog
-6.009;39.992;Malpartida de Plasencia; Caceres;Extremadura;2019;Mar;Animalia;Amphibia;Hylidae;Hyla;Hyla meridionalis;Mediterranean Tree Frog
-6.004;39.966;Malpartida de Plasencia; Caceres;Extremadura;2019;May;Animalia;Amphibia;Salamandridae;Pleurodeles;Pleurodeles waltl;Spanish Ribbed Newt
-6;40.05;Malpartida de Plasencia; Caceres;Extremadura;2019;Mar;Animalia;Amphibia;Salamandridae;Salamandra;Salamandra salamandra;Fire Salamander
-5.994;40.042;Malpartida de Plasencia; Caceres;Extremadura;2019;Jul;Animalia;Amphibia;Salamandridae;Lissotriton;Lissotriton boscai;Bosca's Newt
-5.994;40.053;Malpartida de Plasencia; Caceres;Extremadura;2019;Mar;Animalia;Amphibia;Salamandridae;Lissotriton;Lissotriton boscai;Bosca's Newt
-5.994;40.054;Malpartida de Plasencia; Caceres;Extremadura;2019;Mar;Animalia;Amphibia;Salamandridae;Lissotriton;Lissotriton boscai;Bosca's Newt
-5.989;40.055;Malpartida de Plasencia; Caceres;Extremadura;2019;Jul;Animalia;Amphibia;Salamandridae;Salamandra;Salamandra salamandra;Fire Salamander
-5.989;40.055;Malpartida de Plasencia; Caceres;Extremadura;2019;Jul;Animalia;Amphibia;Salamandridae;Lissotriton;Lissotriton boscai;Bosca's Newt
-5.989;40.055;Malpartida de Plasencia; Caceres;Extremadura;2019;Mar;Animalia;Amphibia;Salamandridae;Lissotriton;Lissotriton boscai;Bosca's Newt
-5.982;40.055;Malpartida de Plasencia; Caceres;Extremadura;2019;Mar;Animalia;Amphibia;Salamandridae;Lissotriton;Lissotriton boscai;Bosca's Newt
-6.074;39.963;Malpartida de Plasencia; Caceres;Extremadura;2020;Feb;Animalia;Amphibia;Salamandridae;Pleurodeles;Pleurodeles waltl;Spanish Ribbed Newt
-6.073;39.963;Malpartida de Plasencia; Caceres;Extremadura;2020;Feb;Animalia;Amphibia;Salamandridae;Lissotriton;Lissotriton boscai;Bosca's Newt
-6.064;39.961;Malpartida de Plasencia; Caceres;Extremadura;2020;Jul;Animalia;Amphibia;Salamandridae;Pleurodeles;Pleurodeles waltl;Spanish Ribbed Newt
-6.064;39.961;Malpartida de Plasencia; Caceres;Extremadura;2020;Mar;Animalia;Amphibia;Salamandridae;Pleurodeles;Pleurodeles waltl;Spanish Ribbed Newt
-6.043;39.987;Malpartida de Plasencia; Caceres;Extremadura;2020;Apr;Animalia;Amphibia;Salamandridae;Pleurodeles;Pleurodeles waltl;Spanish Ribbed Newt
-6;40.05;Malpartida de Plasencia; Caceres;Extremadura;2020;Feb;Animalia;Amphibia;Salamandridae;Salamandra;Salamandra salamandra;Fire Salamander
-6;40;Malpartida de Plasencia; Caceres;Extremadura;2020;Feb;Animalia;Amphibia;Salamandridae;Salamandra;Salamandra salamandra;Fire Salamander
-7.06;39.521;Membrio--Embalse de Membrio; Caceres;Extremadura;2009;Jul;Animalia;Aves;Fringillidae;Fringilla;Fringilla coelebs;Common Chaffinch
-7.06;39.521;Membrio--Embalse de Membrio; Caceres;Extremadura;2009;Jul;Animalia;Aves;Upupidae;Upupa;Upupa epops;Eurasian Hoopoe
-7.06;39.521;Membrio--Embalse de Membrio; Caceres;Extremadura;2009;Nov;Animalia;Aves;Anatidae;Anas;Mareca penelope;Eurasian Wigeon
-7.06;39.521;Membrio--Embalse de Membrio; Caceres;Extremadura;2009;Jul;Animalia;Aves;Ardeidae;Ardea;Ardea alba;Great Egret
-7.06;39.521;Membrio--Embalse de Membrio; Caceres;Extremadura;2009;Jul;Animalia;Aves;Podicipedidae;Tachybaptus;Tachybaptus ruficollis;Little Grebe
-5.9;39.75;Monfrague; Caceres;Extremadura;2012;May;Animalia;Mammalia;Canidae;Vulpes;Vulpes vulpes;Red Fox
-5.9;39.75;Monfrague; Caceres;Extremadura;2015;Apr;Animalia;Mammalia;Canidae;Vulpes;Vulpes vulpes;Red Fox
-6.035;39.83;Monfrague; Caceres;Extremadura;2010;Mar;Animalia;Amphibia;Bufonidae;Bufo;Bufo spinosus;Spiny Toad
-6.028;39.845;Monfrague; Caceres;Extremadura;2010;Apr;Animalia;Amphibia;Hylidae;Hyla;Hyla meridionalis;Mediterranean Tree Frog
-6.028;39.845;Monfrague; Caceres;Extremadura;2013;Apr;Animalia;Amphibia;Hylidae;Hyla;Hyla meridionalis;Mediterranean Tree Frog
-5.951;39.807;Monfrague; Caceres;Extremadura;2013;Apr;Animalia;Amphibia;Hylidae;Hyla;Hyla meridionalis;Mediterranean Tree Frog
-5.951;39.807;Monfrague; Caceres;Extremadura;2013;Apr;Animalia;Amphibia;Salamandridae;Lissotriton;Lissotriton boscai;Bosca's Newt
-5.951;39.807;Monfrague; Caceres;Extremadura;2013;Apr;Animalia;Amphibia;Bufonidae;Bufo;Bufo spinosus;Spiny Toad
-6.034;39.864;Monfrague; Caceres;Extremadura;2016;Aug;Animalia;Amphibia;Hylidae;Hyla;Hyla molleri;Iberian Tree Frog
-6.053;39.829;Monfrague; Caceres;Extremadura;2017;Mar;Animalia;Amphibia;Salamandridae;Lissotriton;Lissotriton boscai;Bosca's Newt
-6.053;39.829;Monfrague; Caceres;Extremadura;2017;Apr;Animalia;Amphibia;Salamandridae;Lissotriton;Lissotriton boscai;Bosca's Newt
-6.05;39.8;Monfrague; Caceres;Extremadura;2017;Mar;Animalia;Amphibia;Salamandridae;Salamandra;Salamandra salamandra;Fire Salamander
-6.035;39.83;Monfrague; Caceres;Extremadura;2017;Apr;Animalia;Amphibia;Salamandridae;Lissotriton;Lissotriton boscai;Bosca's Newt
-6.015;39.847;Monfrague; Caceres;Extremadura;2017;Apr;Animalia;Amphibia;Salamandridae;Lissotriton;Lissotriton boscai;Bosca's Newt
-6.009;39.848;Monfrague; Caceres;Extremadura;2017;Sep;Animalia;Amphibia;Bufonidae;Bufo;Bufo spinosus;Spiny Toad
-6.005;39.846;Monfrague; Caceres;Extremadura;2017;Apr;Animalia;Amphibia;Bufonidae;Bufo;Bufo spinosus;Spiny Toad
-6.002;39.842;Monfrague; Caceres;Extremadura;2017;Apr;Animalia;Amphibia;Salamandridae;Lissotriton;Lissotriton boscai;Bosca's Newt
-6.053;39.829;Monfrague; Caceres;Extremadura;2018;Jul;Animalia;Amphibia;Salamandridae;Lissotriton;Lissotriton boscai;Bosca's Newt
-6.053;39.829;Monfrague; Caceres;Extremadura;2018;Mar;Animalia;Amphibia;Salamandridae;Lissotriton;Lissotriton boscai;Bosca's Newt
-6.052;39.829;Monfrague; Caceres;Extremadura;2018;Apr;Animalia;Amphibia;Salamandridae;Lissotriton;Lissotriton boscai;Bosca's Newt
-6.036;39.83;Monfrague; Caceres;Extremadura;2018;Jul;Animalia;Amphibia;Salamandridae;Lissotriton;Lissotriton boscai;Bosca's Newt
-6.036;39.83;Monfrague; Caceres;Extremadura;2018;Mar;Animalia;Amphibia;Salamandridae;Lissotriton;Lissotriton boscai;Bosca's Newt
-6.035;39.83;Monfrague; Caceres;Extremadura;2018;Mar;Animalia;Amphibia;Salamandridae;Salamandra;Salamandra salamandra;Fire Salamander
-6.035;39.83;Monfrague; Caceres;Extremadura;2018;Jul;Animalia;Amphibia;Salamandridae;Lissotriton;Lissotriton boscai;Bosca's Newt
-6.035;39.83;Monfrague; Caceres;Extremadura;2018;May;Animalia;Amphibia;Salamandridae;Lissotriton;Lissotriton boscai;Bosca's Newt
-6.028;39.845;Monfrague; Caceres;Extremadura;2018;Mar;Animalia;Amphibia;Hylidae;Hyla;Hyla molleri;Iberian Tree Frog
-6.002;39.842;Monfrague; Caceres;Extremadura;2018;Jul;Animalia;Amphibia;Salamandridae;Lissotriton;Lissotriton boscai;Bosca's Newt
-6.002;39.842;Monfrague; Caceres;Extremadura;2018;Mar;Animalia;Amphibia;Salamandridae;Lissotriton;Lissotriton boscai;Bosca's Newt
-6.034;39.864;Monfrague; Caceres;Extremadura;2019;Apr;Animalia;Amphibia;Salamandridae;Lissotriton;Lissotriton boscai;Bosca's Newt
-6.028;39.845;Monfrague; Caceres;Extremadura;2019;Apr;Animalia;Amphibia;Salamandridae;Lissotriton;Lissotriton boscai;Bosca's Newt
-6.036;39.83;Monfrague; Caceres;Extremadura;2020;Feb;Animalia;Amphibia;Salamandridae;Lissotriton;Lissotriton boscai;Bosca's Newt
-6.05;39.8;Monfrague; Caceres;Extremadura;2006;Jul;Animalia;Mammalia;Canidae;Vulpes;Vulpes vulpes;Red Fox
-6.085;39.946;Monfrague camping; Caceres;Extremadura;2011;Apr;Animalia;Amphibia;Hylidae;Hyla;Hyla meridionalis;Mediterranean Tree Frog
-6.083;39.943;Monfrague camping; Caceres;Extremadura;2011;Apr;Animalia;Amphibia;Hylidae;Hyla;Hyla meridionalis;Mediterranean Tree Frog
-6.084;39.944;Monfrague camping; Caceres;Extremadura;2013;Apr;Animalia;Amphibia;Hylidae;Hyla;Hyla meridionalis;Mediterranean Tree Frog
-6.083;39.944;Monfrague camping; Caceres;Extremadura;2013;Apr;Animalia;Amphibia;Hylidae;Hyla;Hyla meridionalis;Mediterranean Tree Frog
-6.085;39.944;Monfrague camping; Caceres;Extremadura;2014;Apr;Animalia;Amphibia;Salamandridae;Triturus;Triturus marmoratus;Marbled Newt
-6.084;39.944;Monfrague camping; Caceres;Extremadura;2014;Apr;Animalia;Amphibia;Salamandridae;Triturus;Triturus marmoratus;Marbled Newt
-6.085;39.946;Monfrague camping; Caceres;Extremadura;2015;May;Animalia;Amphibia;Salamandridae;Pleurodeles;Pleurodeles waltl;Spanish Ribbed Newt
-6.084;39.944;Monfrague camping; Caceres;Extremadura;2015;May;Animalia;Amphibia;Hylidae;Hyla;Hyla meridionalis;Mediterranean Tree Frog
-6.086;39.945;Monfrague camping; Caceres;Extremadura;2017;Nov;Animalia;Amphibia;Pelobatidae;Pelobates;Pelobates cultripes;Western Spadefoot
-6.085;39.944;Monfrague camping; Caceres;Extremadura;2018;May;Animalia;Amphibia;Pelobatidae;Pelobates;Pelobates cultripes;Western Spadefoot
-6.086;39.945;Monfrague camping; Caceres;Extremadura;2019;Apr;Animalia;Amphibia;Pelobatidae;Pelobates;Pelobates cultripes;Western Spadefoot
-6.086;39.945;Monfrague camping; Caceres;Extremadura;2019;Apr;Animalia;Amphibia;Salamandridae;Pleurodeles;Pleurodeles waltl;Spanish Ribbed Newt
-6.08;39.945;Monfrague camping; Caceres;Extremadura;2020;Feb;Animalia;Amphibia;Hylidae;Hyla;Hyla meridionalis;Mediterranean Tree Frog
-6.1;39.8;Monfrague P.N.; Caceres;Extremadura;2003;May;Animalia;Mammalia;Canidae;Vulpes;Vulpes vulpes;Red Fox
-6.05;39.85;Monfrague P.N.; Caceres;Extremadura;2005;May;Animalia;Mammalia;Canidae;Vulpes;Vulpes vulpes;Red Fox
-5.95;39.75;Monfrague P.N.; Caceres;Extremadura;2006;Dec;Animalia;Mammalia;Canidae;Vulpes;Vulpes vulpes;Red Fox
-6.05;39.85;Monfrague P.N.; Caceres;Extremadura;2007;Sep;Animalia;Mammalia;Canidae;Vulpes;Vulpes vulpes;Red Fox
-6;39.85;Monfrague P.N.; Caceres;Extremadura;2008;Apr;Animalia;Mammalia;Canidae;Vulpes;Vulpes vulpes;Red Fox
-5.95;39.75;Monfrague P.N.; Caceres;Extremadura;2008;Mar;Animalia;Mammalia;Canidae;Vulpes;Vulpes vulpes;Red Fox
-5.95;39.75;Monfrague P.N.; Caceres;Extremadura;2009;Feb;Animalia;Mammalia;Canidae;Vulpes;Vulpes vulpes;Red Fox
-6;39.8;Monfrague P.N.; Caceres;Extremadura;2010;May;Animalia;Mammalia;Canidae;Vulpes;Vulpes vulpes;Red Fox
-6;39.8;Monfrague P.N.; Caceres;Extremadura;2010;Jun;Animalia;Mammalia;Canidae;Vulpes;Vulpes vulpes;Red Fox
-6;39.85;Monfrague P.N.; Caceres;Extremadura;2011;Jul;Animalia;Mammalia;Canidae;Vulpes;Vulpes vulpes;Red Fox
-6;39.8;Monfrague P.N.; Caceres;Extremadura;2011;Jul;Animalia;Mammalia;Canidae;Vulpes;Vulpes vulpes;Red Fox
-6.1;39.8;Monfrague P.N.; Caceres;Extremadura;2012;Jul;Animalia;Mammalia;Canidae;Vulpes;Vulpes vulpes;Red Fox
-6.05;39.8;Monfrague P.N.; Caceres;Extremadura;2012;Jul;Animalia;Mammalia;Canidae;Vulpes;Vulpes vulpes;Red Fox
-6;39.8;Monfrague P.N.; Caceres;Extremadura;2012;May;Animalia;Mammalia;Canidae;Vulpes;Vulpes vulpes;Red Fox
-6;39.8;Monfrague P.N.; Caceres;Extremadura;2012;Jul;Animalia;Mammalia;Canidae;Vulpes;Vulpes vulpes;Red Fox
-5.95;39.85;Monfrague P.N.; Caceres;Extremadura;2012;Jun;Animalia;Mammalia;Canidae;Vulpes;Vulpes vulpes;Red Fox
-6.05;39.8;Monfrague P.N.; Caceres;Extremadura;2013;May;Animalia;Mammalia;Canidae;Vulpes;Vulpes vulpes;Red Fox
-6.05;39.8;Monfrague P.N.; Caceres;Extremadura;2013;Jun;Animalia;Mammalia;Canidae;Vulpes;Vulpes vulpes;Red Fox
-6;39.8;Monfrague P.N.; Caceres;Extremadura;2013;Apr;Animalia;Mammalia;Canidae;Vulpes;Vulpes vulpes;Red Fox
-6;39.8;Monfrague P.N.; Caceres;Extremadura;2013;May;Animalia;Mammalia;Canidae;Vulpes;Vulpes vulpes;Red Fox
-5.95;39.8;Monfrague P.N.; Caceres;Extremadura;2013;Apr;Animalia;Mammalia;Canidae;Vulpes;Vulpes vulpes;Red Fox
-5.95;39.75;Monfrague P.N.; Caceres;Extremadura;2013;Jul;Animalia;Mammalia;Canidae;Vulpes;Vulpes vulpes;Red Fox
-6.05;39.8;Monfrague P.N.; Caceres;Extremadura;2014;Apr;Animalia;Mammalia;Canidae;Vulpes;Vulpes vulpes;Red Fox
-6;39.8;Monfrague P.N.; Caceres;Extremadura;2014;Mar;Animalia;Mammalia;Canidae;Vulpes;Vulpes vulpes;Red Fox
-6;39.8;Monfrague P.N.; Caceres;Extremadura;2014;Apr;Animalia;Mammalia;Canidae;Vulpes;Vulpes vulpes;Red Fox
-6;39.8;Monfrague P.N.; Caceres;Extremadura;2014;May;Animalia;Mammalia;Canidae;Vulpes;Vulpes vulpes;Red Fox
-6.05;39.8;Monfrague P.N.; Caceres;Extremadura;2015;Apr;Animalia;Mammalia;Canidae;Vulpes;Vulpes vulpes;Red Fox
-6.002;39.842;Monfrague P.N.; Caceres;Extremadura;2015;May;Animalia;Mammalia;Canidae;Vulpes;Vulpes vulpes;Red Fox
-6;39.8;Monfrague P.N.; Caceres;Extremadura;2015;Mar;Animalia;Mammalia;Canidae;Vulpes;Vulpes vulpes;Red Fox
-6;39.8;Monfrague P.N.; Caceres;Extremadura;2015;Apr;Animalia;Mammalia;Canidae;Vulpes;Vulpes vulpes;Red Fox
-6;39.8;Monfrague P.N.; Caceres;Extremadura;2015;May;Animalia;Mammalia;Canidae;Vulpes;Vulpes vulpes;Red Fox
-5.995;39.837;Monfrague P.N.; Caceres;Extremadura;2015;Apr;Animalia;Mammalia;Herpestidae;Herpestes;Herpestes ichneumon;Egyptian Mongoose
-6.058;39.829;Monfrague P.N.; Caceres;Extremadura;2001;Apr;Animalia;Amphibia;Bufonidae;Bufo;Bufo spinosus;Spiny Toad
-6.05;39.8;Monfrague P.N.; Caceres;Extremadura;2010;Apr;Animalia;Amphibia;Salamandridae;Salamandra;Salamandra salamandra;Fire Salamander
-6.035;39.83;Monfrague P.N.; Caceres;Extremadura;2010;Jun;Animalia;Amphibia;Bufonidae;Bufo;Bufo spinosus;Spiny Toad
-6.033;39.83;Monfrague P.N.; Caceres;Extremadura;2010;Apr;Animalia;Amphibia;Bufonidae;Bufo;Bufo spinosus;Spiny Toad
-6.033;39.829;Monfrague P.N.; Caceres;Extremadura;2010;Apr;Animalia;Amphibia;Bufonidae;Bufo;Bufo spinosus;Spiny Toad
-6.03;39.84;Monfrague P.N.; Caceres;Extremadura;2010;Apr;Animalia;Amphibia;Salamandridae;Lissotriton;Lissotriton boscai;Bosca's Newt
-6.04;39.851;Monfrague P.N.; Caceres;Extremadura;2011;Apr;Animalia;Amphibia;Salamandridae;Lissotriton;Lissotriton boscai;Bosca's Newt
-6.039;39.851;Monfrague P.N.; Caceres;Extremadura;2011;Apr;Animalia;Amphibia;Salamandridae;Lissotriton;Lissotriton boscai;Bosca's Newt
-6.032;39.83;Monfrague P.N.; Caceres;Extremadura;2011;Apr;Animalia;Amphibia;Bufonidae;Bufo;Bufo spinosus;Spiny Toad
-6.027;39.839;Monfrague P.N.; Caceres;Extremadura;2011;Apr;Animalia;Amphibia;Bufonidae;Bufo;Bufo spinosus;Spiny Toad
-6.025;39.849;Monfrague P.N.; Caceres;Extremadura;2011;May;Animalia;Amphibia;Salamandridae;Lissotriton;Lissotriton boscai;Bosca's Newt
-5.947;39.859;Monfrague P.N.; Caceres;Extremadura;2011;Apr;Animalia;Amphibia;Bufonidae;Bufo;Bufo spinosus;Spiny Toad
-6.04;39.85;Monfrague P.N.; Caceres;Extremadura;2012;Apr;Animalia;Amphibia;Salamandridae;Lissotriton;Lissotriton boscai;Bosca's Newt
-6.035;39.83;Monfrague P.N.; Caceres;Extremadura;2012;May;Animalia;Amphibia;Bufonidae;Bufo;Bufo spinosus;Spiny Toad
-6.04;39.85;Monfrague P.N.; Caceres;Extremadura;2013;May;Animalia;Amphibia;Salamandridae;Lissotriton;Lissotriton boscai;Bosca's Newt
-6.039;39.851;Monfrague P.N.; Caceres;Extremadura;2013;Apr;Animalia;Amphibia;Salamandridae;Lissotriton;Lissotriton boscai;Bosca's Newt
-6.03;39.83;Monfrague P.N.; Caceres;Extremadura;2013;Apr;Animalia;Amphibia;Bufonidae;Bufo;Bufo spinosus;Spiny Toad
-6.029;39.849;Monfrague P.N.; Caceres;Extremadura;2013;Apr;Animalia;Amphibia;Hylidae;Hyla;Hyla meridionalis;Mediterranean Tree Frog
-6.029;39.847;Monfrague P.N.; Caceres;Extremadura;2013;Apr;Animalia;Amphibia;Bufonidae;Bufo;Bufo spinosus;Spiny Toad
-6.028;39.845;Monfrague P.N.; Caceres;Extremadura;2013;Apr;Animalia;Amphibia;Hylidae;Hyla;Hyla meridionalis;Mediterranean Tree Frog
-6.028;39.845;Monfrague P.N.; Caceres;Extremadura;2013;Apr;Animalia;Amphibia;Salamandridae;Triturus;Triturus marmoratus;Marbled Newt
-6.028;39.845;Monfrague P.N.; Caceres;Extremadura;2013;Apr;Animalia;Amphibia;Salamandridae;Lissotriton;Lissotriton boscai;Bosca's Newt
-6.028;39.845;Monfrague P.N.; Caceres;Extremadura;2013;Apr;Animalia;Amphibia;Salamandridae;Pleurodeles;Pleurodeles waltl;Spanish Ribbed Newt
-6.024;39.848;Monfrague P.N.; Caceres;Extremadura;2013;Apr;Animalia;Amphibia;Hylidae;Hyla;Hyla meridionalis;Mediterranean Tree Frog
-5.95;39.84;Monfrague P.N.; Caceres;Extremadura;2013;May;Animalia;Amphibia;Hylidae;Hyla;Hyla meridionalis;Mediterranean Tree Frog
-5.95;39.84;Monfrague P.N.; Caceres;Extremadura;2013;May;Animalia;Amphibia;Pelobatidae;Pelobates;Pelobates cultripes;Western Spadefoot
-6.051;39.847;Monfrague P.N.; Caceres;Extremadura;2014;Apr;Animalia;Amphibia;Salamandridae;Lissotriton;Lissotriton boscai;Bosca's Newt
-6.039;39.85;Monfrague P.N.; Caceres;Extremadura;2014;Aug;Animalia;Amphibia;Bufonidae;Bufo;Bufo spinosus;Spiny Toad
-6.029;39.846;Monfrague P.N.; Caceres;Extremadura;2014;May;Animalia;Amphibia;Hylidae;Hyla;Hyla meridionalis;Mediterranean Tree Frog
-6.029;39.846;Monfrague P.N.; Caceres;Extremadura;2014;May;Animalia;Amphibia;Salamandridae;Lissotriton;Lissotriton boscai;Bosca's Newt
-6.029;39.846;Monfrague P.N.; Caceres;Extremadura;2014;May;Animalia;Amphibia;Bufonidae;Bufo;Bufo spinosus;Spiny Toad
-6.028;39.845;Monfrague P.N.; Caceres;Extremadura;2014;Apr;Animalia;Amphibia;Bufonidae;Bufo;Bufo spinosus;Spiny Toad
-6.049;39.871;Monfrague P.N.; Caceres;Extremadura;2015;Apr;Animalia;Amphibia;Salamandridae;Pleurodeles;Pleurodeles waltl;Spanish Ribbed Newt
-6.047;39.829;Monfrague P.N.; Caceres;Extremadura;2015;Apr;Animalia;Amphibia;Salamandridae;Lissotriton;Lissotriton boscai;Bosca's Newt
-6.036;39.819;Monfrague P.N.; Caceres;Extremadura;2015;Apr;Animalia;Amphibia;Salamandridae;Pleurodeles;Pleurodeles waltl;Spanish Ribbed Newt
-6.028;39.845;Monfrague P.N.; Caceres;Extremadura;2015;Apr;Animalia;Amphibia;Hylidae;Hyla;Hyla meridionalis;Mediterranean Tree Frog
-6.028;39.845;Monfrague P.N.; Caceres;Extremadura;2015;Apr;Animalia;Amphibia;Salamandridae;Triturus;Triturus marmoratus;Marbled Newt
-6.028;39.845;Monfrague P.N.; Caceres;Extremadura;2015;Apr;Animalia;Amphibia;Bufonidae;Bufo;Bufo spinosus;Spiny Toad
-6.026;39.829;Monfrague P.N.; Caceres;Extremadura;2015;Apr;Animalia;Amphibia;Salamandridae;Lissotriton;Lissotriton boscai;Bosca's Newt
-6.119;39.651;Monroy; Caceres;Extremadura;2019;Apr;Animalia;Amphibia;Salamandridae;Pleurodeles;Pleurodeles waltl;Spanish Ribbed Newt
-6.183;39.216;Montanchez; Caceres;Extremadura;2017;Mar;Animalia;Amphibia;Salamandridae;Pleurodeles;Pleurodeles waltl;Spanish Ribbed Newt
-6.172;39.208;Montanchez; Caceres;Extremadura;2019;Apr;Animalia;Amphibia;Salamandridae;Pleurodeles;Pleurodeles waltl;Spanish Ribbed Newt
-6.099;40.045;Monte Valcorchero; Caceres;Extremadura;2020;Feb;Animalia;Amphibia;Salamandridae;Salamandra;Salamandra salamandra;Fire Salamander
-6.1;40.049;Monte Valcorchero; Caceres;Extremadura;2019;Feb;Animalia;Mammalia;Mustelidae;Meles;Meles meles;Eurasian Badger
-6.348;39.969;Montehermoso; Caceres;Extremadura;2016;Feb;Animalia;Mammalia;Herpestidae;Herpestes;Herpestes ichneumon;Egyptian Mongoose
-5.375;39.566;Navalvillar de Ibor--Collado de la Berezosa; Caceres;Extremadura;2016;Jul;Animalia;Aves;Upupidae;Upupa;Upupa epops;Eurasian Hoopoe
-6.35;40.35;Nunomoral; Caceres;Extremadura;2018;Jul;Animalia;Amphibia;Salamandridae;Salamandra;Salamandra salamandra;Fire Salamander
-6.32;40.397;Nunomoral; Caceres;Extremadura;2019;Apr;Animalia;Amphibia;Bufonidae;Bufo;Bufo spinosus;Spiny Toad
-6.1;40.1;Oliva de Plasencia; Caceres;Extremadura;2019;Jul;Animalia;Mammalia;Canidae;Vulpes;Vulpes vulpes;Red Fox
-6.084;40.165;Oliva de Plasencia--Charca de Fresnedilla; Caceres;Extremadura;2015;Nov;Animalia;Aves;Anatidae;Anas;Mareca penelope;Eurasian Wigeon
-6.084;40.165;Oliva de Plasencia--Charca de Fresnedilla; Caceres;Extremadura;2017;Jul;Animalia;Aves;Ardeidae;Ardea;Ardea alba;Great Egret
-6.084;40.165;Oliva de Plasencia--Charca de Fresnedilla; Caceres;Extremadura;2018;Jul;Animalia;Aves;Ardeidae;Ardea;Ardea alba;Great Egret
-6.084;40.165;Oliva de Plasencia--Charca de Fresnedilla; Caceres;Extremadura;2019;Jul;Animalia;Aves;Podicipedidae;Tachybaptus;Tachybaptus ruficollis;Little Grebe
-6.085;40.125;Oliva de Plasencia--Laguna del Estanco; Caceres;Extremadura;2015;Jul;Animalia;Aves;Threskiornithidae;Plegadis;Plegadis falcinellus;Glossy Ibis
-5.45;39.8;Peraleda de la Mata; Caceres;Extremadura;2017;Apr;Animalia;Mammalia;Canidae;Vulpes;Vulpes vulpes;Red Fox
-5.8;40.151;Piornal; Caceres;Extremadura;2017;Apr;Animalia;Amphibia;Salamandridae;Lissotriton;Lissotriton boscai;Bosca's Newt
-6.05;40.06;Plasencia; Caceres;Extremadura;2017;Apr;Animalia;Amphibia;Salamandridae;Lissotriton;Lissotriton boscai;Bosca's Newt
-6.471;39.796;Portezuelo; Caceres;Extremadura;2020;Jul;Animalia;Mammalia;Herpestidae;Herpestes;Herpestes ichneumon;Egyptian Mongoose
-6.044;40.062;Rios Alagon y Jerte; Caceres;Extremadura;2020;Jul;Animalia;Amphibia;Hylidae;Hyla;Hyla meridionalis;Mediterranean Tree Frog
-5.982;39.25;Robledillo de Trujillo; Caceres;Extremadura;2017;Mar;Animalia;Amphibia;Salamandridae;Pleurodeles;Pleurodeles waltl;Spanish Ribbed Newt
-5.982;39.25;Robledillo de Trujillo; Caceres;Extremadura;2018;Apr;Animalia;Amphibia;Salamandridae;Pleurodeles;Pleurodeles waltl;Spanish Ribbed Newt
-7.011;39.479;Salorino; Caceres;Extremadura;2009;Jun;Animalia;Amphibia;Hylidae;Hyla;Hyla meridionalis;Mediterranean Tree Frog
-7.2;39.25;San Vicente de Alcantara; Caceres;Extremadura;2019;Feb;Animalia;Amphibia;Salamandridae;Salamandra;Salamandra salamandra;Fire Salamander
-5.829;39.365;Santa Cruz de la Sierra; Caceres;Extremadura;2017;Apr;Animalia;Amphibia;Pelobatidae;Pelobates;Pelobates cultripes;Western Spadefoot
-5.829;39.365;Santa Cruz de la Sierra; Caceres;Extremadura;2017;Apr;Animalia;Amphibia;Salamandridae;Pleurodeles;Pleurodeles waltl;Spanish Ribbed Newt
-6.361;39.637;Santiago del Campo; Caceres;Extremadura;2010;Mar;Animalia;Amphibia;Pelobatidae;Pelobates;Pelobates cultripes;Western Spadefoot
-6.361;39.637;Santiago del Campo; Caceres;Extremadura;2010;Mar;Animalia;Amphibia;Salamandridae;Pleurodeles;Pleurodeles waltl;Spanish Ribbed Newt
-6.15;39.8;Serradilla; Caceres;Extremadura;2006;Jul;Animalia;Mammalia;Canidae;Vulpes;Vulpes vulpes;Red Fox
-6.15;39.7;Serradilla; Caceres;Extremadura;2014;Jul;Animalia;Mammalia;Mustelidae;Meles;Meles meles;Eurasian Badger
-6.05;39.8;Serradilla; Caceres;Extremadura;2016;Apr;Animalia;Mammalia;Canidae;Vulpes;Vulpes vulpes;Red Fox
-6.039;39.851;Serradilla; Caceres;Extremadura;2016;May;Animalia;Amphibia;Salamandridae;Lissotriton;Lissotriton boscai;Bosca's Newt
-6.146;39.825;Serradilla; Caceres;Extremadura;2019;Apr;Animalia;Amphibia;Pelobatidae;Pelobates;Pelobates cultripes;Western Spadefoot
-5.123;39.519;Sierra de Altamira; Caceres;Extremadura;2016;Jul;Animalia;Aves;Fringillidae;Fringilla;Fringilla coelebs;Common Chaffinch
-6.318;39.612;Talavan; Caceres;Extremadura;2010;Mar;Animalia;Amphibia;Salamandridae;Pleurodeles;Pleurodeles waltl;Spanish Ribbed Newt
-5.936;39.861;Toril; Caceres;Extremadura;2019;Apr;Animalia;Amphibia;Salamandridae;Lissotriton;Lissotriton boscai;Bosca's Newt
-5.98;39.747;Torrejon el Rubio; Caceres;Extremadura;2012;Apr;Animalia;Amphibia;Salamandridae;Lissotriton;Lissotriton boscai;Bosca's Newt
-5.98;39.747;Torrejon el Rubio; Caceres;Extremadura;2012;Apr;Animalia;Amphibia;Salamandridae;Pleurodeles;Pleurodeles waltl;Spanish Ribbed Newt
-5.98;39.747;Torrejon el Rubio; Caceres;Extremadura;2012;Apr;Animalia;Amphibia;Pelobatidae;Pelobates;Pelobates cultripes;Western Spadefoot
-6.012;39.772;Torrejon el Rubio; Caceres;Extremadura;2019;Apr;Animalia;Amphibia;Bufonidae;Bufo;Bufo spinosus;Spiny Toad
-6.47;39.895;Torrejoncillo; Caceres;Extremadura;2018;Sep;Animalia;Aves;Tytonidae;Tyto;Tyto alba;Barn Owl
-5.897;39.505;Trujillo; Caceres;Extremadura;2012;Apr;Animalia;Amphibia;Salamandridae;Pleurodeles;Pleurodeles waltl;Spanish Ribbed Newt
-5.915;39.515;Trujillo; Caceres;Extremadura;2016;Apr;Animalia;Amphibia;Pelobatidae;Pelobates;Pelobates cultripes;Western Spadefoot
-6.038;39.55;Trujillo; Caceres;Extremadura;2017;Apr;Animalia;Amphibia;Salamandridae;Pleurodeles;Pleurodeles waltl;Spanish Ribbed Newt
-5.409;40.164;Villanueva de la Vera; Caceres;Extremadura;2019;Apr;Animalia;Amphibia;Salamandridae;Lissotriton;Lissotriton boscai;Bosca's Newt
-6.057;40.202;Zarza de Granadilla; Caceres;Extremadura;2019;Mar;Animalia;Amphibia;Alytidae;Discoglossus;Discoglossus galganoi;Iberian Painted Frog
-4.016;38.152; Sierras de Andujar; Caceres;Extremadura;2009;Apr;Animalia;Reptilia;Lacertidae;Timon;Timon lepidus;Ocellated Lizard
-3.997;38.166; Sierras de Andujar; Caceres;Extremadura;2014;May;Animalia;Reptilia;Lacertidae;Timon;Timon lepidus;Ocellated Lizard
-4.02;38.15; Sierras de Andujar; Caceres;Extremadura;2015;Oct;Animalia;Reptilia;Colubridae;Hemorrhois;Hemorrhois hippocrepis;Horseshoe Whip Snake
-3.974;38.223; Sierras de Andujar; Caceres;Extremadura;2017;Jun;Animalia;Reptilia;Colubridae;Hemorrhois;Hemorrhois hippocrepis;Horseshoe Whip Snake
-3.971;38.223; Sierras de Andujar; Caceres;Extremadura;2017;Feb;Animalia;Reptilia;Colubridae;Hemorrhois;Hemorrhois hippocrepis;Horseshoe Whip Snake
-5.442;39.43;Berzocana; Caceres;Extremadura;2018;Apr;Animalia;Amphibia;Salamandridae;Lissotriton;Lissotriton boscai;Bosca's Newt
-5.458;39.443;Berzocana; Caceres;Extremadura;2019;May;Animalia;Amphibia;Salamandridae;Lissotriton;Lissotriton boscai;Bosca's Newt
-5.458;39.443;Berzocana; Caceres;Extremadura;2019;Jun;Animalia;Amphibia;Bufonidae;Bufo;Bufo spinosus;Spiny Toad
-5.457;39.442;Berzocana; Caceres;Extremadura;2019;Mar;Animalia;Amphibia;Bufonidae;Bufo;Bufo spinosus;Spiny Toad
-5.461;39.433;Berzocana; Caceres;Extremadura;2020;Jul;Animalia;Amphibia;Salamandridae;Salamandra;Salamandra salamandra;Fire Salamander
-5.461;39.433;Berzocana; Caceres;Extremadura;2020;Mar;Animalia;Amphibia;Salamandridae;Lissotriton;Lissotriton boscai;Bosca's Newt
-5.461;39.433;Berzocana; Caceres;Extremadura;2020;Mar;Animalia;Amphibia;Bufonidae;Bufo;Bufo spinosus;Spiny Toad
-5.458;39.443;Berzocana; Caceres;Extremadura;2020;Jul;Animalia;Amphibia;Salamandridae;Lissotriton;Lissotriton boscai;Bosca's Newt
-5.458;39.443;Berzocana; Caceres;Extremadura;2020;Jul;Animalia;Amphibia;Salamandridae;Pleurodeles;Pleurodeles waltl;Spanish Ribbed Newt
-5.458;39.443;Berzocana; Caceres;Extremadura;2020;Apr;Animalia;Amphibia;Salamandridae;Lissotriton;Lissotriton boscai;Bosca's Newt
-5.458;39.443;Berzocana; Caceres;Extremadura;2020;Apr;Animalia;Amphibia;Salamandridae;Pleurodeles;Pleurodeles waltl;Spanish Ribbed Newt
-5.458;39.443;Berzocana; Caceres;Extremadura;2020;Jul;Animalia;Amphibia;Bufonidae;Bufo;Bufo spinosus;Spiny Toad
-5.458;39.443;Berzocana; Caceres;Extremadura;2020;Mar;Animalia;Amphibia;Bufonidae;Bufo;Bufo spinosus;Spiny Toad
-5.451;39.447;Berzocana; Caceres;Extremadura;2020;Feb;Animalia;Amphibia;Salamandridae;Salamandra;Salamandra salamandra;Fire Salamander
-5.448;39.446;Berzocana; Caceres;Extremadura;2020;Jul;Animalia;Amphibia;Salamandridae;Salamandra;Salamandra salamandra;Fire Salamander
-5.44;39.436;Berzocana; Caceres;Extremadura;2020;Jul;Animalia;Amphibia;Salamandridae;Salamandra;Salamandra salamandra;Fire Salamander
-5.458;39.442;Berzocana; Caceres;Extremadura;2020;Jul;Animalia;Mammalia;Mustelidae;Martes;Martes foina;Beech Marten
-5.458;39.442;Berzocana; Caceres;Extremadura;2020;Jul;Animalia;Mammalia;Canidae;Vulpes;Vulpes vulpes;Red Fox
-6.767;39.622;Brozas, just NE. of; Caceres;Extremadura;2008;Jun;Animalia;Aves;Hirundinidae;Hirundo;Hirundo rustica;Barn Swallow
-6.767;39.622;Brozas, just NE. of; Caceres;Extremadura;2008;Sep;Animalia;Aves;Podicipedidae;Podiceps;Podiceps cristatus;Great Crested Grebe
-6.767;39.622;Brozas, just NE. of; Caceres;Extremadura;2008;Jul;Animalia;Aves;Upupidae;Upupa;Upupa epops;Eurasian Hoopoe
-6.767;39.622;Brozas, just NE. of; Caceres;Extremadura;2008;Jul;Animalia;Aves;Ardeidae;Ardea;Ardea alba;Great Egret
-6.767;39.622;Brozas, just NE. of; Caceres;Extremadura;2008;Jul;Animalia;Aves;Podicipedidae;Tachybaptus;Tachybaptus ruficollis;Little Grebe
-6.753;39.543;Brozas, S. of (along CC62); Caceres;Extremadura;2008;Sep;Animalia;Aves;Otididae;Otis;Otis tarda;Great Bustard
-6.753;39.543;Brozas, S. of (along CC62); Caceres;Extremadura;2008;Jul;Animalia;Aves;Upupidae;Upupa;Upupa epops;Eurasian Hoopoe
-6.03;39.76;Caceres; Caceres;Extremadura;2013;May;Animalia;Amphibia;Pelobatidae;Pelobates;Pelobates cultripes;Western Spadefoot
-6.03;39.76;Caceres; Caceres;Extremadura;2013;May;Animalia;Amphibia;Salamandridae;Pleurodeles;Pleurodeles waltl;Spanish Ribbed Newt
-5.94;39.665;Caceres; Caceres;Extremadura;2013;May;Animalia;Amphibia;Hylidae;Hyla;Hyla meridionalis;Mediterranean Tree Frog
-5.938;39.664;Caceres; Caceres;Extremadura;2013;May;Animalia;Amphibia;Salamandridae;Pleurodeles;Pleurodeles waltl;Spanish Ribbed Newt
-6.287;39.359;Caceres; Caceres;Extremadura;2014;Apr;Animalia;Amphibia;Hylidae;Hyla;Hyla molleri;Iberian Tree Frog
-6.284;39.357;Caceres; Caceres;Extremadura;2014;Apr;Animalia;Amphibia;Hylidae;Hyla;Hyla molleri;Iberian Tree Frog
-6.091;39.947;Caceres; Caceres;Extremadura;2014;Apr;Animalia;Amphibia;Pelobatidae;Pelobates;Pelobates cultripes;Western Spadefoot
-6.09;39.942;Caceres; Caceres;Extremadura;2014;May;Animalia;Amphibia;Pelobatidae;Pelobates;Pelobates cultripes;Western Spadefoot
-6.09;39.942;Caceres; Caceres;Extremadura;2014;May;Animalia;Amphibia;Salamandridae;Pleurodeles;Pleurodeles waltl;Spanish Ribbed Newt
-6.025;39.762;Caceres; Caceres;Extremadura;2014;Apr;Animalia;Amphibia;Salamandridae;Pleurodeles;Pleurodeles waltl;Spanish Ribbed Newt
-5.852;39.547;Caceres; Caceres;Extremadura;2014;May;Animalia;Amphibia;Hylidae;Hyla;Hyla meridionalis;Mediterranean Tree Frog
-6.1;39.296;Caceres; Caceres;Extremadura;2015;Apr;Animalia;Amphibia;Hylidae;Hyla;Hyla molleri;Iberian Tree Frog
-6.091;39.942;Caceres; Caceres;Extremadura;2015;May;Animalia;Amphibia;Pelobatidae;Pelobates;Pelobates cultripes;Western Spadefoot
-6.089;39.349;Caceres; Caceres;Extremadura;2015;May;Animalia;Amphibia;Pelobatidae;Pelobates;Pelobates cultripes;Western Spadefoot
-6.089;39.944;Caceres; Caceres;Extremadura;2015;May;Animalia;Amphibia;Salamandridae;Pleurodeles;Pleurodeles waltl;Spanish Ribbed Newt
-6.088;39.946;Caceres; Caceres;Extremadura;2015;May;Animalia;Amphibia;Hylidae;Hyla;Hyla meridionalis;Mediterranean Tree Frog
-6.018;39.189;Caceres; Caceres;Extremadura;2015;Apr;Animalia;Amphibia;Hylidae;Hyla;Hyla meridionalis;Mediterranean Tree Frog
-6.448;39.465;Charca Arenales, Malpartida de Caceres ; Caceres;Extremadura;2006;Sep;Animalia;Aves;Podicipedidae;Podiceps;Podiceps cristatus;Somormujo lavanco
-6.448;39.465;Charca Arenales, Malpartida de Caceres ; Caceres;Extremadura;2006;Jul;Animalia;Aves;Threskiornithidae;Platalea;Platalea leucorodia;Espatula comun
-6.448;39.465;Charca Arenales, Malpartida de Caceres ; Caceres;Extremadura;2006;Jul;Animalia;Aves;Podicipedidae;Tachybaptus;Tachybaptus ruficollis;Zampullin comun
-6.448;39.465;Charca Arenales, Malpartida de Caceres ; Caceres;Extremadura;2013;Sep;Animalia;Aves;Podicipedidae;Podiceps;Podiceps cristatus;Somormujo lavanco
-6.448;39.465;Charca Arenales, Malpartida de Caceres ; Caceres;Extremadura;2013;Jul;Animalia;Aves;Threskiornithidae;Platalea;Platalea leucorodia;Espatula comun
-6.448;39.465;Charca Arenales, Malpartida de Caceres ; Caceres;Extremadura;2013;Jul;Animalia;Aves;Podicipedidae;Tachybaptus;Tachybaptus ruficollis;Zampullin comun
-5.883;38.9;Don Benito; Caceres;Extremadura;2017;Sep;Animalia;Aves;Tytonidae;Tyto;Tyto alba;Lechuza comun
-5.843;39.005;Don Benito; Caceres;Extremadura;2018;Jun;Animalia;Amphibia;Hylidae;Hyla;Hyla molleri;Iberian Tree Frog
-5.843;39.006;Don Benito; Caceres;Extremadura;2019;Jun;Animalia;Amphibia;Hylidae;Hyla;Hyla molleri;Iberian Tree Frog
-5.735;39.785;Embalse de Arrocampo ; Caceres;Extremadura;2005;Sep;Animalia;Aves;Podicipedidae;Podiceps;Podiceps cristatus;Somormujo lavanco
-5.735;39.785;Embalse de Arrocampo ; Caceres;Extremadura;2005;Jul;Animalia;Aves;Ardeidae;Ardea;Egretta alba;Garceta grande
-5.735;39.785;Embalse de Arrocampo ; Caceres;Extremadura;2005;Jul;Animalia;Aves;Podicipedidae;Tachybaptus;Tachybaptus ruficollis;Zampullin comun
-5.735;39.785;Embalse de Arrocampo ; Caceres;Extremadura;2010;Sep;Animalia;Aves;Podicipedidae;Podiceps;Podiceps cristatus;Somormujo lavanco
-5.735;39.785;Embalse de Arrocampo ; Caceres;Extremadura;2010;Jul;Animalia;Aves;Ardeidae;Ardea;Egretta alba;Garceta grande
-5.735;39.785;Embalse de Arrocampo ; Caceres;Extremadura;2010;Jul;Animalia;Aves;Podicipedidae;Tachybaptus;Tachybaptus ruficollis;Zampullin comun
-5.735;39.785;Embalse de Arrocampo ; Caceres;Extremadura;2013;Sep;Animalia;Aves;Podicipedidae;Podiceps;Podiceps cristatus;Somormujo lavanco
-5.735;39.785;Embalse de Arrocampo ; Caceres;Extremadura;2013;Sep;Animalia;Aves;Podicipedidae;Podiceps;Podiceps nigricollis;Zampullin cuellinegro
-5.735;39.785;Embalse de Arrocampo ; Caceres;Extremadura;2013;Jul;Animalia;Aves;Ardeidae;Ardea;Egretta alba;Garceta grande
-5.735;39.785;Embalse de Arrocampo ; Caceres;Extremadura;2013;Jul;Animalia;Aves;Ardeidae;Ardeola;Ardeola ralloides;Garcilla cangrejera
-5.735;39.785;Embalse de Arrocampo ; Caceres;Extremadura;2013;Jul;Animalia;Aves;Podicipedidae;Tachybaptus;Tachybaptus ruficollis;Zampullin comun
-5.703;39.82;Embalse de Arrocampo Almaraz; Caceres;Extremadura;2013;Feb;Animalia;Amphibia;Pelobatidae;Pelobates;Pelobates cultripes;Western Spadefoot
-5.692;39.826;Embalse de Arrocampo--General ; Caceres;Extremadura;2019;Jul;Animalia;Aves;Podicipedidae;Tachybaptus;Tachybaptus ruficollis;Little Grebe
-5.692;39.826;Embalse de Arrocampo--General (use specific hotspot if possible); Caceres;Extremadura;2018;Jul;Animalia;Aves;Threskiornithidae;Plegadis;Plegadis falcinellus;Glossy Ibis
-5.692;39.826;Embalse de Arrocampo--General (use specific hotspot if possible); Caceres;Extremadura;2018;Jul;Animalia;Aves;Ardeidae;Ardea;Ardea alba;Great Egret
-5.679;39.848;Embalse de Arrocampo--Observatorio 1; Caceres;Extremadura;2017;Jul;Animalia;Aves;Ardeidae;Ixobrychus;Ixobrychus minutus;Little Bittern
-5.679;39.848;Embalse de Arrocampo--Observatorio 1; Caceres;Extremadura;2017;Jul;Animalia;Aves;Podicipedidae;Tachybaptus;Tachybaptus ruficollis;Little Grebe
-5.679;39.848;Embalse de Arrocampo--Observatorio 1; Caceres;Extremadura;2017;Jul;Animalia;Aves;Ardeidae;Ardea;Ardea alba;Great Egret
-5.684;39.843;Embalse de Arrocampo--Observatorio 2; Caceres;Extremadura;2019;Jul;Animalia;Aves;Threskiornithidae;Plegadis;Plegadis falcinellus;Glossy Ibis
-5.684;39.843;Embalse de Arrocampo--Observatorio 2; Caceres;Extremadura;2019;Jul;Animalia;Aves;Ardeidae;Ardea;Ardea alba;Great Egret
-6.768;39.621;Embalse de Brozas; Caceres;Extremadura;2008;Jul;Animalia;Aves;Upupidae;Upupa;Upupa epops;Eurasian Hoopoe
-6.768;39.621;Embalse de Brozas; Caceres;Extremadura;2008;Sep;Animalia;Aves;Podicipedidae;Podiceps;Podiceps cristatus;Great Crested Grebe
-6.768;39.621;Embalse de Brozas; Caceres;Extremadura;2008;Jul;Animalia;Aves;Podicipedidae;Tachybaptus;Tachybaptus ruficollis;Little Grebe
-6.721;39.616;Embalse de Brozas ; Caceres;Extremadura;2006;Sep;Animalia;Aves;Podicipedidae;Podiceps;Podiceps cristatus;Somormujo lavanco
-6.721;39.616;Embalse de Brozas ; Caceres;Extremadura;2006;Sep;Animalia;Aves;Podicipedidae;Podiceps;Podiceps nigricollis;Zampullin cuellinegro
-6.721;39.616;Embalse de Brozas ; Caceres;Extremadura;2013;Jul;Animalia;Aves;Podicipedidae;Tachybaptus;Tachybaptus ruficollis;Zampullin comun
-6.538;39.886;Embalse de Portaje ; Caceres;Extremadura;2001;Sep;Animalia;Aves;Podicipedidae;Podiceps;Podiceps cristatus;Somormujo lavanco
-6.538;39.886;Embalse de Portaje ; Caceres;Extremadura;2001;Jul;Animalia;Aves;Podicipedidae;Tachybaptus;Tachybaptus ruficollis;Zampullin comun
-6.538;39.886;Embalse de Portaje ; Caceres;Extremadura;2005;Sep;Animalia;Aves;Podicipedidae;Podiceps;Podiceps cristatus;Somormujo lavanco
-6.538;39.886;Embalse de Portaje ; Caceres;Extremadura;2005;Sep;Animalia;Aves;Anatidae;Tadorna;Tadorna tadorna;Tarro blanco
-6.538;39.886;Embalse de Portaje ; Caceres;Extremadura;2005;Jul;Animalia;Aves;Podicipedidae;Tachybaptus;Tachybaptus ruficollis;Zampullin comun
-6.538;39.886;Embalse de Portaje ; Caceres;Extremadura;2006;Sep;Animalia;Aves;Podicipedidae;Podiceps;Podiceps cristatus;Somormujo lavanco
-6.538;39.886;Embalse de Portaje ; Caceres;Extremadura;2010;Sep;Animalia;Aves;Podicipedidae;Podiceps;Podiceps cristatus;Somormujo lavanco
-6.538;39.886;Embalse de Portaje ; Caceres;Extremadura;2010;Sep;Animalia;Aves;Anatidae;Tadorna;Tadorna tadorna;Tarro blanco
-6.538;39.886;Embalse de Portaje ; Caceres;Extremadura;2011;Sep;Animalia;Aves;Podicipedidae;Podiceps;Podiceps cristatus;Somormujo lavanco
-6.538;39.886;Embalse de Portaje ; Caceres;Extremadura;2011;Jul;Animalia;Aves;Podicipedidae;Tachybaptus;Tachybaptus ruficollis;Zampullin comun
-6.538;39.886;Embalse de Portaje ; Caceres;Extremadura;2013;Sep;Animalia;Aves;Podicipedidae;Podiceps;Podiceps cristatus;Somormujo lavanco
-6.538;39.886;Embalse de Portaje ; Caceres;Extremadura;2013;Sep;Animalia;Aves;Anatidae;Tadorna;Tadorna tadorna;Tarro blanco
-6.528;39.879;Embalse de Portaje--General; Caceres;Extremadura;2018;Jul;Animalia;Aves;Fringillidae;Fringilla;Fringilla coelebs;Common Chaffinch
-6.528;39.879;Embalse de Portaje--General; Caceres;Extremadura;2018;Sep;Animalia;Aves;Podicipedidae;Podiceps;Podiceps cristatus;Great Crested Grebe
-6.528;39.879;Embalse de Portaje--General; Caceres;Extremadura;2018;Nov;Animalia;Aves;Anatidae;Anas;Mareca penelope;Eurasian Wigeon
-6.528;39.879;Embalse de Portaje--General; Caceres;Extremadura;2019;Jul;Animalia;Aves;Threskiornithidae;Platalea;Platalea leucorodia;Eurasian Spoonbill
-5.657;39.195;Embalse de Sierra Brava; Caceres;Extremadura;2010;Sep;Animalia;Aves;Podicipedidae;Podiceps;Podiceps cristatus;Great Crested Grebe
-5.657;39.195;Embalse de Sierra Brava; Caceres;Extremadura;2010;Nov;Animalia;Aves;Anatidae;Anas;Mareca penelope;Eurasian Wigeon
-5.644;39.195;Embalse de Sierra Brava ; Caceres;Extremadura;2005;Sep;Animalia;Aves;Podicipedidae;Podiceps;Podiceps cristatus;Somormujo lavanco
-5.644;39.195;Embalse de Sierra Brava ; Caceres;Extremadura;2005;Sep;Animalia;Aves;Anatidae;Tadorna;Tadorna tadorna;Tarro blanco
-5.644;39.195;Embalse de Sierra Brava ; Caceres;Extremadura;2006;Sep;Animalia;Aves;Podicipedidae;Podiceps;Podiceps cristatus;Somormujo lavanco
-5.644;39.195;Embalse de Sierra Brava ; Caceres;Extremadura;2006;Sep;Animalia;Aves;Anatidae;Tadorna;Tadorna tadorna;Tarro blanco
-5.644;39.195;Embalse de Sierra Brava ; Caceres;Extremadura;2006;Sep;Animalia;Aves;Podicipedidae;Podiceps;Podiceps nigricollis;Zampullin cuellinegro
-5.644;39.195;Embalse de Sierra Brava ; Caceres;Extremadura;2007;Sep;Animalia;Aves;Podicipedidae;Podiceps;Podiceps cristatus;Somormujo lavanco
-5.644;39.195;Embalse de Sierra Brava ; Caceres;Extremadura;2007;Nov;Animalia;Aves;Anatidae;Netta;Netta rufina;Pato colorado
-5.644;39.195;Embalse de Sierra Brava ; Caceres;Extremadura;2007;Sep;Animalia;Aves;Podicipedidae;Podiceps;Podiceps nigricollis;Zampullin cuellinegro
-5.644;39.195;Embalse de Sierra Brava ; Caceres;Extremadura;2011;Sep;Animalia;Aves;Podicipedidae;Podiceps;Podiceps cristatus;Somormujo lavanco
-5.644;39.195;Embalse de Sierra Brava ; Caceres;Extremadura;2013;Sep;Animalia;Aves;Podicipedidae;Podiceps;Podiceps cristatus;Somormujo lavanco
-5.644;39.195;Embalse de Sierra Brava ; Caceres;Extremadura;2013;Sep;Animalia;Aves;Anatidae;Tadorna;Tadorna tadorna;Tarro blanco
-5.644;39.195;Embalse de Sierra Brava ; Caceres;Extremadura;2013;Nov;Animalia;Aves;Anatidae;Netta;Netta rufina;Pato colorado
-5.644;39.195;Embalse de Sierra Brava ; Caceres;Extremadura;2013;Jul;Animalia;Aves;Ardeidae;Ardea;Egretta alba;Garceta grande
-5.644;39.194;Embalse de Sierra Brava--Presa; Caceres;Extremadura;2004;Sep;Animalia;Aves;Podicipedidae;Podiceps;Podiceps nigricollis;Eared Grebe
-5.644;39.194;Embalse de Sierra Brava--Presa; Caceres;Extremadura;2018;Jul;Animalia;Aves;Podicipedidae;Tachybaptus;Tachybaptus ruficollis;Little Grebe
-5.68;40.002;Mesillas (Collado de la Vera); Caceres;Extremadura;2018;Jul;Animalia;Aves;Podicipedidae;Tachybaptus;Tachybaptus ruficollis;Little Grebe
-5.796;36.737; Arcos de la Frontera;Cadiz;Andalucia;2020;Jul;Animalia;Reptilia;Blanidae;Blanus;Blanus cinereus;Mediterranean Worm Lizard
-5.619;36.743; Arcos de la Frontera;Cadiz;Andalucia;2020;Jul;Animalia;Reptilia;Blanidae;Blanus;Blanus cinereus;Mediterranean Worm Lizard
-6.207;36.572; Bahia de Cadiz;Cadiz;Andalucia;2020;Feb;Animalia;Reptilia;Blanidae;Blanus;Blanus cinereus;Mediterranean Worm Lizard
-5.94;36.18; Barbate;Cadiz;Andalucia;2018;May;Animalia;Reptilia;Chamaeleonidae;Chamaeleo;Chamaeleo chamaeleon;Common Chameleon
-5.938;36.186; Barbate;Cadiz;Andalucia;2018;Feb;Animalia;Reptilia;Chamaeleonidae;Chamaeleo;Chamaeleo chamaeleon;Common Chameleon
-5.937;36.185; Barbate;Cadiz;Andalucia;2018;May;Animalia;Reptilia;Chamaeleonidae;Chamaeleo;Chamaeleo chamaeleon;Common Chameleon
-6.023;36.19; Barbate;Cadiz;Andalucia;2019;Aug;Animalia;Reptilia;Chamaeleonidae;Chamaeleo;Chamaeleo chamaeleon;Common Chameleon
-5.94;36.18; Barbate;Cadiz;Andalucia;2019;Mar;Animalia;Reptilia;Chamaeleonidae;Chamaeleo;Chamaeleo chamaeleon;Common Chameleon
-5.941;36.187; Barbate;Cadiz;Andalucia;2020;Feb;Animalia;Reptilia;Chamaeleonidae;Chamaeleo;Chamaeleo chamaeleon;Common Chameleon
-5.939;36.187; Barbate;Cadiz;Andalucia;2020;Feb;Animalia;Reptilia;Chamaeleonidae;Chamaeleo;Chamaeleo chamaeleon;Common Chameleon
-5.938;36.185; Barbate;Cadiz;Andalucia;2020;Feb;Animalia;Reptilia;Chamaeleonidae;Chamaeleo;Chamaeleo chamaeleon;Common Chameleon
-5.938;36.187; Barbate;Cadiz;Andalucia;2020;Feb;Animalia;Reptilia;Chamaeleonidae;Chamaeleo;Chamaeleo chamaeleon;Common Chameleon
-5.937;36.186; Barbate;Cadiz;Andalucia;2020;Feb;Animalia;Reptilia;Chamaeleonidae;Chamaeleo;Chamaeleo chamaeleon;Common Chameleon
-5.937;36.185; Barbate;Cadiz;Andalucia;2020;Feb;Animalia;Reptilia;Chamaeleonidae;Chamaeleo;Chamaeleo chamaeleon;Common Chameleon
-5.775;36.089; Bolonia;Cadiz;Andalucia;2019;Nov;Animalia;Reptilia;Chamaeleonidae;Chamaeleo;Chamaeleo chamaeleon;Common Chameleon
-6.19;36.857; Cadiz;Cadiz;Andalucia;2007;May;Animalia;Reptilia;Lacertidae;Timon;Timon lepidus;Ocellated Lizard
-6.431;36.707; Cadiz;Cadiz;Andalucia;2014;May;Animalia;Reptilia;Chamaeleonidae;Chamaeleo;Chamaeleo chamaeleon;Common Chameleon
-6.41;36.673; Cadiz;Cadiz;Andalucia;2014;Jun;Animalia;Reptilia;Chamaeleonidae;Chamaeleo;Chamaeleo chamaeleon;Common Chameleon
-6.374;36.624; Cadiz;Cadiz;Andalucia;2014;Aug;Animalia;Reptilia;Chamaeleonidae;Chamaeleo;Chamaeleo chamaeleon;Common Chameleon
-6.16;36.334; Cadiz;Cadiz;Andalucia;2015;Jul;Animalia;Reptilia;Chamaeleonidae;Chamaeleo;Chamaeleo chamaeleon;Common Chameleon
-5.624;36.054; Cadiz;Cadiz;Andalucia;2015;Mar;Animalia;Reptilia;Lacertidae;Timon;Timon lepidus;Ocellated Lizard
-6.377;36.627; Cadiz;Cadiz;Andalucia;2016;Jul;Animalia;Reptilia;Chamaeleonidae;Chamaeleo;Chamaeleo chamaeleon;Common Chameleon
-6.219;36.376; Cadiz;Cadiz;Andalucia;2020;Feb;Animalia;Reptilia;Blanidae;Blanus;Blanus cinereus;Mediterranean Worm Lizard
-6.135;36.389; Chiclana de la Frontera;Cadiz;Andalucia;2016;Aug;Animalia;Reptilia;Chamaeleonidae;Chamaeleo;Chamaeleo chamaeleon;Common Chameleon
-6.173;36.386; Chiclana de la Frontera;Cadiz;Andalucia;2017;Sep;Animalia;Reptilia;Chamaeleonidae;Chamaeleo;Chamaeleo chamaeleon;Common Chameleon
-6.172;36.385; Chiclana de la Frontera;Cadiz;Andalucia;2018;Sep;Animalia;Reptilia;Chamaeleonidae;Chamaeleo;Chamaeleo chamaeleon;Common Chameleon
-6.169;36.385; Chiclana de la Frontera;Cadiz;Andalucia;2018;Sep;Animalia;Reptilia;Chamaeleonidae;Chamaeleo;Chamaeleo chamaeleon;Common Chameleon
-6.151;36.394; Chiclana de la Frontera;Cadiz;Andalucia;2018;Oct;Animalia;Reptilia;Chamaeleonidae;Chamaeleo;Chamaeleo chamaeleon;Common Chameleon
-6.173;36.386; Chiclana de la Frontera;Cadiz;Andalucia;2019;Aug;Animalia;Reptilia;Chamaeleonidae;Chamaeleo;Chamaeleo chamaeleon;Common Chameleon
-6.172;36.386; Chiclana de la Frontera;Cadiz;Andalucia;2019;Aug;Animalia;Reptilia;Chamaeleonidae;Chamaeleo;Chamaeleo chamaeleon;Common Chameleon
-5.784;36.089; Duna de Bolonia;Cadiz;Andalucia;2018;Dec;Animalia;Reptilia;Chamaeleonidae;Chamaeleo;Chamaeleo chamaeleon;Common Chameleon
-5.786;36.088; Duna de Bolonia;Cadiz;Andalucia;2019;Oct;Animalia;Reptilia;Chamaeleonidae;Chamaeleo;Chamaeleo chamaeleon;Common Chameleon
-5.781;36.089; Duna de Bolonia;Cadiz;Andalucia;2019;Nov;Animalia;Reptilia;Chamaeleonidae;Chamaeleo;Chamaeleo chamaeleon;Common Chameleon
-5.78;36.089; Duna de Bolonia;Cadiz;Andalucia;2019;Nov;Animalia;Reptilia;Chamaeleonidae;Chamaeleo;Chamaeleo chamaeleon;Common Chameleon
-5.779;36.089; Duna de Bolonia;Cadiz;Andalucia;2019;Nov;Animalia;Reptilia;Chamaeleonidae;Chamaeleo;Chamaeleo chamaeleon;Common Chameleon
-5.377;36.779; Grazalema;Cadiz;Andalucia;2019;Mar;Animalia;Reptilia;Lacertidae;Timon;Timon lepidus;Ocellated Lizard
-5.353;36.758; Grazalema;Cadiz;Andalucia;2020;Feb;Animalia;Reptilia;Blanidae;Blanus;Blanus cinereus;Mediterranean Worm Lizard
-5.349;36.762; Grazalema;Cadiz;Andalucia;2020;Feb;Animalia;Reptilia;Blanidae;Blanus;Blanus cinereus;Mediterranean Worm Lizard
-5.349;36.763; Grazalema;Cadiz;Andalucia;2020;Feb;Animalia;Reptilia;Blanidae;Blanus;Blanus cinereus;Mediterranean Worm Lizard
-5.348;36.763; Grazalema;Cadiz;Andalucia;2020;Feb;Animalia;Reptilia;Blanidae;Blanus;Blanus cinereus;Mediterranean Worm Lizard
-5.345;36.766; Grazalema;Cadiz;Andalucia;2020;Feb;Animalia;Reptilia;Blanidae;Blanus;Blanus cinereus;Mediterranean Worm Lizard
-5.344;36.766; Grazalema;Cadiz;Andalucia;2020;Feb;Animalia;Reptilia;Lacertidae;Timon;Timon lepidus;Ocellated Lizard
-5.897;36.507; Medina-Sidonia;Cadiz;Andalucia;2016;Feb;Animalia;Reptilia;Lacertidae;Timon;Timon lepidus;Ocellated Lizard
-5.9;36.5; Medina-Sidonia;Cadiz;Andalucia;2017;Mar;Animalia;Reptilia;Lacertidae;Timon;Timon lepidus;Ocellated Lizard
-5.9;36.5; Medina-Sidonia;Cadiz;Andalucia;2018;Mar;Animalia;Reptilia;Lacertidae;Timon;Timon lepidus;Ocellated Lizard
-5.775;36.089; Parque Natural del Estrecho;Cadiz;Andalucia;2017;Mar;Animalia;Reptilia;Lacertidae;Timon;Timon lepidus;Ocellated Lizard
-5.774;36.089; Parque Natural del Estrecho;Cadiz;Andalucia;2018;Mar;Animalia;Reptilia;Lacertidae;Timon;Timon lepidus;Ocellated Lizard
-5.723;36.063; Parque Natural del Estrecho;Cadiz;Andalucia;2018;Apr;Animalia;Reptilia;Colubridae;Hemorrhois;Hemorrhois hippocrepis;Horseshoe Whip Snake
-5.587;36.017; Parque Natural del Estrecho;Cadiz;Andalucia;2019;Jun;Animalia;Reptilia;Colubridae;Hemorrhois;Hemorrhois hippocrepis;Horseshoe Whip Snake
-5.587;36.015; Parque Natural del Estrecho;Cadiz;Andalucia;2019;Jun;Animalia;Reptilia;Colubridae;Hemorrhois;Hemorrhois hippocrepis;Horseshoe Whip Snake
-6.174;36.388; Pinar de las Mogarizas;Cadiz;Andalucia;2019;Jun;Animalia;Reptilia;Chamaeleonidae;Chamaeleo;Chamaeleo chamaeleon;Common Chameleon
-6.298;36.863; Sanlucar de Barrameda;Cadiz;Andalucia;2015;Aug;Animalia;Reptilia;Chamaeleonidae;Chamaeleo;Chamaeleo chamaeleon;Common Chameleon
-6.33;36.84; Sanlucar de Barrameda;Cadiz;Andalucia;2017;Sep;Animalia;Reptilia;Chamaeleonidae;Chamaeleo;Chamaeleo chamaeleon;Common Chameleon
-6.321;36.845; Sanlucar de Barrameda;Cadiz;Andalucia;2017;Sep;Animalia;Reptilia;Chamaeleonidae;Chamaeleo;Chamaeleo chamaeleon;Common Chameleon
-6.316;36.847; Sanlucar de Barrameda;Cadiz;Andalucia;2017;Sep;Animalia;Reptilia;Chamaeleonidae;Chamaeleo;Chamaeleo chamaeleon;Common Chameleon
-6.315;36.847; Sanlucar de Barrameda;Cadiz;Andalucia;2017;Sep;Animalia;Reptilia;Chamaeleonidae;Chamaeleo;Chamaeleo chamaeleon;Common Chameleon
-6.32;36.845; Sanlucar de Barrameda;Cadiz;Andalucia;2018;Aug;Animalia;Reptilia;Chamaeleonidae;Chamaeleo;Chamaeleo chamaeleon;Common Chameleon
-6.321;36.845; Sanlucar de Barrameda;Cadiz;Andalucia;2019;Sep;Animalia;Reptilia;Chamaeleonidae;Chamaeleo;Chamaeleo chamaeleon;Common Chameleon
-6.231;37.435; Sanlucar la Mayor;Cadiz;Andalucia;2017;Oct;Animalia;Reptilia;Colubridae;Hemorrhois;Hemorrhois hippocrepis;Horseshoe Whip Snake
-5.615;36.741;Arcos de la Frontera;Cadiz;Andalucia;2020;Jul;Animalia;Amphibia;Alytidae;Discoglossus;Discoglossus galganoi;Iberian Painted Frog
-6.274;36.88;Balsas de Adventas, Sanlucar Barrameda;Cadiz;Andalucia;2004;Nov;Animalia;Aves;Anatidae;Netta;Netta rufina;Pato colorado
-6.033;37.233;BRAZO DEL ESTE;Cadiz;Andalucia;2000;Sep;Animalia;Aves;Tytonidae;Tyto;Tyto alba;Lechuza comun
-6.15;37.1;CAA‘ADA DE LOS PAJAROS;Cadiz;Andalucia;2000;Nov;Animalia;Aves;Anatidae;Netta;Netta rufina;Pato colorado
-5.4;36.15;Cadiz;Cadiz;Andalucia;2013;Jul;Animalia;Mammalia;Mustelidae;Meles;Meles meles;Eurasian Badger
-5.4;36.15;Cadiz;Cadiz;Andalucia;2013;Jul;Animalia;Mammalia;Canidae;Vulpes;Vulpes vulpes;Red Fox
-6.098;36.599;Cadiz;Cadiz;Andalucia;2015;May;Animalia;Mammalia;Herpestidae;Herpestes;Herpestes ichneumon;Egyptian Mongoose
-5.71;36.111;Cadiz;Cadiz;Andalucia;2015;Jul;Animalia;Mammalia;Herpestidae;Herpestes;Herpestes ichneumon;Egyptian Mongoose
-5.493;36.209;Cadiz;Cadiz;Andalucia;2015;Mar;Animalia;Mammalia;Herpestidae;Herpestes;Herpestes ichneumon;Egyptian Mongoose
-5.773;36.776;Cola del embalse de Arcos;Cadiz;Andalucia;2000;Jul;Animalia;Aves;Podicipedidae;Tachybaptus;Tachybaptus ruficollis;Zampullin comun
-5.773;36.776;Cola del embalse de Arcos;Cadiz;Andalucia;2002;Sep;Animalia;Aves;Podicipedidae;Podiceps;Podiceps nigricollis;Zampullin cuellinegro
-5.773;36.776;Cola del embalse de Arcos;Cadiz;Andalucia;2003;Sep;Animalia;Aves;Podicipedidae;Podiceps;Podiceps cristatus;Somormujo lavanco
-5.67;36.854;Cola del embalse de Bornos;Cadiz;Andalucia;2000;Sep;Animalia;Aves;Podicipedidae;Podiceps;Podiceps cristatus;Somormujo lavanco
-5.67;36.854;Cola del embalse de Bornos;Cadiz;Andalucia;2001;Sep;Animalia;Aves;Podicipedidae;Podiceps;Podiceps cristatus;Somormujo lavanco
-5.67;36.854;Cola del embalse de Bornos;Cadiz;Andalucia;2002;Sep;Animalia;Aves;Podicipedidae;Podiceps;Podiceps cristatus;Somormujo lavanco
-5.67;36.854;Cola del embalse de Bornos;Cadiz;Andalucia;2002;Jul;Animalia;Aves;Threskiornithidae;Platalea;Platalea leucorodia;Espatula comun
-5.67;36.854;Cola del embalse de Bornos;Cadiz;Andalucia;2002;Sep;Animalia;Aves;Podicipedidae;Podiceps;Podiceps nigricollis;Zampullin cuellinegro
-5.67;36.854;Cola del embalse de Bornos;Cadiz;Andalucia;2002;Jul;Animalia;Aves;Podicipedidae;Tachybaptus;Tachybaptus ruficollis;Zampullin comun
-5.67;36.854;Cola del embalse de Bornos;Cadiz;Andalucia;2003;Sep;Animalia;Aves;Podicipedidae;Podiceps;Podiceps cristatus;Somormujo lavanco
-5.67;36.854;Cola del embalse de Bornos;Cadiz;Andalucia;2003;Sep;Animalia;Aves;Podicipedidae;Podiceps;Podiceps nigricollis;Zampullin cuellinegro
-5.67;36.854;Cola del embalse de Bornos;Cadiz;Andalucia;2003;Jul;Animalia;Aves;Threskiornithidae;Platalea;Platalea leucorodia;Espatula comun
-6.052;37.239;Colonia de la Isleta de Puebla;Cadiz;Andalucia;2000;Jul;Animalia;Aves;Podicipedidae;Tachybaptus;Tachybaptus ruficollis;Zampullin comun
-5.72;36.384;Embalse de Barbate;Cadiz;Andalucia;2000;Sep;Animalia;Aves;Podicipedidae;Podiceps;Podiceps cristatus;Somormujo lavanco
-5.72;36.384;Embalse de Barbate;Cadiz;Andalucia;2001;Sep;Animalia;Aves;Podicipedidae;Podiceps;Podiceps nigricollis;Zampullin cuellinegro
-5.747;36.658;Embalse de Guadalcacin;Cadiz;Andalucia;2000;Sep;Animalia;Aves;Podicipedidae;Podiceps;Podiceps cristatus;Somormujo lavanco
-5.747;36.658;Embalse de Guadalcacin;Cadiz;Andalucia;2001;Sep;Animalia;Aves;Podicipedidae;Podiceps;Podiceps cristatus;Somormujo lavanco
-5.524;36.69;Embalse de los Hurones;Cadiz;Andalucia;2000;Sep;Animalia;Aves;Podicipedidae;Podiceps;Podiceps nigricollis;Zampullin cuellinegro
-5.524;36.69;Embalse de los Hurones;Cadiz;Andalucia;2001;Sep;Animalia;Aves;Podicipedidae;Podiceps;Podiceps cristatus;Somormujo lavanco
-5.366;36.833;Embalse de Zahara-El Gastor;Cadiz;Andalucia;2000;Sep;Animalia;Aves;Podicipedidae;Podiceps;Podiceps cristatus;Somormujo lavanco
-5.366;36.833;Embalse de Zahara-El Gastor;Cadiz;Andalucia;2000;Jul;Animalia;Aves;Ardeidae;Nycticorax;Nycticorax nycticorax;Martinete comun
-5.366;36.833;Embalse de Zahara-El Gastor;Cadiz;Andalucia;2001;Sep;Animalia;Aves;Podicipedidae;Podiceps;Podiceps cristatus;Somormujo lavanco
-5.366;36.833;Embalse de Zahara-El Gastor;Cadiz;Andalucia;2001;Sep;Animalia;Aves;Podicipedidae;Podiceps;Podiceps nigricollis;Zampullin cuellinegro
-6.134;36.298;Ensenada del cabo Roche, Conil de la Frontrera;Cadiz;Andalucia;2000;Jul;Animalia;Aves;Podicipedidae;Tachybaptus;Tachybaptus ruficollis;Zampullin comun
-6.134;36.298;Ensenada del cabo Roche, Conil de la Frontrera;Cadiz;Andalucia;2001;Jul;Animalia;Aves;Podicipedidae;Tachybaptus;Tachybaptus ruficollis;Zampullin comun
-5.41;36.796;Grazalema;Cadiz;Andalucia;2010;Jul;Animalia;Mammalia;Bovidae;Capra;Capra pyrenaica;Iberian Ibex
-5.398;36.765;Grazalema;Cadiz;Andalucia;2016;Mar;Animalia;Mammalia;Bovidae;Capra;Capra pyrenaica;Iberian Ibex
-5.418;36.756;Grazalema;Cadiz;Andalucia;2017;Jul;Animalia;Mammalia;Bovidae;Capra;Capra pyrenaica;Iberian Ibex
-5.381;36.769;Grazalema;Cadiz;Andalucia;2017;Mar;Animalia;Mammalia;Bovidae;Capra;Capra pyrenaica;Iberian Ibex
-5.418;36.756;Grazalema;Cadiz;Andalucia;2019;Mar;Animalia;Mammalia;Bovidae;Capra;Capra pyrenaica;Iberian Ibex
-5.399;36.757;Grazalema;Cadiz;Andalucia;2019;Feb;Animalia;Mammalia;Bovidae;Capra;Capra pyrenaica;Iberian Ibex
-5.377;36.778;Grazalema;Cadiz;Andalucia;2019;Feb;Animalia;Mammalia;Bovidae;Capra;Capra pyrenaica;Iberian Ibex
-5.375;36.757;Grazalema;Cadiz;Andalucia;2019;Jul;Animalia;Mammalia;Bovidae;Capra;Capra pyrenaica;Iberian Ibex
-5.413;36.797;Grazalema;Cadiz;Andalucia;2020;Feb;Animalia;Mammalia;Mustelidae;Meles;Meles meles;Eurasian Badger
-5.4;36.75;Grazalema;Cadiz;Andalucia;2020;Jul;Animalia;Mammalia;Bovidae;Capra;Capra pyrenaica;Iberian Ibex
-5.381;36.768;Grazalema;Cadiz;Andalucia;2020;Feb;Animalia;Mammalia;Bovidae;Capra;Capra pyrenaica;Iberian Ibex
-6.12;36.59;Jerez de la Frontera;Cadiz;Andalucia;2017;Jul;Animalia;Mammalia;Herpestidae;Herpestes;Herpestes ichneumon;Egyptian Mongoose
-5.84;36.245;La Janda;Cadiz;Andalucia;2014;Mar;Animalia;Mammalia;Herpestidae;Herpestes;Herpestes ichneumon;Egyptian Mongoose
-5.812;36.234;La Janda;Cadiz;Andalucia;2014;Feb;Animalia;Mammalia;Herpestidae;Herpestes;Herpestes ichneumon;Egyptian Mongoose
-5.855;36.233;La Janda;Cadiz;Andalucia;2015;Mar;Animalia;Mammalia;Herpestidae;Herpestes;Herpestes ichneumon;Egyptian Mongoose
-5.812;36.234;La Janda;Cadiz;Andalucia;2015;Feb;Animalia;Mammalia;Herpestidae;Herpestes;Herpestes ichneumon;Egyptian Mongoose
-5.719;36.163;La Janda;Cadiz;Andalucia;2015;Mar;Animalia;Mammalia;Canidae;Vulpes;Vulpes vulpes;Red Fox
-5.775;36.199;La Janda;Cadiz;Andalucia;2016;Mar;Animalia;Mammalia;Herpestidae;Herpestes;Herpestes ichneumon;Egyptian Mongoose
-5.84;36.245;La Janda;Cadiz;Andalucia;2017;Jul;Animalia;Mammalia;Herpestidae;Herpestes;Herpestes ichneumon;Egyptian Mongoose
-5.807;36.232;La Janda;Cadiz;Andalucia;2017;Mar;Animalia;Mammalia;Herpestidae;Herpestes;Herpestes ichneumon;Egyptian Mongoose
-5.78;36.2;La Janda;Cadiz;Andalucia;2018;Feb;Animalia;Mammalia;Canidae;Vulpes;Vulpes vulpes;Red Fox
-6.229;36.65;Laguna Chica;Cadiz;Andalucia;2000;Jul;Animalia;Aves;Podicipedidae;Tachybaptus;Tachybaptus ruficollis;Zampullin comun
-6.229;36.65;Laguna Chica;Cadiz;Andalucia;2001;Sep;Animalia;Aves;Podicipedidae;Podiceps;Podiceps nigricollis;Zampullin cuellinegro
-6.229;36.65;Laguna Chica;Cadiz;Andalucia;2001;Jul;Animalia;Aves;Podicipedidae;Tachybaptus;Tachybaptus ruficollis;Zampullin comun
-6.229;36.65;Laguna Chica;Cadiz;Andalucia;2003;Sep;Animalia;Aves;Podicipedidae;Podiceps;Podiceps cristatus;Somormujo lavanco
-5.905;36.297;Laguna de Alcala;Cadiz;Andalucia;2001;Sep;Animalia;Aves;Podicipedidae;Podiceps;Podiceps cristatus;Somormujo lavanco
-5.905;36.297;Laguna de Alcala;Cadiz;Andalucia;2001;Sep;Animalia;Aves;Podicipedidae;Podiceps;Podiceps nigricollis;Zampullin cuellinegro
-5.905;36.297;Laguna de Alcala;Cadiz;Andalucia;2001;Jul;Animalia;Aves;Podicipedidae;Tachybaptus;Tachybaptus ruficollis;Zampullin comun
-6.081;36.443;Laguna de Jeli;Cadiz;Andalucia;2000;Sep;Animalia;Aves;Podicipedidae;Podiceps;Podiceps nigricollis;Zampullin cuellinegro
-6.081;36.443;Laguna de Jeli;Cadiz;Andalucia;2000;Jul;Animalia;Aves;Podicipedidae;Tachybaptus;Tachybaptus ruficollis;Zampullin comun
-6.081;36.443;Laguna de Jeli;Cadiz;Andalucia;2001;Jul;Animalia;Aves;Podicipedidae;Tachybaptus;Tachybaptus ruficollis;Zampullin comun
-6.081;36.443;Laguna de Jeli;Cadiz;Andalucia;2003;Sep;Animalia;Aves;Podicipedidae;Podiceps;Podiceps cristatus;Somormujo lavanco
-6.081;36.443;Laguna de Jeli;Cadiz;Andalucia;2003;Nov;Animalia;Aves;Anatidae;Netta;Netta rufina;Pato colorado
-6.081;36.443;Laguna de Jeli;Cadiz;Andalucia;2003;Sep;Animalia;Aves;Podicipedidae;Podiceps;Podiceps nigricollis;Zampullin cuellinegro
-6.068;36.588;Laguna de las Canteras;Cadiz;Andalucia;2001;Sep;Animalia;Aves;Podicipedidae;Podiceps;Podiceps nigricollis;Zampullin cuellinegro
-6.068;36.588;Laguna de las Canteras;Cadiz;Andalucia;2003;Nov;Animalia;Aves;Anatidae;Netta;Netta rufina;Pato colorado
-6.094;36.63;Laguna de las Quinientas;Cadiz;Andalucia;2003;Sep;Animalia;Aves;Podicipedidae;Podiceps;Podiceps nigricollis;Zampullin cuellinegro
-6.057;36.613;Laguna de Medina;Cadiz;Andalucia;2000;Sep;Animalia;Aves;Podicipedidae;Podiceps;Podiceps nigricollis;Eared Grebe
-6.057;36.613;Laguna de Medina;Cadiz;Andalucia;2000;Jul;Animalia;Aves;Podicipedidae;Tachybaptus;Tachybaptus ruficollis;Little Grebe
-6.048;36.618;Laguna de Medina;Cadiz;Andalucia;2000;Sep;Animalia;Aves;Podicipedidae;Podiceps;Podiceps nigricollis;Zampullin cuellinegro
-6.048;36.618;Laguna de Medina;Cadiz;Andalucia;2000;Jul;Animalia;Aves;Podicipedidae;Tachybaptus;Tachybaptus ruficollis;Zampullin comun
-6.048;36.618;Laguna de Medina;Cadiz;Andalucia;2001;Sep;Animalia;Aves;Podicipedidae;Podiceps;Podiceps cristatus;Somormujo lavanco
-6.048;36.618;Laguna de Medina;Cadiz;Andalucia;2001;Sep;Animalia;Aves;Podicipedidae;Podiceps;Podiceps nigricollis;Zampullin cuellinegro
-6.048;36.618;Laguna de Medina;Cadiz;Andalucia;2001;Nov;Animalia;Aves;Anatidae;Netta;Netta rufina;Pato colorado
-6.048;36.618;Laguna de Medina;Cadiz;Andalucia;2002;Sep;Animalia;Aves;Podicipedidae;Podiceps;Podiceps cristatus;Somormujo lavanco
-6.048;36.618;Laguna de Medina;Cadiz;Andalucia;2002;Sep;Animalia;Aves;Podicipedidae;Podiceps;Podiceps nigricollis;Zampullin cuellinegro
-6.048;36.618;Laguna de Medina;Cadiz;Andalucia;2002;Nov;Animalia;Aves;Anatidae;Netta;Netta rufina;Pato colorado
-6.048;36.618;Laguna de Medina;Cadiz;Andalucia;2002;Jul;Animalia;Aves;Podicipedidae;Tachybaptus;Tachybaptus ruficollis;Zampullin comun
-6.048;36.618;Laguna de Medina;Cadiz;Andalucia;2003;Sep;Animalia;Aves;Podicipedidae;Podiceps;Podiceps cristatus;Somormujo lavanco
-6.048;36.618;Laguna de Medina;Cadiz;Andalucia;2003;Sep;Animalia;Aves;Podicipedidae;Podiceps;Podiceps nigricollis;Zampullin cuellinegro
-6.048;36.618;Laguna de Medina;Cadiz;Andalucia;2003;Nov;Animalia;Aves;Anatidae;Netta;Netta rufina;Pato colorado
-6.07;36.461;Laguna de Montellano;Cadiz;Andalucia;2000;Nov;Animalia;Aves;Anatidae;Netta;Netta rufina;Pato colorado
-6.07;36.461;Laguna de Montellano;Cadiz;Andalucia;2000;Sep;Animalia;Aves;Podicipedidae;Podiceps;Podiceps nigricollis;Zampullin cuellinegro
-6.07;36.461;Laguna de Montellano;Cadiz;Andalucia;2001;Sep;Animalia;Aves;Podicipedidae;Podiceps;Podiceps nigricollis;Zampullin cuellinegro
-6.07;36.461;Laguna de Montellano;Cadiz;Andalucia;2001;Jul;Animalia;Aves;Podicipedidae;Tachybaptus;Tachybaptus ruficollis;Zampullin comun
-6.056;36.537;Laguna de Tarage;Cadiz;Andalucia;2000;Jul;Animalia;Aves;Podicipedidae;Tachybaptus;Tachybaptus ruficollis;Zampullin comun
-6.056;36.537;Laguna de Tarage;Cadiz;Andalucia;2001;Jul;Animalia;Aves;Podicipedidae;Tachybaptus;Tachybaptus ruficollis;Zampullin comun
-6.056;36.537;Laguna de Tarage;Cadiz;Andalucia;2003;Sep;Animalia;Aves;Podicipedidae;Podiceps;Podiceps cristatus;Somormujo lavanco
-6.056;36.537;Laguna de Tarage;Cadiz;Andalucia;2003;Sep;Animalia;Aves;Podicipedidae;Podiceps;Podiceps nigricollis;Zampullin cuellinegro
-6.056;36.537;Laguna de Tarage;Cadiz;Andalucia;2003;Nov;Animalia;Aves;Anatidae;Netta;Netta rufina;Pato colorado
-6.025;36.525;Laguna del Comisario;Cadiz;Andalucia;2001;Sep;Animalia;Aves;Podicipedidae;Podiceps;Podiceps nigricollis;Zampullin cuellinegro
-6.025;36.525;Laguna del Comisario;Cadiz;Andalucia;2001;Jul;Animalia;Aves;Podicipedidae;Tachybaptus;Tachybaptus ruficollis;Zampullin comun
-6.025;36.525;Laguna del Comisario;Cadiz;Andalucia;2003;Sep;Animalia;Aves;Podicipedidae;Podiceps;Podiceps cristatus;Somormujo lavanco
-6.025;36.525;Laguna del Comisario;Cadiz;Andalucia;2003;Sep;Animalia;Aves;Podicipedidae;Podiceps;Podiceps nigricollis;Zampullin cuellinegro
-6.314;36.849;Laguna del Tarelo;Cadiz;Andalucia;2000;Sep;Animalia;Aves;Podicipedidae;Podiceps;Podiceps cristatus;Somormujo lavanco
-6.314;36.849;Laguna del Tarelo;Cadiz;Andalucia;2000;Sep;Animalia;Aves;Podicipedidae;Podiceps;Podiceps nigricollis;Zampullin cuellinegro
-6.314;36.849;Laguna del Tarelo;Cadiz;Andalucia;2000;Jul;Animalia;Aves;Podicipedidae;Tachybaptus;Tachybaptus ruficollis;Zampullin comun
-6.314;36.849;Laguna del Tarelo;Cadiz;Andalucia;2001;Sep;Animalia;Aves;Podicipedidae;Podiceps;Podiceps nigricollis;Zampullin cuellinegro
-6.314;36.849;Laguna del Tarelo;Cadiz;Andalucia;2001;Jul;Animalia;Aves;Podicipedidae;Tachybaptus;Tachybaptus ruficollis;Zampullin comun
-6.314;36.849;Laguna del Tarelo;Cadiz;Andalucia;2003;Nov;Animalia;Aves;Anatidae;Netta;Netta rufina;Pato colorado
-6.073;36.578;Laguna del Tejon;Cadiz;Andalucia;2001;Sep;Animalia;Aves;Podicipedidae;Podiceps;Podiceps nigricollis;Zampullin cuellinegro
-6.073;36.578;Laguna del Tejon;Cadiz;Andalucia;2002;Jul;Animalia;Aves;Podicipedidae;Tachybaptus;Tachybaptus ruficollis;Zampullin comun
-5.863;36.858;Laguna Dulce de Zorrilla, Espera;Cadiz;Andalucia;2000;Nov;Animalia;Aves;Anatidae;Netta;Netta rufina;Pato colorado
-5.863;36.858;Laguna Dulce de Zorrilla, Espera;Cadiz;Andalucia;2000;Sep;Animalia;Aves;Podicipedidae;Podiceps;Podiceps nigricollis;Zampullin cuellinegro
-5.863;36.858;Laguna Dulce de Zorrilla, Espera;Cadiz;Andalucia;2000;Jul;Animalia;Aves;Podicipedidae;Tachybaptus;Tachybaptus ruficollis;Zampullin comun
-5.863;36.858;Laguna Dulce de Zorrilla, Espera;Cadiz;Andalucia;2001;Sep;Animalia;Aves;Podicipedidae;Podiceps;Podiceps cristatus;Somormujo lavanco
-5.863;36.858;Laguna Dulce de Zorrilla, Espera;Cadiz;Andalucia;2001;Nov;Animalia;Aves;Anatidae;Netta;Netta rufina;Pato colorado
-5.863;36.858;Laguna Dulce de Zorrilla, Espera;Cadiz;Andalucia;2001;Sep;Animalia;Aves;Podicipedidae;Podiceps;Podiceps nigricollis;Zampullin cuellinegro
-5.863;36.858;Laguna Dulce de Zorrilla, Espera;Cadiz;Andalucia;2001;Jul;Animalia;Aves;Podicipedidae;Tachybaptus;Tachybaptus ruficollis;Zampullin comun
-5.863;36.858;Laguna Dulce de Zorrilla, Espera;Cadiz;Andalucia;2003;Sep;Animalia;Aves;Podicipedidae;Podiceps;Podiceps cristatus;Somormujo lavanco
-5.863;36.858;Laguna Dulce de Zorrilla, Espera;Cadiz;Andalucia;2003;Sep;Animalia;Aves;Podicipedidae;Podiceps;Podiceps nigricollis;Zampullin cuellinegro
-5.863;36.858;Laguna Dulce de Zorrilla, Espera;Cadiz;Andalucia;2003;Nov;Animalia;Aves;Anatidae;Netta;Netta rufina;Pato colorado
-5.861;36.874;Laguna Hondilla;Cadiz;Andalucia;2000;Jul;Animalia;Aves;Podicipedidae;Tachybaptus;Tachybaptus ruficollis;Zampullin comun
-5.861;36.874;Laguna Hondilla;Cadiz;Andalucia;2001;Jul;Animalia;Aves;Podicipedidae;Tachybaptus;Tachybaptus ruficollis;Zampullin comun
-5.861;36.874;Laguna Hondilla;Cadiz;Andalucia;2003;Sep;Animalia;Aves;Podicipedidae;Podiceps;Podiceps nigricollis;Zampullin cuellinegro
-6.225;36.64;Laguna Juncosa;Cadiz;Andalucia;2000;Jul;Animalia;Aves;Podicipedidae;Tachybaptus;Tachybaptus ruficollis;Zampullin comun
-6.225;36.64;Laguna Juncosa;Cadiz;Andalucia;2001;Jul;Animalia;Aves;Podicipedidae;Tachybaptus;Tachybaptus ruficollis;Zampullin comun
-6.225;36.64;Laguna Juncosa;Cadiz;Andalucia;2003;Sep;Animalia;Aves;Podicipedidae;Podiceps;Podiceps nigricollis;Zampullin cuellinegro
-6.124;36.396;Laguna La Paja;Cadiz;Andalucia;2001;Nov;Animalia;Aves;Anatidae;Netta;Netta rufina;Pato colorado
-6.124;36.396;Laguna La Paja;Cadiz;Andalucia;2001;Jul;Animalia;Aves;Podicipedidae;Tachybaptus;Tachybaptus ruficollis;Zampullin comun
-6.124;36.396;Laguna La Paja;Cadiz;Andalucia;2001;Jul;Animalia;Aves;Ardeidae;Ardea;Egretta alba;Garceta grande
-6.235;36.648;Laguna Salada;Cadiz;Andalucia;2003;Sep;Animalia;Aves;Podicipedidae;Podiceps;Podiceps nigricollis;Zampullin cuellinegro
-5.866;36.87;Laguna Salada de Zorrilla, Espera;Cadiz;Andalucia;2000;Jul;Animalia;Aves;Podicipedidae;Tachybaptus;Tachybaptus ruficollis;Zampullin comun
-5.866;36.87;Laguna Salada de Zorrilla, Espera;Cadiz;Andalucia;2001;Nov;Animalia;Aves;Anatidae;Netta;Netta rufina;Pato colorado
-5.866;36.87;Laguna Salada de Zorrilla, Espera;Cadiz;Andalucia;2001;Sep;Animalia;Aves;Podicipedidae;Podiceps;Podiceps nigricollis;Zampullin cuellinegro
-5.866;36.87;Laguna Salada de Zorrilla, Espera;Cadiz;Andalucia;2001;Jul;Animalia;Aves;Podicipedidae;Tachybaptus;Tachybaptus ruficollis;Zampullin comun
-5.866;36.87;Laguna Salada de Zorrilla, Espera;Cadiz;Andalucia;2003;Sep;Animalia;Aves;Podicipedidae;Podiceps;Podiceps cristatus;Somormujo lavanco
-5.866;36.87;Laguna Salada de Zorrilla, Espera;Cadiz;Andalucia;2003;Sep;Animalia;Aves;Podicipedidae;Podiceps;Podiceps nigricollis;Zampullin cuellinegro
-5.866;36.87;Laguna Salada de Zorrilla, Espera;Cadiz;Andalucia;2003;Nov;Animalia;Aves;Anatidae;Netta;Netta rufina;Pato colorado
-6.235;36.648;Laguna Salada -Pto. Sta.Maria;Cadiz;Andalucia;2000;Jul;Animalia;Aves;Podicipedidae;Tachybaptus;Tachybaptus ruficollis;Zampullin comun
-6.235;36.648;Laguna Salada -Pto. Sta.Maria;Cadiz;Andalucia;2001;Sep;Animalia;Aves;Podicipedidae;Podiceps;Podiceps nigricollis;Zampullin cuellinegro
-6.235;36.648;Laguna Salada -Pto. Sta.Maria;Cadiz;Andalucia;2001;Jul;Animalia;Aves;Podicipedidae;Tachybaptus;Tachybaptus ruficollis;Zampullin comun
-6.235;36.648;Laguna Salada -Pto. Sta.Maria;Cadiz;Andalucia;2003;Nov;Animalia;Aves;Anatidae;Netta;Netta rufina;Pato colorado
-6.051;36.528;Laguna San Antonio;Cadiz;Andalucia;2001;Jul;Animalia;Aves;Podicipedidae;Tachybaptus;Tachybaptus ruficollis;Zampullin comun
-6.045;36.344;Las Lagunetas;Cadiz;Andalucia;2001;Jul;Animalia;Aves;Podicipedidae;Tachybaptus;Tachybaptus ruficollis;Zampullin comun
-5.876;36.316;Las Lomas-Embalse NÂº 3 (junto Cabrahijo);Cadiz;Andalucia;2003;Sep;Animalia;Aves;Podicipedidae;Podiceps;Podiceps cristatus;Somormujo lavanco
-5.876;36.316;Las Lomas-Embalse NÂº 3 (junto Cabrahijo);Cadiz;Andalucia;2003;Sep;Animalia;Aves;Podicipedidae;Podiceps;Podiceps nigricollis;Zampullin cuellinegro
-6.15;37.1;LOS OLIVILLOS;Cadiz;Andalucia;2000;Jun;Animalia;Aves;Hirundinidae;Hirundo;Hirundo rustica;Golondrina comun
-6.35;36.85;Marisma de Bonanza;Cadiz;Andalucia;2019;Mar;Animalia;Mammalia;Canidae;Vulpes;Vulpes vulpes;Red Fox
-6.322;36.898;Marisma de Bonanza;Cadiz;Andalucia;2019;Mar;Animalia;Mammalia;Canidae;Vulpes;Vulpes vulpes;Red Fox
-6.272;37.071;Marismas de Donana;Cadiz;Andalucia;2016;Dec;Animalia;Amphibia;Pelodytidae;Pelodytes;Pelodytes ibericus;Iberian Parsley Frog
-6.382;37.075;Marismas de Donana;Cadiz;Andalucia;2017;Dec;Animalia;Amphibia;Pelodytidae;Pelodytes;Pelodytes ibericus;Iberian Parsley Frog
-6.283;37.071;Marismas de Donana;Cadiz;Andalucia;2017;Dec;Animalia;Amphibia;Pelodytidae;Pelodytes;Pelodytes ibericus;Iberian Parsley Frog
-5.434;36.174;Marismas de Palmones--Palmones;Cadiz;Andalucia;2003;Sep;Animalia;Aves;Podicipedidae;Podiceps;Podiceps cristatus;Great Crested Grebe
-5.434;36.174;Marismas de Palmones--Palmones;Cadiz;Andalucia;2003;Sep;Animalia;Aves;Anatidae;Tadorna;Tadorna tadorna;Common Shelduck
-5.434;36.174;Marismas de Palmones--Palmones;Cadiz;Andalucia;2003;Jul;Animalia;Aves;Threskiornithidae;Platalea;Platalea leucorodia;Eurasian Spoonbill
-6.234;36.883;Marismas de Trebujena;Cadiz;Andalucia;2006;Nov;Animalia;Aves;Anatidae;Netta;Netta rufina;Pato colorado
-6.234;36.883;Marismas de Trebujena;Cadiz;Andalucia;2006;Jul;Animalia;Aves;Threskiornithidae;Platalea;Platalea leucorodia;Espatula comun
-6.234;36.883;Marismas de Trebujena;Cadiz;Andalucia;2006;Jul;Animalia;Aves;Ardeidae;Ardea;Egretta alba;Garceta grande
-6.234;36.883;Marismas de Trebujena;Cadiz;Andalucia;2006;Jul;Animalia;Aves;Podicipedidae;Tachybaptus;Tachybaptus ruficollis;Zampullin comun
-6.234;36.883;Marismas de Trebujena;Cadiz;Andalucia;2007;Sep;Animalia;Aves;Podicipedidae;Podiceps;Podiceps cristatus;Somormujo lavanco
-6.234;36.883;Marismas de Trebujena;Cadiz;Andalucia;2007;Jul;Animalia;Aves;Ardeidae;Ardea;Egretta alba;Garceta grande
-6.234;36.883;Marismas de Trebujena;Cadiz;Andalucia;2007;Jul;Animalia;Aves;Podicipedidae;Tachybaptus;Tachybaptus ruficollis;Zampullin comun
-6.234;36.883;Marismas de Trebujena;Cadiz;Andalucia;2008;Sep;Animalia;Aves;Podicipedidae;Podiceps;Podiceps cristatus;Somormujo lavanco
-6.234;36.883;Marismas de Trebujena;Cadiz;Andalucia;2008;Sep;Animalia;Aves;Podicipedidae;Podiceps;Podiceps nigricollis;Zampullin cuellinegro
-6.234;36.883;Marismas de Trebujena;Cadiz;Andalucia;2008;Jul;Animalia;Aves;Threskiornithidae;Plegadis;Plegadis falcinellus;Morito comun
-6.234;36.883;Marismas de Trebujena;Cadiz;Andalucia;2009;Sep;Animalia;Aves;Podicipedidae;Podiceps;Podiceps cristatus;Somormujo lavanco
-6.234;36.883;Marismas de Trebujena;Cadiz;Andalucia;2009;Sep;Animalia;Aves;Podicipedidae;Podiceps;Podiceps nigricollis;Zampullin cuellinegro
-6.234;36.883;Marismas de Trebujena;Cadiz;Andalucia;2009;Jul;Animalia;Aves;Ardeidae;Ardea;Egretta alba;Garceta grande
-6.234;36.883;Marismas de Trebujena;Cadiz;Andalucia;2009;Jul;Animalia;Aves;Podicipedidae;Tachybaptus;Tachybaptus ruficollis;Zampullin comun
-6.234;36.883;Marismas de Trebujena;Cadiz;Andalucia;2010;Sep;Animalia;Aves;Anatidae;Tadorna;Tadorna tadorna;Tarro blanco
-6.234;36.883;Marismas de Trebujena;Cadiz;Andalucia;2010;Jul;Animalia;Aves;Threskiornithidae;Platalea;Platalea leucorodia;Espatula comun
-6.234;36.883;Marismas de Trebujena;Cadiz;Andalucia;2012;Sep;Animalia;Aves;Podicipedidae;Podiceps;Podiceps nigricollis;Zampullin cuellinegro
-6.234;36.883;Marismas de Trebujena;Cadiz;Andalucia;2012;Jul;Animalia;Aves;Ardeidae;Nycticorax;Nycticorax nycticorax;Martinete comun
-6.234;36.883;Marismas de Trebujena;Cadiz;Andalucia;2012;Jul;Animalia;Aves;Ardeidae;Ardeola;Ardeola ralloides;Garcilla cangrejera
-6.234;36.883;Marismas de Trebujena;Cadiz;Andalucia;2012;Jul;Animalia;Aves;Ardeidae;Ardea;Egretta alba;Garceta grande
-6.234;36.883;Marismas de Trebujena;Cadiz;Andalucia;2012;Jul;Animalia;Aves;Podicipedidae;Tachybaptus;Tachybaptus ruficollis;Zampullin comun
-6.234;36.883;Marismas de Trebujena;Cadiz;Andalucia;2013;Sep;Animalia;Aves;Podicipedidae;Podiceps;Podiceps cristatus;Somormujo lavanco
-6.234;36.883;Marismas de Trebujena;Cadiz;Andalucia;2013;Jul;Animalia;Aves;Threskiornithidae;Platalea;Platalea leucorodia;Espatula comun
-6.234;36.883;Marismas de Trebujena;Cadiz;Andalucia;2013;Jul;Animalia;Aves;Threskiornithidae;Plegadis;Plegadis falcinellus;Morito comun
-6.234;36.883;Marismas de Trebujena;Cadiz;Andalucia;2014;Sep;Animalia;Aves;Podicipedidae;Podiceps;Podiceps cristatus;Somormujo lavanco
-6.234;36.883;Marismas de Trebujena;Cadiz;Andalucia;2014;Oct;Animalia;Aves;Podicipedidae;Podiceps;Podiceps nigricollis;Zampullin cuellinegro
-6.234;36.883;Marismas de Trebujena;Cadiz;Andalucia;2014;Jul;Animalia;Aves;Threskiornithidae;Platalea;Platalea leucorodia;Espatula comun
-6.234;36.883;Marismas de Trebujena;Cadiz;Andalucia;2014;Jul;Animalia;Aves;Ardeidae;Ardea;Egretta alba;Garceta grande
-6.234;36.883;Marismas de Trebujena;Cadiz;Andalucia;2014;Jul;Animalia;Aves;Podicipedidae;Tachybaptus;Tachybaptus ruficollis;Zampullin comun
-5.914;36.212;Marismas del Barbate;Cadiz;Andalucia;2002;Jul;Animalia;Aves;Threskiornithidae;Platalea;Platalea leucorodia;Espatula comun
-5.914;36.212;Marismas del Barbate;Cadiz;Andalucia;2005;Jul;Animalia;Aves;Threskiornithidae;Platalea;Platalea leucorodia;Espatula comun
-5.914;36.212;Marismas del Barbate;Cadiz;Andalucia;2005;Jul;Animalia;Aves;Ardeidae;Ardea;Egretta alba;Garceta grande
-5.914;36.212;Marismas del Barbate;Cadiz;Andalucia;2005;Jul;Animalia;Aves;Podicipedidae;Tachybaptus;Tachybaptus ruficollis;Zampullin comun
-5.914;36.212;Marismas del Barbate;Cadiz;Andalucia;2007;Jul;Animalia;Aves;Threskiornithidae;Platalea;Platalea leucorodia;Espatula comun
-5.914;36.212;Marismas del Barbate;Cadiz;Andalucia;2007;Oct;Animalia;Aves;Anatidae;Tadorna;Tadorna tadorna;Tarro blanco
-5.914;36.212;Marismas del Barbate;Cadiz;Andalucia;2009;Jul;Animalia;Aves;Threskiornithidae;Platalea;Platalea leucorodia;Espatula comun
-5.914;36.212;Marismas del Barbate;Cadiz;Andalucia;2011;Oct;Animalia;Aves;Anatidae;Tadorna;Tadorna tadorna;Tarro blanco
-5.914;36.212;Marismas del Barbate;Cadiz;Andalucia;2012;Jul;Animalia;Aves;Threskiornithidae;Platalea;Platalea leucorodia;Espatula comun
-5.914;36.212;Marismas del Barbate;Cadiz;Andalucia;2012;Jul;Animalia;Aves;Ardeidae;Ardea;Egretta alba;Garceta grande
-5.914;36.212;Marismas del Barbate;Cadiz;Andalucia;2013;Oct;Animalia;Aves;Podicipedidae;Podiceps;Podiceps nigricollis;Zampullin cuellinegro
-5.914;36.212;Marismas del Barbate;Cadiz;Andalucia;2013;Jul;Animalia;Aves;Threskiornithidae;Platalea;Platalea leucorodia;Espatula comun
-5.914;36.212;Marismas del Barbate;Cadiz;Andalucia;2014;Oct;Animalia;Aves;Podicipedidae;Podiceps;Podiceps nigricollis;Zampullin cuellinegro
-5.914;36.212;Marismas del Barbate;Cadiz;Andalucia;2014;Jul;Animalia;Aves;Threskiornithidae;Platalea;Platalea leucorodia;Espatula comun
-5.914;36.212;Marismas del Barbate;Cadiz;Andalucia;2014;Oct;Animalia;Aves;Anatidae;Tadorna;Tadorna tadorna;Tarro blanco
-5.914;36.212;Marismas del Barbate;Cadiz;Andalucia;2014;Jul;Animalia;Aves;Podicipedidae;Tachybaptus;Tachybaptus ruficollis;Zampullin comun
-6.177;36.445;Marismas del P.N. Bahia de Cadiz;Cadiz;Andalucia;2000;Oct;Animalia;Aves;Podicipedidae;Podiceps;Podiceps cristatus;Somormujo lavanco
-6.177;36.445;Marismas del P.N. Bahia de Cadiz;Cadiz;Andalucia;2000;Oct;Animalia;Aves;Podicipedidae;Podiceps;Podiceps nigricollis;Zampullin cuellinegro
-6.177;36.445;Marismas del P.N. Bahia de Cadiz;Cadiz;Andalucia;2000;Jul;Animalia;Aves;Threskiornithidae;Platalea;Platalea leucorodia;Espatula comun
-6.177;36.445;Marismas del P.N. Bahia de Cadiz;Cadiz;Andalucia;2000;Oct;Animalia;Aves;Anatidae;Tadorna;Tadorna tadorna;Tarro blanco
-6.177;36.445;Marismas del P.N. Bahia de Cadiz;Cadiz;Andalucia;2000;Jul;Animalia;Aves;Ardeidae;Ardea;Egretta alba;Garceta grande
-6.177;36.445;Marismas del P.N. Bahia de Cadiz;Cadiz;Andalucia;2000;Jul;Animalia;Aves;Podicipedidae;Tachybaptus;Tachybaptus ruficollis;Zampullin comun
-6.177;36.445;Marismas del P.N. Bahia de Cadiz;Cadiz;Andalucia;2001;Oct;Animalia;Aves;Podicipedidae;Podiceps;Podiceps cristatus;Somormujo lavanco
-6.177;36.445;Marismas del P.N. Bahia de Cadiz;Cadiz;Andalucia;2001;Jul;Animalia;Aves;Threskiornithidae;Platalea;Platalea leucorodia;Espatula comun
-6.177;36.445;Marismas del P.N. Bahia de Cadiz;Cadiz;Andalucia;2001;Oct;Animalia;Aves;Podicipedidae;Podiceps;Podiceps nigricollis;Zampullin cuellinegro
-6.177;36.445;Marismas del P.N. Bahia de Cadiz;Cadiz;Andalucia;2001;Oct;Animalia;Aves;Anatidae;Tadorna;Tadorna tadorna;Tarro blanco
-6.177;36.445;Marismas del P.N. Bahia de Cadiz;Cadiz;Andalucia;2001;Jul;Animalia;Aves;Ardeidae;Ardea;Egretta alba;Garceta grande
-6.177;36.445;Marismas del P.N. Bahia de Cadiz;Cadiz;Andalucia;2001;Jul;Animalia;Aves;Podicipedidae;Tachybaptus;Tachybaptus ruficollis;Zampullin comun
-6.177;36.445;Marismas del P.N. Bahia de Cadiz;Cadiz;Andalucia;2002;Oct;Animalia;Aves;Podicipedidae;Podiceps;Podiceps cristatus;Somormujo lavanco
-6.177;36.445;Marismas del P.N. Bahia de Cadiz;Cadiz;Andalucia;2002;Jul;Animalia;Aves;Threskiornithidae;Platalea;Platalea leucorodia;Espatula comun
-6.177;36.445;Marismas del P.N. Bahia de Cadiz;Cadiz;Andalucia;2002;Oct;Animalia;Aves;Anatidae;Tadorna;Tadorna tadorna;Tarro blanco
-6.177;36.445;Marismas del P.N. Bahia de Cadiz;Cadiz;Andalucia;2002;Oct;Animalia;Aves;Podicipedidae;Podiceps;Podiceps nigricollis;Zampullin cuellinegro
-6.177;36.445;Marismas del P.N. Bahia de Cadiz;Cadiz;Andalucia;2002;Jul;Animalia;Aves;Ardeidae;Ardea;Egretta alba;Garceta grande
-6.177;36.445;Marismas del P.N. Bahia de Cadiz;Cadiz;Andalucia;2002;Jul;Animalia;Aves;Podicipedidae;Tachybaptus;Tachybaptus ruficollis;Zampullin comun
-6.177;36.445;Marismas del P.N. Bahia de Cadiz;Cadiz;Andalucia;2003;Oct;Animalia;Aves;Podicipedidae;Podiceps;Podiceps cristatus;Somormujo lavanco
-6.177;36.445;Marismas del P.N. Bahia de Cadiz;Cadiz;Andalucia;2003;Jul;Animalia;Aves;Threskiornithidae;Platalea;Platalea leucorodia;Espatula comun
-6.177;36.445;Marismas del P.N. Bahia de Cadiz;Cadiz;Andalucia;2003;Oct;Animalia;Aves;Podicipedidae;Podiceps;Podiceps nigricollis;Zampullin cuellinegro
-6.177;36.445;Marismas del P.N. Bahia de Cadiz;Cadiz;Andalucia;2003;Oct;Animalia;Aves;Anatidae;Tadorna;Tadorna tadorna;Tarro blanco
-6.177;36.445;Marismas del P.N. Bahia de Cadiz;Cadiz;Andalucia;2004;Oct;Animalia;Aves;Podicipedidae;Podiceps;Podiceps cristatus;Somormujo lavanco
-6.177;36.445;Marismas del P.N. Bahia de Cadiz;Cadiz;Andalucia;2004;Jul;Animalia;Aves;Threskiornithidae;Platalea;Platalea leucorodia;Espatula comun
-6.177;36.445;Marismas del P.N. Bahia de Cadiz;Cadiz;Andalucia;2004;Oct;Animalia;Aves;Podicipedidae;Podiceps;Podiceps nigricollis;Zampullin cuellinegro
-6.177;36.445;Marismas del P.N. Bahia de Cadiz;Cadiz;Andalucia;2004;Oct;Animalia;Aves;Anatidae;Tadorna;Tadorna tadorna;Tarro blanco
-6.177;36.445;Marismas del P.N. Bahia de Cadiz;Cadiz;Andalucia;2006;Oct;Animalia;Aves;Podicipedidae;Podiceps;Podiceps cristatus;Somormujo lavanco
-6.177;36.445;Marismas del P.N. Bahia de Cadiz;Cadiz;Andalucia;2006;Jul;Animalia;Aves;Threskiornithidae;Platalea;Platalea leucorodia;Espatula comun
-6.177;36.445;Marismas del P.N. Bahia de Cadiz;Cadiz;Andalucia;2006;Nov;Animalia;Aves;Anatidae;Netta;Netta rufina;Pato colorado
-6.177;36.445;Marismas del P.N. Bahia de Cadiz;Cadiz;Andalucia;2006;Oct;Animalia;Aves;Anatidae;Tadorna;Tadorna tadorna;Tarro blanco
-6.177;36.445;Marismas del P.N. Bahia de Cadiz;Cadiz;Andalucia;2006;Oct;Animalia;Aves;Podicipedidae;Podiceps;Podiceps nigricollis;Zampullin cuellinegro
-6.177;36.445;Marismas del P.N. Bahia de Cadiz;Cadiz;Andalucia;2006;Jul;Animalia;Aves;Ardeidae;Ardea;Egretta alba;Garceta grande
-6.177;36.445;Marismas del P.N. Bahia de Cadiz;Cadiz;Andalucia;2006;Jul;Animalia;Aves;Podicipedidae;Tachybaptus;Tachybaptus ruficollis;Zampullin comun
-6.177;36.445;Marismas del P.N. Bahia de Cadiz;Cadiz;Andalucia;2007;Oct;Animalia;Aves;Podicipedidae;Podiceps;Podiceps cristatus;Somormujo lavanco
-6.177;36.445;Marismas del P.N. Bahia de Cadiz;Cadiz;Andalucia;2007;Oct;Animalia;Aves;Podicipedidae;Podiceps;Podiceps nigricollis;Zampullin cuellinegro
-6.177;36.445;Marismas del P.N. Bahia de Cadiz;Cadiz;Andalucia;2007;Jul;Animalia;Aves;Threskiornithidae;Platalea;Platalea leucorodia;Espatula comun
-6.177;36.445;Marismas del P.N. Bahia de Cadiz;Cadiz;Andalucia;2007;Oct;Animalia;Aves;Anatidae;Tadorna;Tadorna tadorna;Tarro blanco
-6.177;36.445;Marismas del P.N. Bahia de Cadiz;Cadiz;Andalucia;2007;Jul;Animalia;Aves;Ardeidae;Ardea;Egretta alba;Garceta grande
-6.177;36.445;Marismas del P.N. Bahia de Cadiz;Cadiz;Andalucia;2007;Jul;Animalia;Aves;Podicipedidae;Tachybaptus;Tachybaptus ruficollis;Zampullin comun
-6.177;36.445;Marismas del P.N. Bahia de Cadiz;Cadiz;Andalucia;2008;Oct;Animalia;Aves;Podicipedidae;Podiceps;Podiceps cristatus;Somormujo lavanco
-6.177;36.445;Marismas del P.N. Bahia de Cadiz;Cadiz;Andalucia;2008;Jul;Animalia;Aves;Threskiornithidae;Platalea;Platalea leucorodia;Espatula comun
-6.177;36.445;Marismas del P.N. Bahia de Cadiz;Cadiz;Andalucia;2008;Oct;Animalia;Aves;Podicipedidae;Podiceps;Podiceps nigricollis;Zampullin cuellinegro
-6.177;36.445;Marismas del P.N. Bahia de Cadiz;Cadiz;Andalucia;2008;Jul;Animalia;Aves;Threskiornithidae;Plegadis;Plegadis falcinellus;Morito comun
-6.177;36.445;Marismas del P.N. Bahia de Cadiz;Cadiz;Andalucia;2008;Oct;Animalia;Aves;Anatidae;Tadorna;Tadorna tadorna;Tarro blanco
-6.177;36.445;Marismas del P.N. Bahia de Cadiz;Cadiz;Andalucia;2009;Oct;Animalia;Aves;Podicipedidae;Podiceps;Podiceps cristatus;Somormujo lavanco
-6.177;36.445;Marismas del P.N. Bahia de Cadiz;Cadiz;Andalucia;2009;Oct;Animalia;Aves;Podicipedidae;Podiceps;Podiceps nigricollis;Zampullin cuellinegro
-6.177;36.445;Marismas del P.N. Bahia de Cadiz;Cadiz;Andalucia;2009;Oct;Animalia;Aves;Anatidae;Tadorna;Tadorna tadorna;Tarro blanco
-6.177;36.445;Marismas del P.N. Bahia de Cadiz;Cadiz;Andalucia;2009;Jul;Animalia;Aves;Threskiornithidae;Platalea;Platalea leucorodia;Espatula comun
-6.177;36.445;Marismas del P.N. Bahia de Cadiz;Cadiz;Andalucia;2009;Jul;Animalia;Aves;Ardeidae;Ardea;Egretta alba;Garceta grande
-6.177;36.445;Marismas del P.N. Bahia de Cadiz;Cadiz;Andalucia;2009;Jul;Animalia;Aves;Podicipedidae;Tachybaptus;Tachybaptus ruficollis;Zampullin comun
-6.177;36.445;Marismas del P.N. Bahia de Cadiz;Cadiz;Andalucia;2010;Oct;Animalia;Aves;Podicipedidae;Podiceps;Podiceps cristatus;Somormujo lavanco
-6.177;36.445;Marismas del P.N. Bahia de Cadiz;Cadiz;Andalucia;2010;Oct;Animalia;Aves;Anatidae;Tadorna;Tadorna tadorna;Tarro blanco
-6.177;36.445;Marismas del P.N. Bahia de Cadiz;Cadiz;Andalucia;2010;Oct;Animalia;Aves;Podicipedidae;Podiceps;Podiceps nigricollis;Zampullin cuellinegro
-6.177;36.445;Marismas del P.N. Bahia de Cadiz;Cadiz;Andalucia;2010;Jul;Animalia;Aves;Threskiornithidae;Platalea;Platalea leucorodia;Espatula comun
-6.177;36.445;Marismas del P.N. Bahia de Cadiz;Cadiz;Andalucia;2012;Oct;Animalia;Aves;Podicipedidae;Podiceps;Podiceps cristatus;Somormujo lavanco
-6.177;36.445;Marismas del P.N. Bahia de Cadiz;Cadiz;Andalucia;2012;Oct;Animalia;Aves;Podicipedidae;Podiceps;Podiceps nigricollis;Zampullin cuellinegro
-6.177;36.445;Marismas del P.N. Bahia de Cadiz;Cadiz;Andalucia;2012;Oct;Animalia;Aves;Anatidae;Tadorna;Tadorna tadorna;Tarro blanco
-6.177;36.445;Marismas del P.N. Bahia de Cadiz;Cadiz;Andalucia;2012;Jul;Animalia;Aves;Threskiornithidae;Platalea;Platalea leucorodia;Espatula comun
-6.177;36.445;Marismas del P.N. Bahia de Cadiz;Cadiz;Andalucia;2012;Jul;Animalia;Aves;Threskiornithidae;Plegadis;Plegadis falcinellus;Morito comun
-6.177;36.445;Marismas del P.N. Bahia de Cadiz;Cadiz;Andalucia;2012;Jul;Animalia;Aves;Ardeidae;Ardea;Egretta alba;Garceta grande
-6.177;36.445;Marismas del P.N. Bahia de Cadiz;Cadiz;Andalucia;2012;Jul;Animalia;Aves;Podicipedidae;Tachybaptus;Tachybaptus ruficollis;Zampullin comun
-6.177;36.445;Marismas del P.N. Bahia de Cadiz;Cadiz;Andalucia;2013;Oct;Animalia;Aves;Podicipedidae;Podiceps;Podiceps cristatus;Somormujo lavanco
-6.177;36.445;Marismas del P.N. Bahia de Cadiz;Cadiz;Andalucia;2013;Oct;Animalia;Aves;Podicipedidae;Podiceps;Podiceps nigricollis;Zampullin cuellinegro
-6.177;36.445;Marismas del P.N. Bahia de Cadiz;Cadiz;Andalucia;2013;Jul;Animalia;Aves;Threskiornithidae;Plegadis;Plegadis falcinellus;Morito comun
-6.177;36.445;Marismas del P.N. Bahia de Cadiz;Cadiz;Andalucia;2013;Oct;Animalia;Aves;Anatidae;Tadorna;Tadorna tadorna;Tarro blanco
-6.177;36.445;Marismas del P.N. Bahia de Cadiz;Cadiz;Andalucia;2013;Jul;Animalia;Aves;Threskiornithidae;Platalea;Platalea leucorodia;Espatula comun
-6.177;36.445;Marismas del P.N. Bahia de Cadiz;Cadiz;Andalucia;2014;Oct;Animalia;Aves;Podicipedidae;Podiceps;Podiceps cristatus;Somormujo lavanco
-6.177;36.445;Marismas del P.N. Bahia de Cadiz;Cadiz;Andalucia;2014;Oct;Animalia;Aves;Anatidae;Tadorna;Tadorna tadorna;Tarro blanco
-6.177;36.445;Marismas del P.N. Bahia de Cadiz;Cadiz;Andalucia;2014;Oct;Animalia;Aves;Podicipedidae;Podiceps;Podiceps nigricollis;Zampullin cuellinegro
-6.177;36.445;Marismas del P.N. Bahia de Cadiz;Cadiz;Andalucia;2014;Jul;Animalia;Aves;Threskiornithidae;Platalea;Platalea leucorodia;Espatula comun
-6.177;36.445;Marismas del P.N. Bahia de Cadiz;Cadiz;Andalucia;2014;Jul;Animalia;Aves;Threskiornithidae;Plegadis;Plegadis falcinellus;Morito comun
-6.177;36.445;Marismas del P.N. Bahia de Cadiz;Cadiz;Andalucia;2014;Jul;Animalia;Aves;Ardeidae;Ardeola;Ardeola ralloides;Garcilla cangrejera
-6.177;36.445;Marismas del P.N. Bahia de Cadiz;Cadiz;Andalucia;2014;Jul;Animalia;Aves;Ardeidae;Ardea;Egretta alba;Garceta grande
-6.177;36.445;Marismas del P.N. Bahia de Cadiz;Cadiz;Andalucia;2014;Jul;Animalia;Aves;Podicipedidae;Tachybaptus;Tachybaptus ruficollis;Zampullin comun
-5.438;36.175;Palmones;Cadiz;Andalucia;2018;Jul;Animalia;Aves;Threskiornithidae;Platalea;Platalea leucorodia;Eurasian Spoonbill
-5.993;36.753;Pantanillo de Jarilla-Jareta, Gibalbin;Cadiz;Andalucia;2010;Oct;Animalia;Aves;Podicipedidae;Podiceps;Podiceps cristatus;Somormujo lavanco
-5.993;36.753;Pantanillo de Jarilla-Jareta, Gibalbin;Cadiz;Andalucia;2012;Oct;Animalia;Aves;Podicipedidae;Podiceps;Podiceps cristatus;Somormujo lavanco
-5.993;36.753;Pantanillo de Jarilla-Jareta, Gibalbin;Cadiz;Andalucia;2012;Oct;Animalia;Aves;Podicipedidae;Podiceps;Podiceps nigricollis;Zampullin cuellinegro
-5.993;36.753;Pantanillo de Jarilla-Jareta, Gibalbin;Cadiz;Andalucia;2012;Jul;Animalia;Aves;Podicipedidae;Tachybaptus;Tachybaptus ruficollis;Zampullin comun
-5.993;36.753;Pantanillo de Jarilla-Jareta, Gibalbin;Cadiz;Andalucia;2013;Oct;Animalia;Aves;Podicipedidae;Podiceps;Podiceps cristatus;Somormujo lavanco
-5.993;36.753;Pantanillo de Jarilla-Jareta, Gibalbin;Cadiz;Andalucia;2014;Oct;Animalia;Aves;Podicipedidae;Podiceps;Podiceps cristatus;Somormujo lavanco
-5.278;36.285;Paraje Nat. Estuario Rio Guadiaro;Cadiz;Andalucia;2001;Jul;Animalia;Aves;Podicipedidae;Tachybaptus;Tachybaptus ruficollis;Zampullin comun
-5.278;36.285;Paraje Nat. Estuario Rio Guadiaro;Cadiz;Andalucia;2002;Jul;Animalia;Aves;Podicipedidae;Tachybaptus;Tachybaptus ruficollis;Zampullin comun
-5.435;36.176;Paraje Nat. Marismas Rio Palmones;Cadiz;Andalucia;2000;Jul;Animalia;Aves;Podicipedidae;Tachybaptus;Tachybaptus ruficollis;Zampullin comun
-5.435;36.176;Paraje Nat. Marismas Rio Palmones;Cadiz;Andalucia;2001;Oct;Animalia;Aves;Anatidae;Tadorna;Tadorna tadorna;Tarro blanco
-5.435;36.176;Paraje Nat. Marismas Rio Palmones;Cadiz;Andalucia;2001;Jul;Animalia;Aves;Podicipedidae;Tachybaptus;Tachybaptus ruficollis;Zampullin comun
-5.435;36.176;Paraje Nat. Marismas Rio Palmones;Cadiz;Andalucia;2002;Jul;Animalia;Aves;Threskiornithidae;Platalea;Platalea leucorodia;Espatula comun
-5.435;36.176;Paraje Nat. Marismas Rio Palmones;Cadiz;Andalucia;2003;Oct;Animalia;Aves;Podicipedidae;Podiceps;Podiceps cristatus;Somormujo lavanco
-5.435;36.176;Paraje Nat. Marismas Rio Palmones;Cadiz;Andalucia;2003;Jul;Animalia;Aves;Threskiornithidae;Platalea;Platalea leucorodia;Espatula comun
-5.435;36.176;Paraje Nat. Marismas Rio Palmones;Cadiz;Andalucia;2006;Jul;Animalia;Aves;Threskiornithidae;Platalea;Platalea leucorodia;Espatula comun
-5.435;36.176;Paraje Nat. Marismas Rio Palmones;Cadiz;Andalucia;2008;Jul;Animalia;Aves;Threskiornithidae;Platalea;Platalea leucorodia;Espatula comun
-5.435;36.176;Paraje Nat. Marismas Rio Palmones;Cadiz;Andalucia;2009;Oct;Animalia;Aves;Anatidae;Tadorna;Tadorna tadorna;Tarro blanco
-5.435;36.176;Paraje Nat. Marismas Rio Palmones;Cadiz;Andalucia;2009;Jul;Animalia;Aves;Threskiornithidae;Platalea;Platalea leucorodia;Espatula comun
-5.435;36.176;Paraje Nat. Marismas Rio Palmones;Cadiz;Andalucia;2011;Jul;Animalia;Aves;Threskiornithidae;Platalea;Platalea leucorodia;Espatula comun
-5.435;36.176;Paraje Nat. Marismas Rio Palmones;Cadiz;Andalucia;2011;Oct;Animalia;Aves;Anatidae;Tadorna;Tadorna tadorna;Tarro blanco
-5.435;36.176;Paraje Nat. Marismas Rio Palmones;Cadiz;Andalucia;2012;Jul;Animalia;Aves;Podicipedidae;Tachybaptus;Tachybaptus ruficollis;Zampullin comun
-5.435;36.176;Paraje Nat. Marismas Rio Palmones;Cadiz;Andalucia;2013;Jul;Animalia;Aves;Threskiornithidae;Platalea;Platalea leucorodia;Espatula comun
-5.435;36.176;Paraje Nat. Marismas Rio Palmones;Cadiz;Andalucia;2014;Jul;Animalia;Aves;Threskiornithidae;Platalea;Platalea leucorodia;Espatula comun
-5.523;36.044;Parque Natural del Estrecho;Cadiz;Andalucia;2017;Nov;Animalia;Amphibia;Bufonidae;Bufo;Bufo spinosus;Spiny Toad
-5.8;36.1;Parque Natural del Estrecho;Cadiz;Andalucia;2019;Mar;Animalia;Amphibia;Salamandridae;Salamandra;Salamandra salamandra;Fire Salamander
-5.766;36.11;Parque Natural del Estrecho;Cadiz;Andalucia;2019;Mar;Animalia;Amphibia;Salamandridae;Salamandra;Salamandra salamandra;Long-snouted Fire Salamander
-6.231;36.47;PN Bahia de Cadiz - Saco Interno San Fernando;Cadiz;Andalucia;2000;Nov;Animalia;Aves;Anatidae;Anas;Mareca penelope;Eurasian Wigeon
-6.208;36.57;PN Bahia de Cadiz - Salina NÂª Sra de los Desamparados;Cadiz;Andalucia;2000;Jul;Animalia;Aves;Threskiornithidae;Platalea;Platalea leucorodia;Eurasian Spoonbill
-6.226;36.516;PN Bahia de Cadiz - Salina Victoria del Trocadero y anexas;Cadiz;Andalucia;2004;Jul;Animalia;Aves;Threskiornithidae;Platalea;Platalea leucorodia;Eurasian Spoonbill
-6.118;36.524;Puerto Real;Cadiz;Andalucia;2017;Mar;Animalia;Mammalia;Herpestidae;Herpestes;Herpestes ichneumon;Egyptian Mongoose
-6.057;36.517;Puerto Real;Cadiz;Andalucia;2017;Mar;Animalia;Mammalia;Herpestidae;Herpestes;Herpestes ichneumon;Egyptian Mongoose
-6.342;36.849;Salinas de Bonanza (Hidalgo);Cadiz;Andalucia;2000;Oct;Animalia;Aves;Podicipedidae;Podiceps;Podiceps cristatus;Somormujo lavanco
-6.342;36.849;Salinas de Bonanza (Hidalgo);Cadiz;Andalucia;2000;Oct;Animalia;Aves;Anatidae;Tadorna;Tadorna tadorna;Tarro blanco
-6.342;36.849;Salinas de Bonanza (Hidalgo);Cadiz;Andalucia;2000;Jul;Animalia;Aves;Ardeidae;Ardea;Egretta alba;Garceta grande
-6.342;36.849;Salinas de Bonanza (Hidalgo);Cadiz;Andalucia;2000;Jul;Animalia;Aves;Podicipedidae;Tachybaptus;Tachybaptus ruficollis;Zampullin comun
-6.342;36.849;Salinas de Bonanza (Hidalgo);Cadiz;Andalucia;2001;Oct;Animalia;Aves;Podicipedidae;Podiceps;Podiceps cristatus;Somormujo lavanco
-6.342;36.849;Salinas de Bonanza (Hidalgo);Cadiz;Andalucia;2001;Oct;Animalia;Aves;Anatidae;Tadorna;Tadorna tadorna;Tarro blanco
-6.342;36.849;Salinas de Bonanza (Hidalgo);Cadiz;Andalucia;2001;Oct;Animalia;Aves;Podicipedidae;Podiceps;Podiceps nigricollis;Zampullin cuellinegro
-6.329;36.89;Salinas de Bonanza (Portugueses);Cadiz;Andalucia;2000;Oct;Animalia;Aves;Podicipedidae;Podiceps;Podiceps nigricollis;Zampullin cuellinegro
-6.329;36.89;Salinas de Bonanza (Portugueses);Cadiz;Andalucia;2000;Oct;Animalia;Aves;Anatidae;Tadorna;Tadorna tadorna;Tarro blanco
-6.329;36.89;Salinas de Bonanza (Portugueses);Cadiz;Andalucia;2000;Jul;Animalia;Aves;Threskiornithidae;Platalea;Platalea leucorodia;Espatula comun
-6.329;36.89;Salinas de Bonanza (Portugueses);Cadiz;Andalucia;2000;Jul;Animalia;Aves;Ardeidae;Ardea;Egretta alba;Garceta grande
-6.329;36.89;Salinas de Bonanza (Portugueses);Cadiz;Andalucia;2000;Jul;Animalia;Aves;Podicipedidae;Tachybaptus;Tachybaptus ruficollis;Zampullin comun
-6.329;36.89;Salinas de Bonanza (Portugueses);Cadiz;Andalucia;2001;Oct;Animalia;Aves;Podicipedidae;Podiceps;Podiceps cristatus;Somormujo lavanco
-6.329;36.89;Salinas de Bonanza (Portugueses);Cadiz;Andalucia;2001;Oct;Animalia;Aves;Podicipedidae;Podiceps;Podiceps nigricollis;Zampullin cuellinegro
-6.329;36.89;Salinas de Bonanza (Portugueses);Cadiz;Andalucia;2003;Oct;Animalia;Aves;Podicipedidae;Podiceps;Podiceps cristatus;Somormujo lavanco
-6.329;36.89;Salinas de Bonanza (Portugueses);Cadiz;Andalucia;2003;Oct;Animalia;Aves;Podicipedidae;Podiceps;Podiceps nigricollis;Zampullin cuellinegro
-6.329;36.89;Salinas de Bonanza (Portugueses);Cadiz;Andalucia;2003;Oct;Animalia;Aves;Anatidae;Tadorna;Tadorna tadorna;Tarro blanco
-6.329;36.89;Salinas de Bonanza (Portugueses);Cadiz;Andalucia;2004;Oct;Animalia;Aves;Podicipedidae;Podiceps;Podiceps cristatus;Somormujo lavanco
-6.329;36.89;Salinas de Bonanza (Portugueses);Cadiz;Andalucia;2004;Oct;Animalia;Aves;Podicipedidae;Podiceps;Podiceps nigricollis;Zampullin cuellinegro
-6.329;36.89;Salinas de Bonanza (Portugueses);Cadiz;Andalucia;2004;Oct;Animalia;Aves;Anatidae;Tadorna;Tadorna tadorna;Tarro blanco
-6.329;36.89;Salinas de Bonanza (Portugueses);Cadiz;Andalucia;2004;Jul;Animalia;Aves;Ardeidae;Nycticorax;Nycticorax nycticorax;Martinete comun
-6.329;36.89;Salinas de Bonanza (Portugueses);Cadiz;Andalucia;2004;Jul;Animalia;Aves;Ardeidae;Ardea;Egretta alba;Garceta grande
-6.329;36.89;Salinas de Bonanza (Portugueses);Cadiz;Andalucia;2004;Jul;Animalia;Aves;Podicipedidae;Tachybaptus;Tachybaptus ruficollis;Zampullin comun
-5.35;36.25;San Roque;Cadiz;Andalucia;2016;Mar;Animalia;Mammalia;Mustelidae;Meles;Meles meles;Eurasian Badger
-5.418;36.204;San Roque;Cadiz;Andalucia;2020;Jul;Animalia;Mammalia;Herpestidae;Herpestes;Herpestes ichneumon;Egyptian Mongoose
-5.316;36.239;San Roque;Cadiz;Andalucia;2020;Jul;Animalia;Mammalia;Herpestidae;Herpestes;Herpestes ichneumon;Egyptian Mongoose
-5.417;36.227;San Roque;Cadiz;Andalucia;2013;Apr;Animalia;Actinopterygii;Anguillidae;Anguilla;Anguilla anguilla;European eel
-5.314;36.287;San Roque;Cadiz;Andalucia;2016;Oct;Animalia;Amphibia;Bufonidae;Bufo;Bufo spinosus;Spiny Toad
-5.32;36.287;San Roque;Cadiz;Andalucia;2019;May;Animalia;Amphibia;Bufonidae;Bufo;Bufo spinosus;Spiny Toad
-5.314;36.287;San Roque;Cadiz;Andalucia;2019;Apr;Animalia;Amphibia;Bufonidae;Bufo;Bufo spinosus;Spiny Toad
-5.406;36.201;San Roque - Estacion Ambiental Madrevieja-CEPSA;Cadiz;Andalucia;2015;Jul;Animalia;Amphibia;Pelobatidae;Pelobates;Pelobates cultripes;Western Spadefoot
-5.405;36.203;San Roque - Estacion Ambiental Madrevieja-CEPSA;Cadiz;Andalucia;2015;Feb;Animalia;Amphibia;Alytidae;Discoglossus;Discoglossus galganoi;Spanish Painted Frog
-5.406;36.201;San Roque - Estacion Ambiental Madrevieja-CEPSA;Cadiz;Andalucia;2017;Apr;Animalia;Amphibia;Pelobatidae;Pelobates;Pelobates cultripes;Western Spadefoot
-5.406;36.201;San Roque - Estacion Ambiental Madrevieja-CEPSA;Cadiz;Andalucia;2017;Apr;Animalia;Amphibia;Salamandridae;Pleurodeles;Pleurodeles waltl;Spanish Ribbed Newt
-5.405;36.203;San Roque - Estacion Ambiental Madrevieja-CEPSA;Cadiz;Andalucia;2017;Nov;Animalia;Amphibia;Pelodytidae;Pelodytes;Pelodytes ibericus;Iberian Parsley Frog
-5.404;36.205;San Roque - Estacion Ambiental Madrevieja-CEPSA;Cadiz;Andalucia;2017;Apr;Animalia;Amphibia;Bufonidae;Bufo;Bufo spinosus;Spiny Toad
-5.404;36.205;San Roque - Estacion Ambiental Madrevieja-CEPSA;Cadiz;Andalucia;2017;May;Animalia;Amphibia;Pelodytidae;Pelodytes;Pelodytes ibericus;Iberian Parsley Frog
-5.404;36.205;San Roque - Estacion Ambiental Madrevieja-CEPSA;Cadiz;Andalucia;2017;Sep;Animalia;Amphibia;Pelodytidae;Pelodytes;Pelodytes ibericus;Iberian Parsley Frog
-5.404;36.205;San Roque - Estacion Ambiental Madrevieja-CEPSA;Cadiz;Andalucia;2018;Feb;Animalia;Amphibia;Alytidae;Discoglossus;Discoglossus galganoi;Spanish Painted Frog
-4.344;43.384;San Vicente de la Barquera;Cadiz;Andalucia;2019;Mar;Animalia;Mammalia;Mustelidae;Meles;Meles meles;Eurasian Badger
-6.25;36.8;Sanlucar de Barrameda;Cadiz;Andalucia;2020;Jul;Animalia;Mammalia;Canidae;Vulpes;Vulpes vulpes;Red Fox
-5.179;36.862;Setenil de las Bodegas;Cadiz;Andalucia;2019;Apr;Animalia;Amphibia;Bufonidae;Bufo;Bufo spinosus;Spiny Toad
-5.365;36.753;Sierra de Grazalema;Cadiz;Andalucia;2008;Apr;Animalia;Amphibia;Bufonidae;Bufo;Bufo spinosus;Spiny Toad
-6.214;36.472;Spain - Bahia de Cadiz;Cadiz;Andalucia;2000;Nov;Animalia;Aves;Anatidae;Anas;Mareca penelope;Eurasian Wigeon
-5.783;36.205;Tarifa;Cadiz;Andalucia;2016;Feb;Animalia;Mammalia;Herpestidae;Herpestes;Herpestes ichneumon;Egyptian Mongoose
-5.78;36.19;Tarifa;Cadiz;Andalucia;2018;Feb;Animalia;Mammalia;Herpestidae;Herpestes;Herpestes ichneumon;Egyptian Mongoose
-5.727;36.102;Tarifa;Cadiz;Andalucia;2018;Jul;Animalia;Mammalia;Canidae;Vulpes;Vulpes vulpes;Red Fox
-5.58;36.07;Tarifa;Cadiz;Andalucia;2018;Feb;Animalia;Mammalia;Canidae;Vulpes;Vulpes vulpes;Red Fox
-5.634;36.159;Tarifa;Cadiz;Andalucia;2019;Mar;Animalia;Mammalia;Canidae;Vulpes;Vulpes vulpes;Red Fox
-5.634;36.158;Tarifa;Cadiz;Andalucia;2019;Mar;Animalia;Mammalia;Canidae;Vulpes;Vulpes vulpes;Red Fox
-5.79;36.17;Tarifa;Cadiz;Andalucia;2018;May;Animalia;Amphibia;Pelodytidae;Pelodytes;Pelodytes ibericus;Iberian Parsley Frog
-5.712;36.149;Tarifa;Cadiz;Andalucia;2018;May;Animalia;Amphibia;Pelodytidae;Pelodytes;Pelodytes ibericus;Iberian Parsley Frog
-5.62;36.06;Tarifa;Cadiz;Andalucia;2018;Jul;Animalia;Amphibia;Bufonidae;Bufo;Bufo spinosus;Spiny Toad
-5.644;36.08;Tarifa;Cadiz;Andalucia;2019;Apr;Animalia;Amphibia;Bufonidae;Bufo;Bufo spinosus;Spiny Toad
-5.538;36.077;Tarifa;Cadiz;Andalucia;2019;Apr;Animalia;Amphibia;Bufonidae;Bufo;Bufo spinosus;Spiny Toad
-5.786;36.199;Tarifa;Cadiz;Andalucia;2020;Jul;Animalia;Amphibia;Pelodytidae;Pelodytes;Pelodytes ibericus;Iberian Parsley Frog
-5.651;36.117;Tarifa;Cadiz;Andalucia;2020;Jul;Animalia;Amphibia;Salamandridae;Salamandra;Salamandra salamandra;Long-snouted Fire Salamander
-5.37;36.71;Villaluenga del Rosario;Cadiz;Andalucia;2017;Feb;Animalia;Amphibia;Salamandridae;Salamandra;Salamandra salamandra;Long-snouted Fire Salamander
-5.37;36.711;Villaluenga del Rosario;Cadiz;Andalucia;2017;Feb;Animalia;Amphibia;Bufonidae;Bufo;Bufo spinosus;Spiny Toad
-5.358;36.682;Villaluenga del Rosario;Cadiz;Andalucia;2017;Feb;Animalia;Amphibia;Salamandridae;Salamandra;Salamandra salamandra;Long-snouted Fire Salamander
-5.357;36.68;Villaluenga del Rosario;Cadiz;Andalucia;2017;Feb;Animalia;Amphibia;Salamandridae;Salamandra;Salamandra salamandra;Long-snouted Fire Salamander
-5.356;36.682;Villaluenga del Rosario;Cadiz;Andalucia;2017;Feb;Animalia;Amphibia;Salamandridae;Salamandra;Salamandra salamandra;Long-snouted Fire Salamander
-5.354;36.682;Villaluenga del Rosario;Cadiz;Andalucia;2017;Feb;Animalia;Amphibia;Salamandridae;Salamandra;Salamandra salamandra;Long-snouted Fire Salamander
-5.354;36.679;Villaluenga del Rosario;Cadiz;Andalucia;2017;Feb;Animalia;Amphibia;Salamandridae;Salamandra;Salamandra salamandra;Long-snouted Fire Salamander
-5.351;36.68;Villaluenga del Rosario;Cadiz;Andalucia;2017;Feb;Animalia;Amphibia;Pelodytidae;Pelodytes;Pelodytes ibericus;Iberian Parsley Frog
-5.36;36.683;Villaluenga del Rosario;Cadiz;Andalucia;2018;Feb;Animalia;Amphibia;Salamandridae;Salamandra;Salamandra salamandra;Long-snouted Fire Salamander
-5.356;36.683;Villaluenga del Rosario;Cadiz;Andalucia;2019;Mar;Animalia;Amphibia;Salamandridae;Salamandra;Salamandra salamandra;Long-snouted Fire Salamander
-5.351;36.681;Villaluenga del Rosario;Cadiz;Andalucia;2019;Mar;Animalia;Amphibia;Hylidae;Hyla;Hyla meridionalis;Mediterranean Tree Frog
-5.351;36.68;Villaluenga del Rosario;Cadiz;Andalucia;2019;Mar;Animalia;Amphibia;Pelodytidae;Pelodytes;Pelodytes ibericus;Iberian Parsley Frog
-5.372;36.705;Villaluenga del Rosario;Cadiz;Andalucia;2020;Feb;Animalia;Amphibia;Salamandridae;Salamandra;Salamandra salamandra;Long-snouted Fire Salamander
-5.372;36.705;Villaluenga del Rosario;Cadiz;Andalucia;2020;Feb;Animalia;Amphibia;Pelodytidae;Pelodytes;Pelodytes ibericus;Iberian Parsley Frog
-5.371;36.705;Villaluenga del Rosario;Cadiz;Andalucia;2020;Feb;Animalia;Amphibia;Pelodytidae;Pelodytes;Pelodytes ibericus;Iberian Parsley Frog
-5.369;36.711;Villaluenga del Rosario;Cadiz;Andalucia;2020;Feb;Animalia;Amphibia;Salamandridae;Salamandra;Salamandra salamandra;Fire Salamander
-5.369;36.711;Villaluenga del Rosario;Cadiz;Andalucia;2020;Feb;Animalia;Amphibia;Bufonidae;Bufo;Bufo spinosus;Spiny Toad
-5.367;36.713;Villaluenga del Rosario;Cadiz;Andalucia;2020;Feb;Animalia;Amphibia;Salamandridae;Salamandra;Salamandra salamandra;Fire Salamander
-5.367;36.712;Villaluenga del Rosario;Cadiz;Andalucia;2020;Feb;Animalia;Amphibia;Alytidae;Discoglossus;Discoglossus galganoi;Iberian Painted Frog
-5.357;36.682;Villaluenga del Rosario;Cadiz;Andalucia;2020;Feb;Animalia;Amphibia;Salamandridae;Salamandra;Salamandra salamandra;Long-snouted Fire Salamander
-5.357;36.682;Villaluenga del Rosario;Cadiz;Andalucia;2020;Feb;Animalia;Amphibia;Pelodytidae;Pelodytes;Pelodytes ibericus;Iberian Parsley Frog
-5.353;36.682;Villaluenga del Rosario;Cadiz;Andalucia;2020;Feb;Animalia;Amphibia;Pelodytidae;Pelodytes;Pelodytes ibericus;Iberian Parsley Frog
-5.352;36.683;Villaluenga del Rosario;Cadiz;Andalucia;2020;Feb;Animalia;Amphibia;Hylidae;Hyla;Hyla meridionalis;Mediterranean Tree Frog
-5.352;36.681;Villaluenga del Rosario;Cadiz;Andalucia;2020;Feb;Animalia;Amphibia;Hylidae;Hyla;Hyla meridionalis;Mediterranean Tree Frog
-5.352;36.681;Villaluenga del Rosario;Cadiz;Andalucia;2020;Feb;Animalia;Amphibia;Salamandridae;Pleurodeles;Pleurodeles waltl;Spanish Ribbed Newt
-5.352;36.681;Villaluenga del Rosario;Cadiz;Andalucia;2020;Feb;Animalia;Amphibia;Pelodytidae;Pelodytes;Pelodytes ibericus;Iberian Parsley Frog
-5.351;36.681;Villaluenga del Rosario;Cadiz;Andalucia;2020;Feb;Animalia;Amphibia;Hylidae;Hyla;Hyla meridionalis;Mediterranean Tree Frog
-5.351;36.68;Villaluenga del Rosario;Cadiz;Andalucia;2020;Feb;Animalia;Amphibia;Salamandridae;Salamandra;Salamandra salamandra;Long-snouted Fire Salamander
-5.351;36.679;Villaluenga del Rosario;Cadiz;Andalucia;2020;Feb;Animalia;Amphibia;Pelodytidae;Pelodytes;Pelodytes ibericus;Iberian Parsley Frog
-5.349;36.679;Villaluenga del Rosario;Cadiz;Andalucia;2020;Feb;Animalia;Amphibia;Pelodytidae;Pelodytes;Pelodytes ibericus;Iberian Parsley Frog
-5.948;36.186; La Brena y Marismas del Barbate;Cadiz;Andalucia;2010;Mar;Animalia;Reptilia;Chamaeleonidae;Chamaeleo;Chamaeleo chamaeleon;Common Chameleon
-6.025;36.188; La Brena y Marismas del Barbate;Cadiz;Andalucia;2017;May;Animalia;Reptilia;Chamaeleonidae;Chamaeleo;Chamaeleo chamaeleon;Common Chameleon
-5.946;36.189; La Brena y Marismas del Barbate;Cadiz;Andalucia;2018;Apr;Animalia;Reptilia;Chamaeleonidae;Chamaeleo;Chamaeleo chamaeleon;Common Chameleon
-5.973;36.179; La Brena y Marismas del Barbate;Cadiz;Andalucia;2019;Jun;Animalia;Reptilia;Chamaeleonidae;Chamaeleo;Chamaeleo chamaeleon;Common Chameleon
-5.955;36.187; La Brena y Marismas del Barbate;Cadiz;Andalucia;2019;Apr;Animalia;Reptilia;Chamaeleonidae;Chamaeleo;Chamaeleo chamaeleon;Common Chameleon
-5.944;36.19; La Brena y Marismas del Barbate;Cadiz;Andalucia;2019;Apr;Animalia;Reptilia;Chamaeleonidae;Chamaeleo;Chamaeleo chamaeleon;Common Chameleon
-5.941;36.188; La Brena y Marismas del Barbate;Cadiz;Andalucia;2020;Feb;Animalia;Reptilia;Chamaeleonidae;Chamaeleo;Chamaeleo chamaeleon;Common Chameleon
-6.326;36.809; Lagunas de Bonanza (Camino Colorado);Cadiz;Andalucia;2016;Sep;Animalia;Reptilia;Chamaeleonidae;Chamaeleo;Chamaeleo chamaeleon;Common Chameleon
-6.325;36.809; Lagunas de Bonanza (Camino Colorado);Cadiz;Andalucia;2016;Sep;Animalia;Reptilia;Chamaeleonidae;Chamaeleo;Chamaeleo chamaeleon;Common Chameleon
-5.793;36.1; Sierra de la Plata;Cadiz;Andalucia;2015;May;Animalia;Reptilia;Lacertidae;Timon;Timon lepidus;Ocellated Lizard
-5.776;36.09; Sierra de la Plata;Cadiz;Andalucia;2015;Oct;Animalia;Reptilia;Chamaeleonidae;Chamaeleo;Chamaeleo chamaeleon;Common Chameleon
-5.78;36.089; Sierra de la Plata;Cadiz;Andalucia;2018;May;Animalia;Reptilia;Chamaeleonidae;Chamaeleo;Chamaeleo chamaeleon;Common Chameleon
-5.779;36.089; Sierra de la Plata;Cadiz;Andalucia;2019;Mar;Animalia;Reptilia;Chamaeleonidae;Chamaeleo;Chamaeleo chamaeleon;Common Chameleon
-5.779;36.089; Sierra de la Plata;Cadiz;Andalucia;2019;May;Animalia;Reptilia;Chamaeleonidae;Chamaeleo;Chamaeleo chamaeleon;Common Chameleon
-5.778;36.089; Sierra de la Plata;Cadiz;Andalucia;2019;Mar;Animalia;Reptilia;Chamaeleonidae;Chamaeleo;Chamaeleo chamaeleon;Common Chameleon
-5.719;36.132; Tarifa;Cadiz;Andalucia;2006;Sep;Animalia;Reptilia;Colubridae;Hemorrhois;Hemorrhois hippocrepis;Horseshoe Whip Snake
-5.75;36.155; Tarifa;Cadiz;Andalucia;2015;Aug;Animalia;Reptilia;Colubridae;Hemorrhois;Hemorrhois hippocrepis;Horseshoe Whip Snake
-5.59;36.05; Tarifa;Cadiz;Andalucia;2017;Jul;Animalia;Reptilia;Colubridae;Hemorrhois;Hemorrhois hippocrepis;Horseshoe Whip Snake
-5.58;36.07; Tarifa;Cadiz;Andalucia;2017;Mar;Animalia;Reptilia;Colubridae;Hemorrhois;Hemorrhois hippocrepis;Horseshoe Whip Snake
-5.646;36.074; Tarifa;Cadiz;Andalucia;2019;Jul;Animalia;Reptilia;Lacertidae;Timon;Timon lepidus;Ocellated Lizard
-5.619;36.027; Tarifa - Playa de Los Lances;Cadiz;Andalucia;2015;Apr;Animalia;Reptilia;Lacertidae;Timon;Timon lepidus;Ocellated Lizard
-5.372;36.705; Villaluenga del Rosario;Cadiz;Andalucia;2017;Feb;Animalia;Reptilia;Lacertidae;Timon;Timon lepidus;Ocellated Lizard
-5.354;36.682; Villaluenga del Rosario;Cadiz;Andalucia;2019;Mar;Animalia;Reptilia;Lacertidae;Timon;Timon lepidus;Ocellated Lizard
-5.379;36.696; Villaluenga del Rosario;Cadiz;Andalucia;2020;Feb;Animalia;Reptilia;Blanidae;Blanus;Blanus cinereus;Mediterranean Worm Lizard
-5.373;36.705; Villaluenga del Rosario;Cadiz;Andalucia;2020;Feb;Animalia;Reptilia;Lacertidae;Timon;Timon lepidus;Ocellated Lizard
-5.373;36.705; Villaluenga del Rosario;Cadiz;Andalucia;2020;Feb;Animalia;Reptilia;Blanidae;Blanus;Blanus cinereus;Mediterranean Worm Lizard
-5.371;36.705; Villaluenga del Rosario;Cadiz;Andalucia;2020;Feb;Animalia;Reptilia;Lacertidae;Timon;Timon lepidus;Ocellated Lizard
-5.369;36.705; Villaluenga del Rosario;Cadiz;Andalucia;2020;Feb;Animalia;Reptilia;Lacertidae;Timon;Timon lepidus;Ocellated Lizard
-5.359;36.683; Villaluenga del Rosario;Cadiz;Andalucia;2020;Feb;Animalia;Reptilia;Lacertidae;Timon;Timon lepidus;Ocellated Lizard
-5.358;36.683; Villaluenga del Rosario;Cadiz;Andalucia;2020;Feb;Animalia;Reptilia;Lacertidae;Timon;Timon lepidus;Ocellated Lizard
-5.348;36.683; Villaluenga del Rosario;Cadiz;Andalucia;2020;Feb;Animalia;Reptilia;Lacertidae;Timon;Timon lepidus;Ocellated Lizard
-5.639;36.516;Alcala de los Gazules;Cadiz;Andalucia;2019;Jul;Animalia;Amphibia;Alytidae;Discoglossus;Discoglossus galganoi;Iberian Painted Frog
-5.636;36.52;Alcala de los Gazules;Cadiz;Andalucia;2019;Jul;Animalia;Amphibia;Alytidae;Discoglossus;Discoglossus galganoi;Iberian Painted Frog
-5.636;36.52;Alcala de los Gazules;Cadiz;Andalucia;2019;Jul;Animalia;Amphibia;Hylidae;Hyla;Hyla meridionalis;Mediterranean Tree Frog
-5.498;36.112;Algeciras;Cadiz;Andalucia;2011;Mar;Animalia;Amphibia;Bufonidae;Bufo;Bufo spinosus;Spiny Toad
-5.54;36.107;Algeciras;Cadiz;Andalucia;2017;May;Animalia;Amphibia;Bufonidae;Bufo;Bufo spinosus;Spiny Toad
-5.539;36.107;Algeciras;Cadiz;Andalucia;2017;Sep;Animalia;Amphibia;Bufonidae;Bufo;Bufo spinosus;Spiny Toad
-5.492;36.091;Algeciras;Cadiz;Andalucia;2019;Apr;Animalia;Amphibia;Bufonidae;Bufo;Bufo spinosus;Spiny Toad
-5.55;36.05;Algeciras;Cadiz;Andalucia;2016;Apr;Animalia;Mammalia;Canidae;Vulpes;Vulpes vulpes;Red Fox
-6.21;36.515;Bahia de Cadiz PNat--Isla del Trocadero;Cadiz;Andalucia;2017;Jul;Animalia;Aves;Ardeidae;Ardea;Ardea alba;Great Egret
-6.18;36.431;Bahia de Cadiz PNat--Salina La Borriquera;Cadiz;Andalucia;2019;Jul;Animalia;Aves;Threskiornithidae;Platalea;Platalea leucorodia;Eurasian Spoonbill
-6.155;36.511;Bahia de Cadiz PNat--Salina La Esperanza;Cadiz;Andalucia;2019;Jul;Animalia;Aves;Ardeidae;Ardea;Ardea alba;Great Egret
-6.247;36.464;Bahia de Cadiz PNat--Salinas Dolores;Cadiz;Andalucia;2009;Jul;Animalia;Aves;Threskiornithidae;Platalea;Platalea leucorodia;Eurasian Spoonbill
-6.247;36.464;Bahia de Cadiz PNat--Salinas Dolores;Cadiz;Andalucia;2018;Jul;Animalia;Aves;Threskiornithidae;Platalea;Platalea leucorodia;Eurasian Spoonbill
-6.247;36.464;Bahia de Cadiz PNat--Salinas Dolores;Cadiz;Andalucia;2018;Nov;Animalia;Aves;Anatidae;Anas;Mareca penelope;Eurasian Wigeon
-6.247;36.464;Bahia de Cadiz PNat--Salinas Dolores;Cadiz;Andalucia;2018;Jul;Animalia;Aves;Ardeidae;Ardea;Ardea alba;Great Egret
-6.247;36.464;Bahia de Cadiz PNat--Salinas Dolores;Cadiz;Andalucia;2019;Oct;Animalia;Aves;Anatidae;Tadorna;Tadorna tadorna;Common Shelduck
-6.247;36.464;Bahia de Cadiz PNat--Salinas Dolores;Cadiz;Andalucia;2019;Nov;Animalia;Aves;Anatidae;Anas;Mareca penelope;Eurasian Wigeon
-6.274;36.88;Balsas de Adventas, Sanlucar Barrameda;Cadiz;Andalucia;2005;Oct;Animalia;Aves;Podicipedidae;Podiceps;Podiceps cristatus;Somormujo lavanco
-6.274;36.88;Balsas de Adventas, Sanlucar Barrameda;Cadiz;Andalucia;2005;Oct;Animalia;Aves;Podicipedidae;Podiceps;Podiceps nigricollis;Zampullin cuellinegro
-6.274;36.88;Balsas de Adventas, Sanlucar Barrameda;Cadiz;Andalucia;2006;Jul;Animalia;Aves;Threskiornithidae;Platalea;Platalea leucorodia;Espatula comun
-6.274;36.88;Balsas de Adventas, Sanlucar Barrameda;Cadiz;Andalucia;2006;Oct;Animalia;Aves;Podicipedidae;Podiceps;Podiceps nigricollis;Zampullin cuellinegro
-6.274;36.88;Balsas de Adventas, Sanlucar Barrameda;Cadiz;Andalucia;2010;Jul;Animalia;Aves;Podicipedidae;Tachybaptus;Tachybaptus ruficollis;Zampullin comun
-5.504;36.08;Centro Visitantes Huerta Grande - Ornipark;Cadiz;Andalucia;2009;Mar;Animalia;Amphibia;Hylidae;Hyla;Hyla meridionalis;Mediterranean Tree Frog
-5.504;36.08;Centro Visitantes Huerta Grande - Ornipark;Cadiz;Andalucia;2009;Mar;Animalia;Amphibia;Salamandridae;Salamandra;Salamandra salamandra;Long-snouted Fire Salamander
-5.504;36.08;Centro Visitantes Huerta Grande - Ornipark;Cadiz;Andalucia;2010;Feb;Animalia;Amphibia;Salamandridae;Salamandra;Salamandra salamandra;Long-snouted Fire Salamander
-5.504;36.08;Centro Visitantes Huerta Grande - Ornipark;Cadiz;Andalucia;2011;Apr;Animalia;Amphibia;Bufonidae;Bufo;Bufo spinosus;Spiny Toad
-5.504;36.08;Centro Visitantes Huerta Grande - Ornipark;Cadiz;Andalucia;2013;Mar;Animalia;Amphibia;Hylidae;Hyla;Hyla meridionalis;Mediterranean Tree Frog
-5.504;36.08;Centro Visitantes Huerta Grande - Ornipark;Cadiz;Andalucia;2014;Mar;Animalia;Amphibia;Hylidae;Hyla;Hyla meridionalis;Mediterranean Tree Frog
-5.504;36.08;Centro Visitantes Huerta Grande - Ornipark;Cadiz;Andalucia;2014;Apr;Animalia;Amphibia;Hylidae;Hyla;Hyla meridionalis;Mediterranean Tree Frog
-5.504;36.08;Centro Visitantes Huerta Grande - Ornipark;Cadiz;Andalucia;2014;Sep;Animalia;Amphibia;Bufonidae;Bufo;Bufo spinosus;Spiny Toad
-5.504;36.08;Centro Visitantes Huerta Grande - Ornipark;Cadiz;Andalucia;2014;Oct;Animalia;Amphibia;Bufonidae;Bufo;Bufo spinosus;Spiny Toad
-5.504;36.08;Centro Visitantes Huerta Grande - Ornipark;Cadiz;Andalucia;2015;Mar;Animalia;Amphibia;Bufonidae;Bufo;Bufo spinosus;Spiny Toad
-5.504;36.08;Centro Visitantes Huerta Grande - Ornipark;Cadiz;Andalucia;2015;May;Animalia;Amphibia;Bufonidae;Bufo;Bufo spinosus;Spiny Toad
-5.504;36.08;Centro Visitantes Huerta Grande - Ornipark;Cadiz;Andalucia;2016;Mar;Animalia;Amphibia;Hylidae;Hyla;Hyla meridionalis;Mediterranean Tree Frog
-5.504;36.08;Centro Visitantes Huerta Grande - Ornipark;Cadiz;Andalucia;2016;Apr;Animalia;Amphibia;Bufonidae;Bufo;Bufo spinosus;Spiny Toad
-5.504;36.08;Centro Visitantes Huerta Grande - Ornipark;Cadiz;Andalucia;2016;Dec;Animalia;Amphibia;Bufonidae;Bufo;Bufo spinosus;Spiny Toad
-5.67;36.854;Cola del embalse de Bornos;Cadiz;Andalucia;2005;Oct;Animalia;Aves;Podicipedidae;Podiceps;Podiceps cristatus;Somormujo lavanco
-5.67;36.854;Cola del embalse de Bornos;Cadiz;Andalucia;2005;Jul;Animalia;Aves;Threskiornithidae;Platalea;Platalea leucorodia;Espatula comun
-5.67;36.854;Cola del embalse de Bornos;Cadiz;Andalucia;2005;Jul;Animalia;Aves;Podicipedidae;Tachybaptus;Tachybaptus ruficollis;Zampullin comun
-5.67;36.854;Cola del embalse de Bornos;Cadiz;Andalucia;2006;Oct;Animalia;Aves;Podicipedidae;Podiceps;Podiceps cristatus;Somormujo lavanco
-5.67;36.854;Cola del embalse de Bornos;Cadiz;Andalucia;2006;Nov;Animalia;Aves;Anatidae;Netta;Netta rufina;Pato colorado
-5.67;36.854;Cola del embalse de Bornos;Cadiz;Andalucia;2008;Oct;Animalia;Aves;Podicipedidae;Podiceps;Podiceps cristatus;Somormujo lavanco
-5.67;36.854;Cola del embalse de Bornos;Cadiz;Andalucia;2009;Oct;Animalia;Aves;Podicipedidae;Podiceps;Podiceps cristatus;Somormujo lavanco
-5.67;36.854;Cola del embalse de Bornos;Cadiz;Andalucia;2011;Oct;Animalia;Aves;Podicipedidae;Podiceps;Podiceps cristatus;Somormujo lavanco
-5.67;36.854;Cola del embalse de Bornos;Cadiz;Andalucia;2012;Oct;Animalia;Aves;Podicipedidae;Podiceps;Podiceps cristatus;Somormujo lavanco
-5.67;36.854;Cola del embalse de Bornos;Cadiz;Andalucia;2012;Jul;Animalia;Aves;Podicipedidae;Tachybaptus;Tachybaptus ruficollis;Zampullin comun
-5.67;36.854;Cola del embalse de Bornos;Cadiz;Andalucia;2014;Oct;Animalia;Aves;Podicipedidae;Podiceps;Podiceps cristatus;Somormujo lavanco
-6.197;36.504;PN Bahia de Cadiz - Area General;Cadiz;Andalucia;2015;Oct;Animalia;Aves;Anatidae;Tadorna;Tadorna tadorna;Common Shelduck
-6.197;36.504;PN Bahia de Cadiz - Area General;Cadiz;Andalucia;2015;Oct;Animalia;Aves;Podicipedidae;Podiceps;Podiceps nigricollis;Eared Grebe
-6.197;36.504;PN Bahia de Cadiz - Area General;Cadiz;Andalucia;2015;Nov;Animalia;Aves;Anatidae;Anas;Mareca penelope;Eurasian Wigeon
-6.197;36.504;PN Bahia de Cadiz - Area General;Cadiz;Andalucia;2015;Jul;Animalia;Aves;Threskiornithidae;Platalea;Platalea leucorodia;Eurasian Spoonbill
-6.197;36.504;PN Bahia de Cadiz - Area General;Cadiz;Andalucia;2015;Jul;Animalia;Aves;Threskiornithidae;Plegadis;Plegadis falcinellus;Glossy Ibis
-6.199;36.425;PN Bahia de Cadiz - Salina La Industrial y anexas;Cadiz;Andalucia;2018;Jul;Animalia;Aves;Ardeidae;Ardea;Ardea alba;Great Egret
-3.83;43.403; Astillero;Cantabria;Norte;2019;Jul;Animalia;Aves;Threskiornithidae;Platalea;Platalea leucorodia;Eurasian Spoonbill
-3.804;43.428; Camargo;Cantabria;Norte;2019;Nov;Animalia;Aves;Anatidae;Anas;Mareca penelope;Eurasian Wigeon
-3.463;43.442; Santona;Cantabria;Norte;2019;Oct;Animalia;Aves;Podicipedidae;Podiceps;Podiceps auritus;Horned Grebe
-3.459;43.451; Santona;Cantabria;Norte;2019;Nov;Animalia;Aves;Anatidae;Netta;Netta rufina;Red-crested Pochard
-3.818;43.404;Astillero;Cantabria;Norte;2016;Jul;Animalia;Aves;Threskiornithidae;Platalea;Platalea leucorodia;Eurasian Spoonbill
-3.48;43.419;Barcena de Cicero;Cantabria;Norte;2019;Oct;Animalia;Aves;Podicipedidae;Podiceps;Podiceps nigricollis;Eared Grebe
-4.25;43.3;Cabezon de la Sal;Cantabria;Norte;2020;Feb;Animalia;Mammalia;Mustelidae;Martes;Martes martes;Pine Marten
-4.569;43.116;Cantabria;Cantabria;Norte;2010;Jul;Animalia;Mammalia;Mustelidae;Martes;Martes martes;Pine Marten
-4.807;43.15;Cantabria;Cantabria;Norte;2009;Jul;Animalia;Amphibia;Salamandridae;Ichthyosaura;Ichthyosaura alpestris;Alpine Newt
-4.8;43.1;Cantabria;Cantabria;Norte;2009;Jul;Animalia;Amphibia;Salamandridae;Salamandra;Salamandra salamandra;Fire Salamander
-4.64;43.11;Cantabria;Cantabria;Norte;2009;Jul;Animalia;Amphibia;Salamandridae;Triturus;Triturus marmoratus;Marbled Newt
-4.2;43.3;Cantabria;Cantabria;Norte;2015;Apr;Animalia;Amphibia;Alytidae;Alytes;Alytes obstetricans;Midwife Toad
-4.18;43.338;Cantabria;Cantabria;Norte;2015;Apr;Animalia;Amphibia;Bufonidae;Bufo;Bufo spinosus;Spiny Toad
-3.884;43.387;Laguna Pozon de La Dolores ;Cantabria;Norte;2000;Oct;Animalia;Aves;Podicipedidae;Podiceps;Podiceps cristatus;Somormujo lavanco
-3.884;43.387;Laguna Pozon de La Dolores ;Cantabria;Norte;2000;Jul;Animalia;Aves;Podicipedidae;Tachybaptus;Tachybaptus ruficollis;Zampullin comun
-3.471;43.444;Observatorio arenilla, Parque Natural de las Marismas de Santona, Victoria y Joyel, Argonos;Cantabria;Norte;2019;Jul;Animalia;Aves;Threskiornithidae;Platalea;Platalea leucorodia;Eurasian Spoonbill
-4.815;43.153;Picos de Europa P.N.;Cantabria;Norte;2010;Jul;Animalia;Amphibia;Alytidae;Alytes;Alytes obstetricans;Midwife Toad
-4.815;43.153;Picos de Europa P.N.;Cantabria;Norte;2010;Jul;Animalia;Amphibia;Salamandridae;Ichthyosaura;Ichthyosaura alpestris;Alpine Newt
-4.815;43.153;Picos de Europa P.N.;Cantabria;Norte;2010;Jul;Animalia;Amphibia;Bufonidae;Bufo;Bufo spinosus;Spiny Toad
-4.813;43.164;Picos de Europa P.N.;Cantabria;Norte;2010;Jul;Animalia;Amphibia;Salamandridae;Ichthyosaura;Ichthyosaura alpestris;Alpine Newt
-4.812;43.163;Picos de Europa P.N.;Cantabria;Norte;2014;Jul;Animalia;Amphibia;Salamandridae;Ichthyosaura;Ichthyosaura alpestris;Alpine Newt
-4.98;43.272;Picos de Europa P.N.;Cantabria;Norte;2015;Aug;Animalia;Amphibia;Salamandridae;Ichthyosaura;Ichthyosaura alpestris;Alpine Newt
-4.815;43.163;Picos de Europa P.N.;Cantabria;Norte;2015;Jul;Animalia;Amphibia;Salamandridae;Ichthyosaura;Ichthyosaura alpestris;Alpine Newt
-4.403;43.115;Polaciones;Cantabria;Norte;2017;Mar;Animalia;Amphibia;Salamandridae;Salamandra;Salamandra salamandra;Fire Salamander
-4.63;43.17;Potes;Cantabria;Norte;2016;Jul;Animalia;Amphibia;Salamandridae;Triturus;Triturus marmoratus;Marbled Newt
-3.709;43.31;Rio  Miera;Cantabria;Norte;2017;Apr;Animalia;Amphibia;Bufonidae;Bufo;Bufo spinosus;Spiny Toad
-4.193;39.87;Rio Tajo Toledo-Castrejon;Cantabria;Norte;2000;Oct;Animalia;Aves;Podicipedidae;Podiceps;Podiceps cristatus;Somormujo lavanco
-4;43.05;San Miguel de Aguayo;Cantabria;Norte;2020;Feb;Animalia;Mammalia;Mustelidae;Meles;Meles meles;Eurasian Badger
-4.066;43.349;Torrelavega;Cantabria;Norte;2017;Jul;Animalia;Amphibia;Bufonidae;Bufo;Bufo spinosus;Spiny Toad
-5.396;43.517;Villaviciosa RNat--Area General;Cantabria;Norte;2000;Oct;Animalia;Aves;Podicipedidae;Podiceps;Podiceps nigricollis;Eared Grebe
-3.957;43.032;ZEPA Embalse del Ebro;Cantabria;Norte;2017;May;Animalia;Amphibia;Salamandridae;Ichthyosaura;Ichthyosaura alpestris;Alpine Newt
-3.982;43.02;ZEPA Embalse del Ebro;Cantabria;Norte;2018;Apr;Animalia;Amphibia;Hylidae;Hyla;Hyla molleri;Iberian Tree Frog
-4.366;43.023;ZEPA-SIERRA DE HIJAR;Cantabria;Norte;2016;Sep;Animalia;Amphibia;Bufonidae;Bufo;Bufo spinosus;Spiny Toad
-3.797;43.445;Bahia de Santander ;Cantabria;Norte;2005;Oct;Animalia;Aves;Podicipedidae;Podiceps;Podiceps cristatus;Somormujo lavanco
-3.797;43.445;Bahia de Santander ;Cantabria;Norte;2005;Oct;Animalia;Aves;Podicipedidae;Podiceps;Podiceps nigricollis;Zampullin cuellinegro
-3.797;43.445;Bahia de Santander ;Cantabria;Norte;2005;Jul;Animalia;Aves;Threskiornithidae;Plegadis;Plegadis falcinellus;Morito comun
-3.797;43.445;Bahia de Santander ;Cantabria;Norte;2005;Jul;Animalia;Aves;Threskiornithidae;Platalea;Platalea leucorodia;Espatula comun
-3.797;43.445;Bahia de Santander ;Cantabria;Norte;2005;Jul;Animalia;Aves;Podicipedidae;Tachybaptus;Tachybaptus ruficollis;Zampullin comun
-3.797;43.445;Bahia de Santander ;Cantabria;Norte;2006;Oct;Animalia;Aves;Podicipedidae;Podiceps;Podiceps cristatus;Somormujo lavanco
-3.797;43.445;Bahia de Santander ;Cantabria;Norte;2006;Oct;Animalia;Aves;Podicipedidae;Podiceps;Podiceps nigricollis;Zampullin cuellinegro
-3.797;43.445;Bahia de Santander ;Cantabria;Norte;2006;Jul;Animalia;Aves;Podicipedidae;Tachybaptus;Tachybaptus ruficollis;Zampullin comun
-3.797;43.445;Bahia de Santander ;Cantabria;Norte;2007;Oct;Animalia;Aves;Podicipedidae;Podiceps;Podiceps cristatus;Somormujo lavanco
-3.797;43.445;Bahia de Santander ;Cantabria;Norte;2007;Jul;Animalia;Aves;Threskiornithidae;Platalea;Platalea leucorodia;Espatula comun
-3.797;43.445;Bahia de Santander ;Cantabria;Norte;2007;Oct;Animalia;Aves;Podicipedidae;Podiceps;Podiceps nigricollis;Zampullin cuellinegro
-3.797;43.445;Bahia de Santander ;Cantabria;Norte;2008;Oct;Animalia;Aves;Podicipedidae;Podiceps;Podiceps cristatus;Somormujo lavanco
-3.797;43.445;Bahia de Santander ;Cantabria;Norte;2008;Oct;Animalia;Aves;Podicipedidae;Podiceps;Podiceps nigricollis;Zampullin cuellinegro
-3.797;43.445;Bahia de Santander ;Cantabria;Norte;2008;Oct;Animalia;Aves;Anatidae;Tadorna;Tadorna tadorna;Tarro blanco
-3.797;43.445;Bahia de Santander ;Cantabria;Norte;2008;Jul;Animalia;Aves;Threskiornithidae;Platalea;Platalea leucorodia;Espatula comun
-3.797;43.445;Bahia de Santander ;Cantabria;Norte;2009;Oct;Animalia;Aves;Podicipedidae;Podiceps;Podiceps cristatus;Somormujo lavanco
-3.797;43.445;Bahia de Santander ;Cantabria;Norte;2009;Oct;Animalia;Aves;Podicipedidae;Podiceps;Podiceps nigricollis;Zampullin cuellinegro
-3.797;43.445;Bahia de Santander ;Cantabria;Norte;2009;Jul;Animalia;Aves;Threskiornithidae;Platalea;Platalea leucorodia;Espatula comun
-3.797;43.445;Bahia de Santander ;Cantabria;Norte;2011;Oct;Animalia;Aves;Podicipedidae;Podiceps;Podiceps cristatus;Somormujo lavanco
-3.797;43.445;Bahia de Santander ;Cantabria;Norte;2012;Oct;Animalia;Aves;Podicipedidae;Podiceps;Podiceps cristatus;Somormujo lavanco
-3.797;43.445;Bahia de Santander ;Cantabria;Norte;2012;Oct;Animalia;Aves;Podicipedidae;Podiceps;Podiceps auritus;Zampullin cuellirrojo
-3.797;43.445;Bahia de Santander ;Cantabria;Norte;2012;Nov;Animalia;Aves;Anatidae;Netta;Netta rufina;Pato colorado
-3.797;43.445;Bahia de Santander ;Cantabria;Norte;2012;Jul;Animalia;Aves;Threskiornithidae;Platalea;Platalea leucorodia;Espatula comun
-3.797;43.445;Bahia de Santander ;Cantabria;Norte;2012;Oct;Animalia;Aves;Podicipedidae;Podiceps;Podiceps nigricollis;Zampullin cuellinegro
-3.798;43.44;Bahia de Santander--Area General;Cantabria;Norte;2004;Oct;Animalia;Aves;Podicipedidae;Podiceps;Podiceps nigricollis;Eared Grebe
-3.798;43.44;Bahia de Santander--Area General;Cantabria;Norte;2004;Nov;Animalia;Aves;Anatidae;Anas;Mareca penelope;Eurasian Wigeon
-3.798;43.44;Bahia de Santander--Area General;Cantabria;Norte;2016;Nov;Animalia;Aves;Anatidae;Anas;Mareca penelope;Eurasian Wigeon
-3.798;43.44;Bahia de Santander--Area General;Cantabria;Norte;2016;Jul;Animalia;Aves;Threskiornithidae;Platalea;Platalea leucorodia;Eurasian Spoonbill
-3.798;43.44;Bahia de Santander--Area General;Cantabria;Norte;2016;Oct;Animalia;Aves;Anatidae;Tadorna;Tadorna tadorna;Common Shelduck
-3.798;43.44;Bahia de Santander--Area General;Cantabria;Norte;2016;Oct;Animalia;Aves;Podicipedidae;Podiceps;Podiceps nigricollis;Eared Grebe
-3.798;43.44;Bahia de Santander--Area General;Cantabria;Norte;2017;Oct;Animalia;Aves;Podicipedidae;Podiceps;Podiceps nigricollis;Eared Grebe
-3.798;43.44;Bahia de Santander--Area General;Cantabria;Norte;2019;Oct;Animalia;Aves;Podicipedidae;Podiceps;Podiceps auritus;Horned Grebe
-3.798;43.44;Bahia de Santander--Area General;Cantabria;Norte;2019;Jul;Animalia;Aves;Podicipedidae;Tachybaptus;Tachybaptus ruficollis;Little Grebe
-3.798;43.44;Bahia de Santander--Area General;Cantabria;Norte;2019;Jul;Animalia;Aves;Ardeidae;Ardea;Ardea alba;Great Egret
-3.817;43.433;Bahia de Santander--Darsena de Raos y puerto deportivo;Cantabria;Norte;2017;Nov;Animalia;Aves;Anatidae;Anas;Mareca penelope;Eurasian Wigeon
-3.817;43.433;Bahia de Santander--Darsena de Raos y puerto deportivo;Cantabria;Norte;2018;Oct;Animalia;Aves;Podicipedidae;Podiceps;Podiceps nigricollis;Eared Grebe
-3.817;43.433;Bahia de Santander--Darsena de Raos y puerto deportivo;Cantabria;Norte;2019;Oct;Animalia;Aves;Podicipedidae;Podiceps;Podiceps cristatus;Great Crested Grebe
-3.817;43.433;Bahia de Santander--Darsena de Raos y puerto deportivo;Cantabria;Norte;2019;Oct;Animalia;Aves;Podicipedidae;Podiceps;Podiceps nigricollis;Eared Grebe
-3.817;43.433;Bahia de Santander--Darsena de Raos y puerto deportivo;Cantabria;Norte;2019;Nov;Animalia;Aves;Anatidae;Anas;Mareca penelope;Eurasian Wigeon
-3.817;43.433;Bahia de Santander--Darsena de Raos y puerto deportivo;Cantabria;Norte;2019;Jul;Animalia;Aves;Podicipedidae;Tachybaptus;Tachybaptus ruficollis;Little Grebe
-3.817;43.433;Bahia de Santander--Darsena de Raos y puerto deportivo;Cantabria;Norte;2019;Jul;Animalia;Aves;Ardeidae;Ardea;Ardea alba;Great Egret
-3.787;43.422;Bahia de Santander--Ensenada de San Bartolome, Elechas;Cantabria;Norte;2017;Oct;Animalia;Aves;Podicipedidae;Podiceps;Podiceps nigricollis;Eared Grebe
-3.787;43.422;Bahia de Santander--Ensenada de San Bartolome, Elechas;Cantabria;Norte;2017;Jul;Animalia;Aves;Threskiornithidae;Platalea;Platalea leucorodia;Eurasian Spoonbill
-3.787;43.422;Bahia de Santander--Ensenada de San Bartolome, Elechas;Cantabria;Norte;2017;Nov;Animalia;Aves;Anatidae;Anas;Mareca penelope;Eurasian Wigeon
-3.778;43.437;Bahia de Santander--La Junquera, Pedrena;Cantabria;Norte;2013;Oct;Animalia;Aves;Podicipedidae;Podiceps;Podiceps auritus;Horned Grebe
-3.778;43.437;Bahia de Santander--La Junquera, Pedrena;Cantabria;Norte;2017;Nov;Animalia;Aves;Anatidae;Anas;Mareca penelope;Eurasian Wigeon
-3.778;43.437;Bahia de Santander--La Junquera, Pedrena;Cantabria;Norte;2017;Oct;Animalia;Aves;Podicipedidae;Podiceps;Podiceps nigricollis;Eared Grebe
-3.778;43.437;Bahia de Santander--La Junquera, Pedrena;Cantabria;Norte;2019;Oct;Animalia;Aves;Podicipedidae;Podiceps;Podiceps nigricollis;Eared Grebe
-3.825;43.408;Bahia de Santander--Marismas Blancas, Astillero;Cantabria;Norte;2010;Jul;Animalia;Aves;Fringillidae;Fringilla;Fringilla coelebs;Common Chaffinch
-3.825;43.408;Bahia de Santander--Marismas Blancas, Astillero;Cantabria;Norte;2010;Oct;Animalia;Aves;Podicipedidae;Podiceps;Podiceps cristatus;Great Crested Grebe
-3.825;43.408;Bahia de Santander--Marismas Blancas, Astillero;Cantabria;Norte;2010;Oct;Animalia;Aves;Podicipedidae;Podiceps;Podiceps nigricollis;Eared Grebe
-3.825;43.408;Bahia de Santander--Marismas Blancas, Astillero;Cantabria;Norte;2010;Jul;Animalia;Aves;Podicipedidae;Tachybaptus;Tachybaptus ruficollis;Little Grebe
-3.825;43.408;Bahia de Santander--Marismas Blancas, Astillero;Cantabria;Norte;2015;Jul;Animalia;Aves;Podicipedidae;Tachybaptus;Tachybaptus ruficollis;Little Grebe
-3.825;43.408;Bahia de Santander--Marismas Blancas, Astillero;Cantabria;Norte;2015;Jul;Animalia;Aves;Ardeidae;Ardea;Ardea alba;Great Egret
-3.825;43.408;Bahia de Santander--Marismas Blancas, Astillero;Cantabria;Norte;2016;Jul;Animalia;Aves;Fringillidae;Fringilla;Fringilla coelebs;Common Chaffinch
-3.825;43.408;Bahia de Santander--Marismas Blancas, Astillero;Cantabria;Norte;2016;Oct;Animalia;Aves;Podicipedidae;Podiceps;Podiceps cristatus;Great Crested Grebe
-3.825;43.408;Bahia de Santander--Marismas Blancas, Astillero;Cantabria;Norte;2016;Jul;Animalia;Aves;Threskiornithidae;Platalea;Platalea leucorodia;Eurasian Spoonbill
-3.825;43.408;Bahia de Santander--Marismas Blancas, Astillero;Cantabria;Norte;2016;Jul;Animalia;Aves;Podicipedidae;Tachybaptus;Tachybaptus ruficollis;Little Grebe
-3.825;43.408;Bahia de Santander--Marismas Blancas, Astillero;Cantabria;Norte;2017;Jul;Animalia;Aves;Podicipedidae;Tachybaptus;Tachybaptus ruficollis;Little Grebe
-3.825;43.408;Bahia de Santander--Marismas Blancas, Astillero;Cantabria;Norte;2018;Jul;Animalia;Aves;Ardeidae;Ardea;Ardea alba;Great Egret
-3.825;43.408;Bahia de Santander--Marismas Blancas, Astillero;Cantabria;Norte;2018;Jul;Animalia;Aves;Podicipedidae;Tachybaptus;Tachybaptus ruficollis;Little Grebe
-3.825;43.408;Bahia de Santander--Marismas Blancas, Astillero;Cantabria;Norte;2019;Oct;Animalia;Aves;Podicipedidae;Podiceps;Podiceps nigricollis;Eared Grebe
-3.825;43.408;Bahia de Santander--Marismas Blancas, Astillero;Cantabria;Norte;2019;Jul;Animalia;Aves;Podicipedidae;Tachybaptus;Tachybaptus ruficollis;Little Grebe
-3.821;43.43;Bahia de Santander--Marismas de Parayas;Cantabria;Norte;2019;Nov;Animalia;Aves;Anatidae;Anas;Mareca penelope;Eurasian Wigeon
-3.821;43.43;Bahia de Santander--Marismas de Parayas;Cantabria;Norte;2019;Jul;Animalia;Aves;Threskiornithidae;Platalea;Platalea leucorodia;Eurasian Spoonbill
-3.821;43.43;Bahia de Santander--Marismas de Parayas;Cantabria;Norte;2019;Jul;Animalia;Aves;Podicipedidae;Tachybaptus;Tachybaptus ruficollis;Little Grebe
-3.771;43.449;Bahia de Santander--Muelle de Pedrena;Cantabria;Norte;2018;Oct;Animalia;Aves;Podicipedidae;Podiceps;Podiceps auritus;Horned Grebe
-3.771;43.449;Bahia de Santander--Muelle de Pedrena;Cantabria;Norte;2019;Jul;Animalia;Aves;Threskiornithidae;Platalea;Platalea leucorodia;Eurasian Spoonbill
-3.771;43.449;Bahia de Santander--Muelle de Pedrena;Cantabria;Norte;2019;Oct;Animalia;Aves;Podicipedidae;Podiceps;Podiceps nigricollis;Eared Grebe
-3.752;43.449;Bahia de Santander--Puente de Somo;Cantabria;Norte;2018;Oct;Animalia;Aves;Podicipedidae;Podiceps;Podiceps nigricollis;Eared Grebe
-3.507;43.423;Barcena de Cicero, Gandarias;Cantabria;Norte;2015;Oct;Animalia;Aves;Podicipedidae;Podiceps;Podiceps auritus;Horned Grebe
-3.507;43.423;Barcena de Cicero, Gandarias;Cantabria;Norte;2016;Oct;Animalia;Aves;Podicipedidae;Podiceps;Podiceps auritus;Horned Grebe
-3.507;43.423;Barcena de Cicero, Gandarias;Cantabria;Norte;2016;Oct;Animalia;Aves;Podicipedidae;Podiceps;Podiceps nigricollis;Eared Grebe
-3.507;43.423;Barcena de Cicero, Gandarias;Cantabria;Norte;2016;Jul;Animalia;Aves;Threskiornithidae;Platalea;Platalea leucorodia;Eurasian Spoonbill
-3.507;43.423;Barcena de Cicero, Gandarias;Cantabria;Norte;2016;Nov;Animalia;Aves;Anatidae;Anas;Mareca penelope;Eurasian Wigeon
-3.507;43.423;Barcena de Cicero, Gandarias;Cantabria;Norte;2016;Jul;Animalia;Aves;Podicipedidae;Tachybaptus;Tachybaptus ruficollis;Little Grebe
-3.493;43.421;Barcena de Cicero, Gandarias;Cantabria;Norte;2016;Jul;Animalia;Aves;Fringillidae;Fringilla;Fringilla coelebs;Common Chaffinch
-3.493;43.421;Barcena de Cicero, Gandarias;Cantabria;Norte;2016;Oct;Animalia;Aves;Podicipedidae;Podiceps;Podiceps nigricollis;Eared Grebe
-3.493;43.421;Barcena de Cicero, Gandarias;Cantabria;Norte;2016;Oct;Animalia;Aves;Podicipedidae;Podiceps;Podiceps auritus;Horned Grebe
-3.493;43.421;Barcena de Cicero, Gandarias;Cantabria;Norte;2016;Jul;Animalia;Aves;Podicipedidae;Tachybaptus;Tachybaptus ruficollis;Little Grebe
-4.33;43.385;Cantabria;Cantabria;Norte;2018;Nov;Animalia;Aves;Anatidae;Anas;Mareca penelope;Eurasian Wigeon
-4.33;43.385;Cantabria;Cantabria;Norte;2018;Jul;Animalia;Aves;Threskiornithidae;Plegadis;Plegadis falcinellus;Glossy Ibis
-3.784;43.42;Cantabria;Cantabria;Norte;2019;Oct;Animalia;Aves;Podicipedidae;Podiceps;Podiceps nigricollis;Eared Grebe
-3.469;43.455;Ria de Boo, Santona ;Cantabria;Norte;2019;Jul;Animalia;Aves;Threskiornithidae;Platalea;Platalea leucorodia;Eurasian Spoonbill
-0.067;39.95;ASSUT;Castellon;Comunitat Valenciana;2017;Jul;Animalia;Aves;Fringillidae;Fringilla;Fringilla coelebs;Pinzon vulgar
-0.192;39.756;Marjal de Almenara ;Castellon;Comunitat Valenciana;2000;Oct;Animalia;Aves;Podicipedidae;Podiceps;Podiceps nigricollis;Zampullin cuellinegro
-0.192;39.756;Marjal de Almenara ;Castellon;Comunitat Valenciana;2000;Nov;Animalia;Aves;Anatidae;Netta;Netta rufina;Pato colorado
-0.192;39.756;Marjal de Almenara ;Castellon;Comunitat Valenciana;2001;Oct;Animalia;Aves;Podicipedidae;Podiceps;Podiceps nigricollis;Zampullin cuellinegro
-0.192;39.756;Marjal de Almenara ;Castellon;Comunitat Valenciana;2001;Jul;Animalia;Aves;Ardeidae;Ardeola;Ardeola ralloides;Garcilla cangrejera
-0.192;39.756;Marjal de Almenara ;Castellon;Comunitat Valenciana;2001;Jul;Animalia;Aves;Podicipedidae;Tachybaptus;Tachybaptus ruficollis;Zampullin comun
-0.192;39.756;Marjal de Almenara ;Castellon;Comunitat Valenciana;2002;Oct;Animalia;Aves;Podicipedidae;Podiceps;Podiceps cristatus;Somormujo lavanco
-0.192;39.756;Marjal de Almenara ;Castellon;Comunitat Valenciana;2002;Oct;Animalia;Aves;Podicipedidae;Podiceps;Podiceps nigricollis;Zampullin cuellinegro
-0.192;39.756;Marjal de Almenara ;Castellon;Comunitat Valenciana;2002;Nov;Animalia;Aves;Anatidae;Netta;Netta rufina;Pato colorado
-0.192;39.756;Marjal de Almenara ;Castellon;Comunitat Valenciana;2002;Oct;Animalia;Aves;Anatidae;Tadorna;Tadorna tadorna;Tarro blanco
-0.192;39.756;Marjal de Almenara ;Castellon;Comunitat Valenciana;2002;Jul;Animalia;Aves;Ardeidae;Ardeola;Ardeola ralloides;Garcilla cangrejera
-0.192;39.756;Marjal de Almenara ;Castellon;Comunitat Valenciana;2002;Jul;Animalia;Aves;Podicipedidae;Tachybaptus;Tachybaptus ruficollis;Zampullin comun
-0.192;39.756;Marjal de Almenara ;Castellon;Comunitat Valenciana;2003;Oct;Animalia;Aves;Anatidae;Tadorna;Tadorna tadorna;Tarro blanco
-0.192;39.756;Marjal de Almenara ;Castellon;Comunitat Valenciana;2003;Jul;Animalia;Aves;Podicipedidae;Tachybaptus;Tachybaptus ruficollis;Zampullin comun
-0.192;39.756;Marjal de Almenara ;Castellon;Comunitat Valenciana;2004;Oct;Animalia;Aves;Podicipedidae;Podiceps;Podiceps cristatus;Somormujo lavanco
-0.192;39.756;Marjal de Almenara ;Castellon;Comunitat Valenciana;2004;Oct;Animalia;Aves;Podicipedidae;Podiceps;Podiceps nigricollis;Zampullin cuellinegro
-0.192;39.756;Marjal de Almenara ;Castellon;Comunitat Valenciana;2005;Oct;Animalia;Aves;Podicipedidae;Podiceps;Podiceps cristatus;Somormujo lavanco
-0.192;39.756;Marjal de Almenara ;Castellon;Comunitat Valenciana;2005;Jul;Animalia;Aves;Threskiornithidae;Plegadis;Plegadis falcinellus;Morito comun
-0.192;39.756;Marjal de Almenara ;Castellon;Comunitat Valenciana;2005;Oct;Animalia;Aves;Podicipedidae;Podiceps;Podiceps nigricollis;Zampullin cuellinegro
-0.192;39.756;Marjal de Almenara ;Castellon;Comunitat Valenciana;2005;Jul;Animalia;Aves;Ardeidae;Ixobrychus;Ixobrychus minutus;Avetorillo comun
-0.192;39.756;Marjal de Almenara ;Castellon;Comunitat Valenciana;2005;Nov;Animalia;Aves;Anatidae;Netta;Netta rufina;Pato colorado
-0.192;39.756;Marjal de Almenara ;Castellon;Comunitat Valenciana;2005;Jul;Animalia;Aves;Ardeidae;Ardeola;Ardeola ralloides;Garcilla cangrejera
-0.192;39.756;Marjal de Almenara ;Castellon;Comunitat Valenciana;2005;Jul;Animalia;Aves;Podicipedidae;Tachybaptus;Tachybaptus ruficollis;Zampullin comun
-0.192;39.756;Marjal de Almenara ;Castellon;Comunitat Valenciana;2006;Oct;Animalia;Aves;Podicipedidae;Podiceps;Podiceps cristatus;Somormujo lavanco
-0.192;39.756;Marjal de Almenara ;Castellon;Comunitat Valenciana;2006;Oct;Animalia;Aves;Podicipedidae;Podiceps;Podiceps nigricollis;Zampullin cuellinegro
-0.192;39.756;Marjal de Almenara ;Castellon;Comunitat Valenciana;2006;Jul;Animalia;Aves;Threskiornithidae;Plegadis;Plegadis falcinellus;Morito comun
-0.192;39.756;Marjal de Almenara ;Castellon;Comunitat Valenciana;2006;Jul;Animalia;Aves;Ardeidae;Ardeola;Ardeola ralloides;Garcilla cangrejera
-0.192;39.756;Marjal de Almenara ;Castellon;Comunitat Valenciana;2006;Jul;Animalia;Aves;Ardeidae;Ardea;Egretta alba;Garceta grande
-0.192;39.756;Marjal de Almenara ;Castellon;Comunitat Valenciana;2006;Jul;Animalia;Aves;Podicipedidae;Tachybaptus;Tachybaptus ruficollis;Zampullin comun
-0.192;39.756;Marjal de Almenara ;Castellon;Comunitat Valenciana;2007;Nov;Animalia;Aves;Anatidae;Netta;Netta rufina;Pato colorado
-0.192;39.756;Marjal de Almenara ;Castellon;Comunitat Valenciana;2007;Jul;Animalia;Aves;Ardeidae;Ardea;Egretta alba;Garceta grande
-0.192;39.756;Marjal de Almenara ;Castellon;Comunitat Valenciana;2007;Jul;Animalia;Aves;Podicipedidae;Tachybaptus;Tachybaptus ruficollis;Zampullin comun
-0.192;39.756;Marjal de Almenara ;Castellon;Comunitat Valenciana;2008;Oct;Animalia;Aves;Podicipedidae;Podiceps;Podiceps cristatus;Somormujo lavanco
-0.192;39.756;Marjal de Almenara ;Castellon;Comunitat Valenciana;2008;Nov;Animalia;Aves;Anatidae;Netta;Netta rufina;Pato colorado
-0.192;39.756;Marjal de Almenara ;Castellon;Comunitat Valenciana;2008;Jul;Animalia;Aves;Ardeidae;Ixobrychus;Ixobrychus minutus;Avetorillo comun
-0.192;39.756;Marjal de Almenara ;Castellon;Comunitat Valenciana;2008;Oct;Animalia;Aves;Anatidae;Tadorna;Tadorna tadorna;Tarro blanco
-0.192;39.756;Marjal de Almenara ;Castellon;Comunitat Valenciana;2008;Jul;Animalia;Aves;Threskiornithidae;Plegadis;Plegadis falcinellus;Morito comun
-0.192;39.756;Marjal de Almenara ;Castellon;Comunitat Valenciana;2008;Jul;Animalia;Aves;Ardeidae;Ardea;Egretta alba;Garceta grande
-0.192;39.756;Marjal de Almenara ;Castellon;Comunitat Valenciana;2008;Jul;Animalia;Aves;Ardeidae;Ardeola;Ardeola ralloides;Garcilla cangrejera
-0.192;39.756;Marjal de Almenara ;Castellon;Comunitat Valenciana;2008;Jul;Animalia;Aves;Podicipedidae;Tachybaptus;Tachybaptus ruficollis;Zampullin comun
-0.192;39.756;Marjal de Almenara ;Castellon;Comunitat Valenciana;2010;Oct;Animalia;Aves;Podicipedidae;Podiceps;Podiceps cristatus;Somormujo lavanco
-0.192;39.756;Marjal de Almenara ;Castellon;Comunitat Valenciana;2010;Jul;Animalia;Aves;Threskiornithidae;Platalea;Platalea leucorodia;Espatula comun
-0.192;39.756;Marjal de Almenara ;Castellon;Comunitat Valenciana;2010;Jul;Animalia;Aves;Ardeidae;Ardea;Egretta alba;Garceta grande
-0.192;39.756;Marjal de Almenara ;Castellon;Comunitat Valenciana;2010;Jul;Animalia;Aves;Podicipedidae;Tachybaptus;Tachybaptus ruficollis;Zampullin comun
-0.192;39.756;Marjal de Almenara ;Castellon;Comunitat Valenciana;2011;Oct;Animalia;Aves;Podicipedidae;Podiceps;Podiceps cristatus;Somormujo lavanco
-0.192;39.756;Marjal de Almenara ;Castellon;Comunitat Valenciana;2011;Nov;Animalia;Aves;Anatidae;Netta;Netta rufina;Pato colorado
-0.192;39.756;Marjal de Almenara ;Castellon;Comunitat Valenciana;2011;Jul;Animalia;Aves;Podicipedidae;Tachybaptus;Tachybaptus ruficollis;Zampullin comun
-0.192;39.756;Marjal de Almenara ;Castellon;Comunitat Valenciana;2011;Jul;Animalia;Aves;Ardeidae;Ardea;Egretta alba;Garceta grande
-0.192;39.756;Marjal de Almenara ;Castellon;Comunitat Valenciana;2012;Oct;Animalia;Aves;Podicipedidae;Podiceps;Podiceps cristatus;Somormujo lavanco
-0.192;39.756;Marjal de Almenara ;Castellon;Comunitat Valenciana;2012;Nov;Animalia;Aves;Anatidae;Netta;Netta rufina;Pato colorado
-0.192;39.756;Marjal de Almenara ;Castellon;Comunitat Valenciana;2012;Jul;Animalia;Aves;Ardeidae;Ardeola;Ardeola ralloides;Garcilla cangrejera
-0.192;39.756;Marjal de Almenara ;Castellon;Comunitat Valenciana;2012;Jul;Animalia;Aves;Podicipedidae;Tachybaptus;Tachybaptus ruficollis;Zampullin comun
-0.192;39.756;Marjal de Almenara ;Castellon;Comunitat Valenciana;2013;Oct;Animalia;Aves;Podicipedidae;Podiceps;Podiceps nigricollis;Zampullin cuellinegro
-0.192;39.756;Marjal de Almenara ;Castellon;Comunitat Valenciana;2013;Jul;Animalia;Aves;Threskiornithidae;Plegadis;Plegadis falcinellus;Morito comun
-0.192;39.756;Marjal de Almenara ;Castellon;Comunitat Valenciana;2013;Nov;Animalia;Aves;Anatidae;Netta;Netta rufina;Pato colorado
-0.192;39.756;Marjal de Almenara ;Castellon;Comunitat Valenciana;2013;Jul;Animalia;Aves;Ardeidae;Ardea;Egretta alba;Garceta grande
-0.192;39.756;Marjal de Almenara ;Castellon;Comunitat Valenciana;2013;Jul;Animalia;Aves;Podicipedidae;Tachybaptus;Tachybaptus ruficollis;Zampullin comun
-0.368;39.39;Marjal De Catarroja;Castellon;Comunitat Valenciana;2019;Jul;Animalia;Aves;Threskiornithidae;Plegadis;Plegadis falcinellus;Glossy Ibis
0.403;40.374;Marjal de Peniscola ;Castellon;Comunitat Valenciana;2005;Oct;Animalia;Aves;Podicipedidae;Podiceps;Podiceps nigricollis;Zampullin cuellinegro
0.403;40.374;Marjal de Peniscola ;Castellon;Comunitat Valenciana;2007;Nov;Animalia;Aves;Anatidae;Netta;Netta rufina;Pato colorado
0.403;40.374;Marjal de Peniscola ;Castellon;Comunitat Valenciana;2008;Jul;Animalia;Aves;Podicipedidae;Tachybaptus;Tachybaptus ruficollis;Zampullin comun
-0.539;40.077;Montanejos;Castellon;Comunitat Valenciana;2017;Jul;Animalia;Mammalia;Bovidae;Capra;Capra pyrenaica;Iberian Ibex
0.211;40.193;Prat de Cabanes;Castellon;Comunitat Valenciana;2019;Jul;Animalia;Actinopterygii;Anguillidae;Anguilla;Anguilla anguilla;European eel
-0.011;39.911;Desembocadura del Rio Mijares ;Castellon;Comunitat Valenciana;2001;Jul;Animalia;Aves;Podicipedidae;Tachybaptus;Tachybaptus ruficollis;Zampullin comun
-0.011;39.911;Desembocadura del Rio Mijares ;Castellon;Comunitat Valenciana;2002;Jul;Animalia;Aves;Podicipedidae;Tachybaptus;Tachybaptus ruficollis;Zampullin comun
-0.011;39.911;Desembocadura del Rio Mijares ;Castellon;Comunitat Valenciana;2003;Nov;Animalia;Aves;Anatidae;Netta;Netta rufina;Pato colorado
-0.011;39.911;Desembocadura del Rio Mijares ;Castellon;Comunitat Valenciana;2003;Jul;Animalia;Aves;Podicipedidae;Tachybaptus;Tachybaptus ruficollis;Zampullin comun
-0.011;39.911;Desembocadura del Rio Mijares ;Castellon;Comunitat Valenciana;2005;Jul;Animalia;Aves;Podicipedidae;Tachybaptus;Tachybaptus ruficollis;Zampullin comun
-0.011;39.911;Desembocadura del Rio Mijares ;Castellon;Comunitat Valenciana;2006;Jul;Animalia;Aves;Podicipedidae;Tachybaptus;Tachybaptus ruficollis;Zampullin comun
-0.011;39.911;Desembocadura del Rio Mijares ;Castellon;Comunitat Valenciana;2007;Jul;Animalia;Aves;Ardeidae;Ixobrychus;Ixobrychus minutus;Avetorillo comun
-0.011;39.911;Desembocadura del Rio Mijares ;Castellon;Comunitat Valenciana;2007;Jul;Animalia;Aves;Ardeidae;Ardea;Egretta alba;Garceta grande
-0.011;39.911;Desembocadura del Rio Mijares ;Castellon;Comunitat Valenciana;2007;Jul;Animalia;Aves;Podicipedidae;Tachybaptus;Tachybaptus ruficollis;Zampullin comun
-0.011;39.911;Desembocadura del Rio Mijares ;Castellon;Comunitat Valenciana;2008;Jul;Animalia;Aves;Podicipedidae;Tachybaptus;Tachybaptus ruficollis;Zampullin comun
-0.011;39.911;Desembocadura del Rio Mijares ;Castellon;Comunitat Valenciana;2010;Jul;Animalia;Aves;Podicipedidae;Tachybaptus;Tachybaptus ruficollis;Zampullin comun
-0.011;39.911;Desembocadura del Rio Mijares ;Castellon;Comunitat Valenciana;2011;Jul;Animalia;Aves;Podicipedidae;Tachybaptus;Tachybaptus ruficollis;Zampullin comun
-0.011;39.911;Desembocadura del Rio Mijares ;Castellon;Comunitat Valenciana;2012;Jul;Animalia;Aves;Podicipedidae;Tachybaptus;Tachybaptus ruficollis;Zampullin comun
0.199;40.181;Prat de Cabanes-Torreblanca ;Castellon;Comunitat Valenciana;2000;Oct;Animalia;Aves;Podicipedidae;Podiceps;Podiceps cristatus;Somormujo lavanco
0.199;40.181;Prat de Cabanes-Torreblanca ;Castellon;Comunitat Valenciana;2000;Nov;Animalia;Aves;Anatidae;Netta;Netta rufina;Pato colorado
0.199;40.181;Prat de Cabanes-Torreblanca ;Castellon;Comunitat Valenciana;2001;Oct;Animalia;Aves;Podicipedidae;Podiceps;Podiceps cristatus;Somormujo lavanco
0.199;40.181;Prat de Cabanes-Torreblanca ;Castellon;Comunitat Valenciana;2001;Nov;Animalia;Aves;Anatidae;Netta;Netta rufina;Pato colorado
0.199;40.181;Prat de Cabanes-Torreblanca ;Castellon;Comunitat Valenciana;2001;Jul;Animalia;Aves;Podicipedidae;Tachybaptus;Tachybaptus ruficollis;Zampullin comun
0.199;40.181;Prat de Cabanes-Torreblanca ;Castellon;Comunitat Valenciana;2002;Oct;Animalia;Aves;Podicipedidae;Podiceps;Podiceps cristatus;Somormujo lavanco
0.199;40.181;Prat de Cabanes-Torreblanca ;Castellon;Comunitat Valenciana;2002;Nov;Animalia;Aves;Anatidae;Netta;Netta rufina;Pato colorado
0.199;40.181;Prat de Cabanes-Torreblanca ;Castellon;Comunitat Valenciana;2002;Jul;Animalia;Aves;Podicipedidae;Tachybaptus;Tachybaptus ruficollis;Zampullin comun
0.199;40.181;Prat de Cabanes-Torreblanca ;Castellon;Comunitat Valenciana;2003;Oct;Animalia;Aves;Podicipedidae;Podiceps;Podiceps cristatus;Somormujo lavanco
0.199;40.181;Prat de Cabanes-Torreblanca ;Castellon;Comunitat Valenciana;2003;May;Animalia;Aves;Podicipedidae;Tachybaptus;Tachybaptus ruficollis;Zampullin comun
0.199;40.181;Prat de Cabanes-Torreblanca ;Castellon;Comunitat Valenciana;2004;Oct;Animalia;Aves;Podicipedidae;Podiceps;Podiceps cristatus;Somormujo lavanco
0.199;40.181;Prat de Cabanes-Torreblanca ;Castellon;Comunitat Valenciana;2005;Oct;Animalia;Aves;Podicipedidae;Podiceps;Podiceps cristatus;Somormujo lavanco
0.199;40.181;Prat de Cabanes-Torreblanca ;Castellon;Comunitat Valenciana;2005;Nov;Animalia;Aves;Anatidae;Netta;Netta rufina;Pato colorado
0.199;40.181;Prat de Cabanes-Torreblanca ;Castellon;Comunitat Valenciana;2005;May;Animalia;Aves;Podicipedidae;Tachybaptus;Tachybaptus ruficollis;Zampullin comun
0.199;40.181;Prat de Cabanes-Torreblanca ;Castellon;Comunitat Valenciana;2006;Oct;Animalia;Aves;Podicipedidae;Podiceps;Podiceps cristatus;Somormujo lavanco
0.199;40.181;Prat de Cabanes-Torreblanca ;Castellon;Comunitat Valenciana;2006;Nov;Animalia;Aves;Anatidae;Netta;Netta rufina;Pato colorado
0.199;40.181;Prat de Cabanes-Torreblanca ;Castellon;Comunitat Valenciana;2006;May;Animalia;Aves;Podicipedidae;Tachybaptus;Tachybaptus ruficollis;Zampullin comun
0.199;40.181;Prat de Cabanes-Torreblanca ;Castellon;Comunitat Valenciana;2007;Oct;Animalia;Aves;Podicipedidae;Podiceps;Podiceps cristatus;Somormujo lavanco
0.199;40.181;Prat de Cabanes-Torreblanca ;Castellon;Comunitat Valenciana;2007;Nov;Animalia;Aves;Anatidae;Netta;Netta rufina;Pato colorado
0.199;40.181;Prat de Cabanes-Torreblanca ;Castellon;Comunitat Valenciana;2007;May;Animalia;Aves;Ardeidae;Ixobrychus;Ixobrychus minutus;Avetorillo comun
0.199;40.181;Prat de Cabanes-Torreblanca ;Castellon;Comunitat Valenciana;2007;May;Animalia;Aves;Podicipedidae;Tachybaptus;Tachybaptus ruficollis;Zampullin comun
0.199;40.181;Prat de Cabanes-Torreblanca ;Castellon;Comunitat Valenciana;2008;Oct;Animalia;Aves;Podicipedidae;Podiceps;Podiceps cristatus;Somormujo lavanco
0.199;40.181;Prat de Cabanes-Torreblanca ;Castellon;Comunitat Valenciana;2008;Jun;Animalia;Aves;Anatidae;Netta;Netta rufina;Pato colorado
0.199;40.181;Prat de Cabanes-Torreblanca ;Castellon;Comunitat Valenciana;2008;May;Animalia;Aves;Podicipedidae;Tachybaptus;Tachybaptus ruficollis;Zampullin comun
0.199;40.181;Prat de Cabanes-Torreblanca ;Castellon;Comunitat Valenciana;2009;Oct;Animalia;Aves;Podicipedidae;Podiceps;Podiceps cristatus;Somormujo lavanco
0.199;40.181;Prat de Cabanes-Torreblanca ;Castellon;Comunitat Valenciana;2009;Jun;Animalia;Aves;Anatidae;Netta;Netta rufina;Pato colorado
0.199;40.181;Prat de Cabanes-Torreblanca ;Castellon;Comunitat Valenciana;2010;Oct;Animalia;Aves;Podicipedidae;Podiceps;Podiceps cristatus;Somormujo lavanco
0.199;40.181;Prat de Cabanes-Torreblanca ;Castellon;Comunitat Valenciana;2010;May;Animalia;Aves;Podicipedidae;Tachybaptus;Tachybaptus ruficollis;Zampullin comun
0.199;40.181;Prat de Cabanes-Torreblanca ;Castellon;Comunitat Valenciana;2011;Oct;Animalia;Aves;Podicipedidae;Podiceps;Podiceps cristatus;Somormujo lavanco
0.199;40.181;Prat de Cabanes-Torreblanca ;Castellon;Comunitat Valenciana;2011;Jun;Animalia;Aves;Anatidae;Netta;Netta rufina;Pato colorado
0.199;40.181;Prat de Cabanes-Torreblanca ;Castellon;Comunitat Valenciana;2011;Oct;Animalia;Aves;Podicipedidae;Podiceps;Podiceps nigricollis;Zampullin cuellinegro
0.199;40.181;Prat de Cabanes-Torreblanca ;Castellon;Comunitat Valenciana;2011;May;Animalia;Aves;Podicipedidae;Tachybaptus;Tachybaptus ruficollis;Zampullin comun
0.199;40.181;Prat de Cabanes-Torreblanca ;Castellon;Comunitat Valenciana;2012;Oct;Animalia;Aves;Podicipedidae;Podiceps;Podiceps cristatus;Somormujo lavanco
0.199;40.181;Prat de Cabanes-Torreblanca ;Castellon;Comunitat Valenciana;2012;Jun;Animalia;Aves;Anatidae;Netta;Netta rufina;Pato colorado
0.199;40.181;Prat de Cabanes-Torreblanca ;Castellon;Comunitat Valenciana;2012;May;Animalia;Aves;Podicipedidae;Tachybaptus;Tachybaptus ruficollis;Zampullin comun
0.199;40.181;Prat de Cabanes-Torreblanca ;Castellon;Comunitat Valenciana;2013;Oct;Animalia;Aves;Podicipedidae;Podiceps;Podiceps cristatus;Somormujo lavanco
0.199;40.181;Prat de Cabanes-Torreblanca ;Castellon;Comunitat Valenciana;2013;Jun;Animalia;Aves;Anatidae;Netta;Netta rufina;Pato colorado
0.199;40.181;Prat de Cabanes-Torreblanca ;Castellon;Comunitat Valenciana;2013;Oct;Animalia;Aves;Podicipedidae;Podiceps;Podiceps nigricollis;Zampullin cuellinegro
0.199;40.181;Prat de Cabanes-Torreblanca ;Castellon;Comunitat Valenciana;2013;May;Animalia;Aves;Ardeidae;Ardea;Egretta alba;Garceta grande
0.199;40.181;Prat de Cabanes-Torreblanca ;Castellon;Comunitat Valenciana;2013;May;Animalia;Aves;Podicipedidae;Tachybaptus;Tachybaptus ruficollis;Zampullin comun
-3.687;38.938;Arroyo Pellejero--EDAR;Ciudad Real;Castilla y Leon;2018;May;Animalia;Aves;Podicipedidae;Tachybaptus;Tachybaptus ruficollis;Little Grebe
-3.954;39.066;Embalse de El Vicario ;Ciudad Real;Castilla y Leon;2000;Oct;Animalia;Aves;Podicipedidae;Podiceps;Podiceps cristatus;Somormujo lavanco
-3.954;39.066;Embalse de El Vicario ;Ciudad Real;Castilla y Leon;2000;Jun;Animalia;Aves;Anatidae;Netta;Netta rufina;Pato colorado
-3.954;39.066;Embalse de El Vicario ;Ciudad Real;Castilla y Leon;2000;May;Animalia;Aves;Podicipedidae;Tachybaptus;Tachybaptus ruficollis;Zampullin comun
-3.954;39.066;Embalse de El Vicario ;Ciudad Real;Castilla y Leon;2001;Oct;Animalia;Aves;Podicipedidae;Podiceps;Podiceps cristatus;Somormujo lavanco
-3.954;39.066;Embalse de El Vicario ;Ciudad Real;Castilla y Leon;2001;Oct;Animalia;Aves;Podicipedidae;Podiceps;Podiceps nigricollis;Zampullin cuellinegro
-3.954;39.066;Embalse de El Vicario ;Ciudad Real;Castilla y Leon;2001;Jun;Animalia;Aves;Anatidae;Netta;Netta rufina;Pato colorado
-3.954;39.066;Embalse de El Vicario ;Ciudad Real;Castilla y Leon;2001;May;Animalia;Aves;Podicipedidae;Tachybaptus;Tachybaptus ruficollis;Zampullin comun
-3.954;39.066;Embalse de El Vicario ;Ciudad Real;Castilla y Leon;2002;Oct;Animalia;Aves;Podicipedidae;Podiceps;Podiceps cristatus;Somormujo lavanco
-3.949;39.142;Embalse de Gasset ;Ciudad Real;Castilla y Leon;2000;Oct;Animalia;Aves;Podicipedidae;Podiceps;Podiceps cristatus;Somormujo lavanco
-3.949;39.142;Embalse de Gasset ;Ciudad Real;Castilla y Leon;2000;Jun;Animalia;Aves;Anatidae;Netta;Netta rufina;Pato colorado
-3.949;39.142;Embalse de Gasset ;Ciudad Real;Castilla y Leon;2001;Oct;Animalia;Aves;Podicipedidae;Podiceps;Podiceps cristatus;Somormujo lavanco
-3.949;39.142;Embalse de Gasset ;Ciudad Real;Castilla y Leon;2001;Jun;Animalia;Aves;Anatidae;Netta;Netta rufina;Pato colorado
-3.949;39.142;Embalse de Gasset ;Ciudad Real;Castilla y Leon;2002;Oct;Animalia;Aves;Podicipedidae;Podiceps;Podiceps cristatus;Somormujo lavanco
-4.086;39.794;Embalse de Guajaraz-Arges;Ciudad Real;Castilla y Leon;2000;Oct;Animalia;Aves;Podicipedidae;Podiceps;Podiceps cristatus;Somormujo lavanco
-3.198;38.739;Embalse de Jarilla, Torre de Juan Abad ;Ciudad Real;Castilla y Leon;2000;Oct;Animalia;Aves;Podicipedidae;Podiceps;Podiceps cristatus;Somormujo lavanco
-3.273;38.701;Embalse de la Cabezuela ;Ciudad Real;Castilla y Leon;2000;Oct;Animalia;Aves;Podicipedidae;Podiceps;Podiceps cristatus;Somormujo lavanco
-3.273;38.701;Embalse de la Cabezuela ;Ciudad Real;Castilla y Leon;2000;May;Animalia;Aves;Ardeidae;Ixobrychus;Ixobrychus minutus;Avetorillo comun
-3.273;38.701;Embalse de la Cabezuela ;Ciudad Real;Castilla y Leon;2003;Oct;Animalia;Aves;Podicipedidae;Podiceps;Podiceps cristatus;Somormujo lavanco
-3.273;38.701;Embalse de la Cabezuela ;Ciudad Real;Castilla y Leon;2003;Jun;Animalia;Aves;Anatidae;Netta;Netta rufina;Pato colorado
-4.243;39.392;Embalse de La Torre de Abraham ;Ciudad Real;Castilla y Leon;2000;Jun;Animalia;Aves;Anatidae;Netta;Netta rufina;Pato colorado
-4.243;39.392;Embalse de La Torre de Abraham ;Ciudad Real;Castilla y Leon;2000;May;Animalia;Aves;Podicipedidae;Tachybaptus;Tachybaptus ruficollis;Zampullin comun
-4.243;39.392;Embalse de La Torre de Abraham ;Ciudad Real;Castilla y Leon;2001;Oct;Animalia;Aves;Podicipedidae;Podiceps;Podiceps cristatus;Somormujo lavanco
-4.243;39.392;Embalse de La Torre de Abraham ;Ciudad Real;Castilla y Leon;2002;Oct;Animalia;Aves;Podicipedidae;Podiceps;Podiceps cristatus;Somormujo lavanco
-4.243;39.392;Embalse de La Torre de Abraham ;Ciudad Real;Castilla y Leon;2004;Oct;Animalia;Aves;Podicipedidae;Podiceps;Podiceps cristatus;Somormujo lavanco
-4.243;39.392;Embalse de La Torre de Abraham ;Ciudad Real;Castilla y Leon;2004;Oct;Animalia;Aves;Podicipedidae;Podiceps;Podiceps nigricollis;Zampullin cuellinegro
-3.62;38.545;Embalse de Malillos, El Viso del Marques ;Ciudad Real;Castilla y Leon;2000;Oct;Animalia;Aves;Podicipedidae;Podiceps;Podiceps cristatus;Somormujo lavanco
-2.964;39.038;Embalse de Penarroya ;Ciudad Real;Castilla y Leon;2000;Oct;Animalia;Aves;Podicipedidae;Podiceps;Podiceps cristatus;Somormujo lavanco
-2.964;39.038;Embalse de Penarroya ;Ciudad Real;Castilla y Leon;2000;Oct;Animalia;Aves;Podicipedidae;Podiceps;Podiceps nigricollis;Zampullin cuellinegro
-2.964;39.038;Embalse de Penarroya ;Ciudad Real;Castilla y Leon;2000;May;Animalia;Aves;Podicipedidae;Tachybaptus;Tachybaptus ruficollis;Zampullin comun
-2.964;39.038;Embalse de Penarroya ;Ciudad Real;Castilla y Leon;2001;Oct;Animalia;Aves;Podicipedidae;Podiceps;Podiceps cristatus;Somormujo lavanco
-2.964;39.038;Embalse de Penarroya ;Ciudad Real;Castilla y Leon;2001;Jun;Animalia;Aves;Anatidae;Netta;Netta rufina;Pato colorado
-2.964;39.038;Embalse de Penarroya ;Ciudad Real;Castilla y Leon;2001;May;Animalia;Aves;Podicipedidae;Tachybaptus;Tachybaptus ruficollis;Zampullin comun
-2.964;39.038;Embalse de Penarroya ;Ciudad Real;Castilla y Leon;2002;Oct;Animalia;Aves;Podicipedidae;Podiceps;Podiceps cristatus;Somormujo lavanco
-2.964;39.038;Embalse de Penarroya ;Ciudad Real;Castilla y Leon;2004;Oct;Animalia;Aves;Podicipedidae;Podiceps;Podiceps cristatus;Somormujo lavanco
-2.964;39.038;Embalse de Penarroya ;Ciudad Real;Castilla y Leon;2004;Jun;Animalia;Aves;Anatidae;Netta;Netta rufina;Pato colorado
-2.964;39.038;Embalse de Penarroya ;Ciudad Real;Castilla y Leon;2004;May;Animalia;Aves;Podicipedidae;Tachybaptus;Tachybaptus ruficollis;Zampullin comun
-4.107;38.546;Embalse de Tablillas y Montoro ;Ciudad Real;Castilla y Leon;2000;Jun;Animalia;Aves;Anatidae;Netta;Netta rufina;Pato colorado
-4.107;38.546;Embalse de Tablillas y Montoro ;Ciudad Real;Castilla y Leon;2000;May;Animalia;Aves;Podicipedidae;Tachybaptus;Tachybaptus ruficollis;Zampullin comun
-4.107;38.546;Embalse de Tablillas y Montoro ;Ciudad Real;Castilla y Leon;2001;Oct;Animalia;Aves;Podicipedidae;Podiceps;Podiceps cristatus;Somormujo lavanco
-4.107;38.546;Embalse de Tablillas y Montoro ;Ciudad Real;Castilla y Leon;2002;Oct;Animalia;Aves;Podicipedidae;Podiceps;Podiceps cristatus;Somormujo lavanco
-3.16;38.863;Embalse de Vallehermoso ;Ciudad Real;Castilla y Leon;2000;Oct;Animalia;Aves;Podicipedidae;Podiceps;Podiceps cristatus;Somormujo lavanco
-3.16;38.863;Embalse de Vallehermoso ;Ciudad Real;Castilla y Leon;2000;May;Animalia;Aves;Podicipedidae;Tachybaptus;Tachybaptus ruficollis;Zampullin comun
-3.16;38.863;Embalse de Vallehermoso ;Ciudad Real;Castilla y Leon;2001;Oct;Animalia;Aves;Podicipedidae;Podiceps;Podiceps cristatus;Somormujo lavanco
-3.16;38.863;Embalse de Vallehermoso ;Ciudad Real;Castilla y Leon;2002;Oct;Animalia;Aves;Podicipedidae;Podiceps;Podiceps cristatus;Somormujo lavanco
-3.16;38.863;Embalse de Vallehermoso ;Ciudad Real;Castilla y Leon;2004;Oct;Animalia;Aves;Podicipedidae;Podiceps;Podiceps cristatus;Somormujo lavanco
-3.675;38.61;Embalse Fresnedas ;Ciudad Real;Castilla y Leon;2000;Oct;Animalia;Aves;Podicipedidae;Podiceps;Podiceps cristatus;Somormujo lavanco
-3.778;38.78;Embalse Vega del Jabali ;Ciudad Real;Castilla y Leon;2000;Oct;Animalia;Aves;Podicipedidae;Podiceps;Podiceps cristatus;Somormujo lavanco
-3.778;38.78;Embalse Vega del Jabali ;Ciudad Real;Castilla y Leon;2000;Jun;Animalia;Aves;Anatidae;Netta;Netta rufina;Pato colorado
-3.778;38.78;Embalse Vega del Jabali ;Ciudad Real;Castilla y Leon;2001;Oct;Animalia;Aves;Podicipedidae;Podiceps;Podiceps cristatus;Somormujo lavanco
-3.778;38.78;Embalse Vega del Jabali ;Ciudad Real;Castilla y Leon;2002;Oct;Animalia;Aves;Podicipedidae;Podiceps;Podiceps cristatus;Somormujo lavanco
-3.778;38.78;Embalse Vega del Jabali ;Ciudad Real;Castilla y Leon;2003;Oct;Animalia;Aves;Podicipedidae;Podiceps;Podiceps cristatus;Somormujo lavanco
-3.778;38.78;Embalse Vega del Jabali ;Ciudad Real;Castilla y Leon;2003;May;Animalia;Aves;Threskiornithidae;Plegadis;Plegadis falcinellus;Morito comun
-3.917;39.913;Finca Higares, Mocejon;Ciudad Real;Castilla y Leon;2000;May;Animalia;Aves;Podicipedidae;Tachybaptus;Tachybaptus ruficollis;Zampullin comun
-4.213;39.876;Gravera Los Arenales, Albarreal de Tajo;Ciudad Real;Castilla y Leon;2000;Oct;Animalia;Aves;Podicipedidae;Podiceps;Podiceps cristatus;Somormujo lavanco
-2.88;38.963;Laguna Colgada ;Ciudad Real;Castilla y Leon;2002;Oct;Animalia;Aves;Podicipedidae;Podiceps;Podiceps cristatus;Somormujo lavanco
-2.88;38.963;Laguna Colgada ;Ciudad Real;Castilla y Leon;2002;May;Animalia;Aves;Podicipedidae;Tachybaptus;Tachybaptus ruficollis;Zampullin comun
-2.88;38.963;Laguna Colgada ;Ciudad Real;Castilla y Leon;2004;Oct;Animalia;Aves;Podicipedidae;Podiceps;Podiceps cristatus;Somormujo lavanco
-2.943;39.415;Laguna de PedroMunoz ;Ciudad Real;Castilla y Leon;2000;Oct;Animalia;Aves;Anatidae;Tadorna;Tadorna tadorna;Tarro blanco
-2.943;39.415;Laguna de PedroMunoz ;Ciudad Real;Castilla y Leon;2001;Oct;Animalia;Aves;Anatidae;Tadorna;Tadorna tadorna;Tarro blanco
-2.943;39.415;Laguna de PedroMunoz ;Ciudad Real;Castilla y Leon;2001;May;Animalia;Aves;Podicipedidae;Tachybaptus;Tachybaptus ruficollis;Zampullin comun
-2.943;39.415;Laguna de PedroMunoz ;Ciudad Real;Castilla y Leon;2003;Oct;Animalia;Aves;Anatidae;Tadorna;Tadorna tadorna;Tarro blanco
-2.943;39.415;Laguna de PedroMunoz ;Ciudad Real;Castilla y Leon;2004;Jun;Animalia;Aves;Anatidae;Netta;Netta rufina;Pato colorado
-2.943;39.415;Laguna de PedroMunoz ;Ciudad Real;Castilla y Leon;2004;May;Animalia;Aves;Podicipedidae;Tachybaptus;Tachybaptus ruficollis;Zampullin comun
-3.256;39.416;Laguna del Camino de Villafranca ;Ciudad Real;Castilla y Leon;2000;Oct;Animalia;Aves;Anatidae;Tadorna;Tadorna tadorna;Tarro blanco
-3.256;39.416;Laguna del Camino de Villafranca ;Ciudad Real;Castilla y Leon;2000;Apr;Animalia;Aves;Anatidae;Netta;Netta rufina;Pato colorado
-3.256;39.416;Laguna del Camino de Villafranca ;Ciudad Real;Castilla y Leon;2001;Oct;Animalia;Aves;Anatidae;Tadorna;Tadorna tadorna;Tarro blanco
-3.256;39.416;Laguna del Camino de Villafranca ;Ciudad Real;Castilla y Leon;2003;Oct;Animalia;Aves;Anatidae;Tadorna;Tadorna tadorna;Tarro blanco
-2.885;38.97;Laguna Del Rey ;Ciudad Real;Castilla y Leon;2002;Oct;Animalia;Aves;Podicipedidae;Podiceps;Podiceps cristatus;Somormujo lavanco
-2.885;38.97;Laguna Del Rey ;Ciudad Real;Castilla y Leon;2004;Oct;Animalia;Aves;Podicipedidae;Podiceps;Podiceps cristatus;Somormujo lavanco
-3.172;39.468;Laguna del Salicor ;Ciudad Real;Castilla y Leon;2004;Oct;Animalia;Aves;Anatidae;Tadorna;Tadorna tadorna;Tarro blanco
-2.897;38.986;Laguna Morenilla ;Ciudad Real;Castilla y Leon;2004;Oct;Animalia;Aves;Podicipedidae;Podiceps;Podiceps cristatus;Somormujo lavanco
-2.857;38.952;Laguna Salvadora ;Ciudad Real;Castilla y Leon;2002;Oct;Animalia;Aves;Podicipedidae;Podiceps;Podiceps cristatus;Somormujo lavanco
-2.857;38.952;Laguna Salvadora ;Ciudad Real;Castilla y Leon;2002;Apr;Animalia;Aves;Anatidae;Netta;Netta rufina;Pato colorado
-2.857;38.952;Laguna Salvadora ;Ciudad Real;Castilla y Leon;2004;Apr;Animalia;Aves;Anatidae;Netta;Netta rufina;Pato colorado
-2.834;38.933;Laguna San Pedro ;Ciudad Real;Castilla y Leon;2004;Oct;Animalia;Aves;Podicipedidae;Podiceps;Podiceps cristatus;Somormujo lavanco
-2.834;38.933;Laguna San Pedro ;Ciudad Real;Castilla y Leon;2004;May;Animalia;Aves;Podicipedidae;Tachybaptus;Tachybaptus ruficollis;Zampullin comun
-2.863;38.953;Laguna Santos Morcillo ;Ciudad Real;Castilla y Leon;2002;Apr;Animalia;Aves;Anatidae;Netta;Netta rufina;Pato colorado
-2.863;38.953;Laguna Santos Morcillo ;Ciudad Real;Castilla y Leon;2004;Apr;Animalia;Aves;Anatidae;Netta;Netta rufina;Pato colorado
-2.836;38.931;Laguna Tinajas ;Ciudad Real;Castilla y Leon;2002;May;Animalia;Aves;Podicipedidae;Tachybaptus;Tachybaptus ruficollis;Zampullin comun
-2.836;38.931;Laguna Tinajas ;Ciudad Real;Castilla y Leon;2004;May;Animalia;Aves;Podicipedidae;Tachybaptus;Tachybaptus ruficollis;Zampullin comun
-3.24;39.398;Laguna Veguilla ;Ciudad Real;Castilla y Leon;2000;May;Animalia;Aves;Podicipedidae;Tachybaptus;Tachybaptus ruficollis;Zampullin comun
-3.24;39.398;Laguna Veguilla ;Ciudad Real;Castilla y Leon;2003;Oct;Animalia;Aves;Anatidae;Tadorna;Tadorna tadorna;Tarro blanco
-3.24;39.398;Laguna Veguilla ;Ciudad Real;Castilla y Leon;2004;Oct;Animalia;Aves;Anatidae;Tadorna;Tadorna tadorna;Tarro blanco
-3.24;39.398;Laguna Veguilla ;Ciudad Real;Castilla y Leon;2004;Apr;Animalia;Aves;Anatidae;Netta;Netta rufina;Pato colorado
-3.24;39.398;Laguna Veguilla ;Ciudad Real;Castilla y Leon;2004;May;Animalia;Aves;Podicipedidae;Tachybaptus;Tachybaptus ruficollis;Zampullin comun
-2.874;38.961;Lagunas de Ruidera ;Ciudad Real;Castilla y Leon;2000;Oct;Animalia;Aves;Podicipedidae;Podiceps;Podiceps cristatus;Somormujo lavanco
-2.874;38.961;Lagunas de Ruidera ;Ciudad Real;Castilla y Leon;2000;Apr;Animalia;Aves;Anatidae;Netta;Netta rufina;Pato colorado
-2.874;38.961;Lagunas de Ruidera ;Ciudad Real;Castilla y Leon;2000;May;Animalia;Aves;Podicipedidae;Tachybaptus;Tachybaptus ruficollis;Zampullin comun
-2.874;38.961;Lagunas de Ruidera ;Ciudad Real;Castilla y Leon;2001;Oct;Animalia;Aves;Podicipedidae;Podiceps;Podiceps cristatus;Somormujo lavanco
-2.874;38.961;Lagunas de Ruidera ;Ciudad Real;Castilla y Leon;2001;Apr;Animalia;Aves;Anatidae;Netta;Netta rufina;Pato colorado
-2.874;38.961;Lagunas de Ruidera ;Ciudad Real;Castilla y Leon;2001;May;Animalia;Aves;Podicipedidae;Tachybaptus;Tachybaptus ruficollis;Zampullin comun
-14.015;28.424;Los Pozuelos de Calatrava;Ciudad Real;Castilla y Leon;2003;Jul;Animalia;Aves;Upupidae;Upupa;Upupa epops;Eurasian Hoopoe
-4.153;38.929;Los Pozuelos de Calatrava;Ciudad Real;Castilla y Leon;2013;Jul;Animalia;Aves;Upupidae;Upupa;Upupa epops;Eurasian Hoopoe
-4.153;38.929;Los Pozuelos de Calatrava;Ciudad Real;Castilla y Leon;2013;May;Animalia;Aves;Fringillidae;Fringilla;Fringilla coelebs;Common Chaffinch
-4.402;39.255;Pantano Finca las Povedas;Ciudad Real;Castilla y Leon;2008;May;Animalia;Aves;Podicipedidae;Tachybaptus;Tachybaptus ruficollis;Zampullin comun
-3.281;39.343;Pozo de la Cambronera,Desagues de Alcazar ;Ciudad Real;Castilla y Leon;2001;Oct;Animalia;Aves;Anatidae;Tadorna;Tadorna tadorna;Tarro blanco
-3.281;39.343;Pozo de la Cambronera,Desagues de Alcazar ;Ciudad Real;Castilla y Leon;2001;Oct;Animalia;Aves;Podicipedidae;Podiceps;Podiceps nigricollis;Zampullin cuellinegro
-3.281;39.343;Pozo de la Cambronera,Desagues de Alcazar ;Ciudad Real;Castilla y Leon;2001;May;Animalia;Aves;Podicipedidae;Tachybaptus;Tachybaptus ruficollis;Zampullin comun
-3.694;39.153;Tablas de Daimiel ;Ciudad Real;Castilla y Leon;2000;May;Animalia;Aves;Podicipedidae;Tachybaptus;Tachybaptus ruficollis;Zampullin comun
-3.954;39.066;Embalse de El Vicario ;Ciudad Real;Castilla y Leon;2007;Oct;Animalia;Aves;Podicipedidae;Podiceps;Podiceps cristatus;Somormujo lavanco
-3.954;39.066;Embalse de El Vicario ;Ciudad Real;Castilla y Leon;2008;Oct;Animalia;Aves;Podicipedidae;Podiceps;Podiceps cristatus;Somormujo lavanco
-3.954;39.066;Embalse de El Vicario ;Ciudad Real;Castilla y Leon;2008;Apr;Animalia;Aves;Anatidae;Netta;Netta rufina;Pato colorado
-3.954;39.066;Embalse de El Vicario ;Ciudad Real;Castilla y Leon;2008;May;Animalia;Aves;Podicipedidae;Tachybaptus;Tachybaptus ruficollis;Zampullin comun
-3.954;39.066;Embalse de El Vicario ;Ciudad Real;Castilla y Leon;2010;Oct;Animalia;Aves;Podicipedidae;Podiceps;Podiceps cristatus;Somormujo lavanco
-3.954;39.066;Embalse de El Vicario ;Ciudad Real;Castilla y Leon;2014;May;Animalia;Aves;Threskiornithidae;Plegadis;Plegadis falcinellus;Morito comun
-3.954;39.066;Embalse de El Vicario ;Ciudad Real;Castilla y Leon;2014;Oct;Animalia;Aves;Podicipedidae;Podiceps;Podiceps nigricollis;Zampullin cuellinegro
-3.954;39.066;Embalse de El Vicario ;Ciudad Real;Castilla y Leon;2014;Apr;Animalia;Aves;Anatidae;Netta;Netta rufina;Pato colorado
-3.273;38.701;Embalse de la Cabezuela ;Ciudad Real;Castilla y Leon;2007;Oct;Animalia;Aves;Podicipedidae;Podiceps;Podiceps cristatus;Somormujo lavanco
-3.273;38.701;Embalse de la Cabezuela ;Ciudad Real;Castilla y Leon;2008;Oct;Animalia;Aves;Podicipedidae;Podiceps;Podiceps cristatus;Somormujo lavanco
-3.273;38.701;Embalse de la Cabezuela ;Ciudad Real;Castilla y Leon;2009;Oct;Animalia;Aves;Podicipedidae;Podiceps;Podiceps cristatus;Somormujo lavanco
-3.273;38.701;Embalse de la Cabezuela ;Ciudad Real;Castilla y Leon;2010;Oct;Animalia;Aves;Podicipedidae;Podiceps;Podiceps cristatus;Somormujo lavanco
-3.273;38.701;Embalse de la Cabezuela ;Ciudad Real;Castilla y Leon;2012;Oct;Animalia;Aves;Podicipedidae;Podiceps;Podiceps cristatus;Somormujo lavanco
-4.768;37.878; Balcon del Guadalquivir;Cordoba;Andalucia;2018;May;Animalia;Aves;Podicipedidae;Tachybaptus;Tachybaptus ruficollis;Little Grebe
-4.42;37.5; Cabra;Cordoba;Andalucia;2014;Mar;Animalia;Reptilia;Lacertidae;Timon;Timon lepidus;Ocellated Lizard
-4.26;37.45; Carcabuey;Cordoba;Andalucia;2015;Apr;Animalia;Reptilia;Lacertidae;Timon;Timon lepidus;Ocellated Lizard
-4.26;37.44; Carcabuey;Cordoba;Andalucia;2015;Feb;Animalia;Reptilia;Colubridae;Hemorrhois;Hemorrhois hippocrepis;Horseshoe Whip Snake
-4.26;37.44; Carcabuey;Cordoba;Andalucia;2015;Mar;Animalia;Reptilia;Colubridae;Hemorrhois;Hemorrhois hippocrepis;Horseshoe Whip Snake
-4.26;37.44; Carcabuey;Cordoba;Andalucia;2016;Jul;Animalia;Reptilia;Colubridae;Hemorrhois;Hemorrhois hippocrepis;Horseshoe Whip Snake
-4.26;37.44; Carcabuey;Cordoba;Andalucia;2017;Feb;Animalia;Reptilia;Colubridae;Hemorrhois;Hemorrhois hippocrepis;Horseshoe Whip Snake
-4.26;37.44; Carcabuey;Cordoba;Andalucia;2019;Jul;Animalia;Reptilia;Colubridae;Hemorrhois;Hemorrhois hippocrepis;Horseshoe Whip Snake
-5.282;37.725; Palma del Rio;Cordoba;Andalucia;2017;Nov;Animalia;Reptilia;Colubridae;Hemorrhois;Hemorrhois hippocrepis;Horseshoe Whip Snake
-5.301;37.713; Palma del Rio;Cordoba;Andalucia;2018;Feb;Animalia;Reptilia;Colubridae;Hemorrhois;Hemorrhois hippocrepis;Horseshoe Whip Snake
-5.272;37.929; Parque Natural Sierra de Hornachuelos;Cordoba;Andalucia;2017;Feb;Animalia;Reptilia;Lacertidae;Timon;Timon lepidus;Ocellated Lizard
-5.272;37.929; Parque Natural Sierra de Hornachuelos;Cordoba;Andalucia;2017;Feb;Animalia;Reptilia;Colubridae;Hemorrhois;Hemorrhois hippocrepis;Horseshoe Whip Snake
-4.24;37.43; Priego de Cordoba;Cordoba;Andalucia;2014;Jun;Animalia;Reptilia;Colubridae;Hemorrhois;Hemorrhois hippocrepis;Horseshoe Whip Snake
-4.24;37.43; Priego de Cordoba;Cordoba;Andalucia;2015;Apr;Animalia;Reptilia;Lacertidae;Timon;Timon lepidus;Ocellated Lizard
-4.24;37.43; Priego de Cordoba;Cordoba;Andalucia;2015;Aug;Animalia;Reptilia;Colubridae;Hemorrhois;Hemorrhois hippocrepis;Horseshoe Whip Snake
-4.21;37.44; Priego de Cordoba;Cordoba;Andalucia;2016;Oct;Animalia;Reptilia;Colubridae;Hemorrhois;Hemorrhois hippocrepis;Horseshoe Whip Snake
-4.25;37.43; Priego de Cordoba;Cordoba;Andalucia;2017;Oct;Animalia;Reptilia;Colubridae;Hemorrhois;Hemorrhois hippocrepis;Horseshoe Whip Snake
-4.25;37.41; Priego de Cordoba;Cordoba;Andalucia;2019;Jun;Animalia;Reptilia;Colubridae;Hemorrhois;Hemorrhois hippocrepis;Horseshoe Whip Snake
-5.033;37.777;Arroyo de Guadalmazan;Cordoba;Andalucia;2007;May;Animalia;Aves;Ardeidae;Nycticorax;Nycticorax nycticorax;Martinete comun
-5.033;37.777;Arroyo de Guadalmazan;Cordoba;Andalucia;2009;May;Animalia;Aves;Podicipedidae;Tachybaptus;Tachybaptus ruficollis;Zampullin comun
-4.3;37.4;Carcabuey;Cordoba;Andalucia;2020;May;Animalia;Mammalia;Canidae;Vulpes;Vulpes vulpes;Red Fox
-4.26;37.44;Carcabuey;Cordoba;Andalucia;2015;Apr;Animalia;Amphibia;Alytidae;Discoglossus;Discoglossus galganoi;Spanish Painted Frog
-4.26;37.44;Carcabuey;Cordoba;Andalucia;2015;Jul;Animalia;Amphibia;Bufonidae;Bufo;Bufo spinosus;Spiny Toad
-4.31;37.44;Carcabuey;Cordoba;Andalucia;2018;Mar;Animalia;Amphibia;Bufonidae;Bufo;Bufo spinosus;Spiny Toad
-4.408;38.358;Embalse de Buenas Hierbas (CO);Cordoba;Andalucia;2003;May;Animalia;Aves;Podicipedidae;Tachybaptus;Tachybaptus ruficollis;Zampullin comun
-4.331;37.264;Embalse de Iznajar (CO);Cordoba;Andalucia;2003;Oct;Animalia;Aves;Podicipedidae;Podiceps;Podiceps cristatus;Somormujo lavanco
-4.939;38.121;Embalse de la Cenicera (CO);Cordoba;Andalucia;2003;Oct;Animalia;Aves;Podicipedidae;Podiceps;Podiceps cristatus;Somormujo lavanco
-4.939;38.121;Embalse de la Cenicera (CO);Cordoba;Andalucia;2003;Apr;Animalia;Aves;Anatidae;Netta;Netta rufina;Pato colorado
-4.675;37.291;Embalse de Malpasillo (CO);Cordoba;Andalucia;2002;May;Animalia;Aves;Podicipedidae;Tachybaptus;Tachybaptus ruficollis;Zampullin comun
-4.675;37.291;Embalse de Malpasillo (CO);Cordoba;Andalucia;2003;Oct;Animalia;Aves;Podicipedidae;Podiceps;Podiceps nigricollis;Zampullin cuellinegro
-4.675;37.291;Embalse de Malpasillo (CO);Cordoba;Andalucia;2004;May;Animalia;Aves;Podicipedidae;Tachybaptus;Tachybaptus ruficollis;Zampullin comun
-4.956;38.116;Embalse de Puente Nuevo (CO);Cordoba;Andalucia;2003;Oct;Animalia;Aves;Podicipedidae;Podiceps;Podiceps cristatus;Somormujo lavanco
-4.433;38.406;Embalse de Sacedilla (CO);Cordoba;Andalucia;2003;May;Animalia;Aves;Podicipedidae;Tachybaptus;Tachybaptus ruficollis;Zampullin comun
-5.336;38.295;Embalse de San Pedro (CO);Cordoba;Andalucia;2003;May;Animalia;Aves;Podicipedidae;Tachybaptus;Tachybaptus ruficollis;Zampullin comun
-5.24;38.269;Embalse de Sierra Boyera (CO);Cordoba;Andalucia;2003;Apr;Animalia;Aves;Anatidae;Netta;Netta rufina;Pato colorado
-5.24;38.269;Embalse de Sierra Boyera (CO);Cordoba;Andalucia;2003;May;Animalia;Aves;Podicipedidae;Tachybaptus;Tachybaptus ruficollis;Zampullin comun
-5.353;37.845;Embalse del Retortillo (CO);Cordoba;Andalucia;2003;Oct;Animalia;Aves;Podicipedidae;Podiceps;Podiceps cristatus;Somormujo lavanco
-5.338;38.285;Embalse del Rio Guadiato (CO);Cordoba;Andalucia;2003;May;Animalia;Aves;Podicipedidae;Tachybaptus;Tachybaptus ruficollis;Zampullin comun
-4.224;38.09;Embalse del Rio Yeguas (CO);Cordoba;Andalucia;2003;Oct;Animalia;Aves;Podicipedidae;Podiceps;Podiceps cristatus;Somormujo lavanco
-4.614;37.316;Laguna Amarga (CO);Cordoba;Andalucia;2002;Oct;Animalia;Aves;Podicipedidae;Podiceps;Podiceps nigricollis;Zampullin cuellinegro
-4.614;37.316;Laguna Amarga (CO);Cordoba;Andalucia;2002;May;Animalia;Aves;Podicipedidae;Tachybaptus;Tachybaptus ruficollis;Zampullin comun
-4.614;37.316;Laguna Amarga (CO);Cordoba;Andalucia;2003;May;Animalia;Aves;Podicipedidae;Tachybaptus;Tachybaptus ruficollis;Zampullin comun
-4.614;37.316;Laguna Amarga (CO);Cordoba;Andalucia;2004;May;Animalia;Aves;Podicipedidae;Tachybaptus;Tachybaptus ruficollis;Zampullin comun
-4.875;37.499;Laguna de Donadio (CO);Cordoba;Andalucia;2003;May;Animalia;Aves;Podicipedidae;Tachybaptus;Tachybaptus ruficollis;Zampullin comun
-4.82;37.432;Laguna de Tiscar (CO);Cordoba;Andalucia;2002;Oct;Animalia;Aves;Anatidae;Tadorna;Tadorna tadorna;Tarro blanco
-4.82;37.432;Laguna de Tiscar (CO);Cordoba;Andalucia;2002;May;Animalia;Aves;Podicipedidae;Tachybaptus;Tachybaptus ruficollis;Zampullin comun
-4.82;37.432;Laguna de Tiscar (CO);Cordoba;Andalucia;2003;May;Animalia;Aves;Podicipedidae;Tachybaptus;Tachybaptus ruficollis;Zampullin comun
-4.691;37.485;Laguna de Zonar (CO);Cordoba;Andalucia;2002;Oct;Animalia;Aves;Podicipedidae;Podiceps;Podiceps cristatus;Somormujo lavanco
-4.691;37.485;Laguna de Zonar (CO);Cordoba;Andalucia;2003;Oct;Animalia;Aves;Podicipedidae;Podiceps;Podiceps cristatus;Somormujo lavanco
-4.691;37.485;Laguna de Zonar (CO);Cordoba;Andalucia;2003;May;Animalia;Aves;Podicipedidae;Tachybaptus;Tachybaptus ruficollis;Zampullin comun
-4.691;37.485;Laguna de Zonar (CO);Cordoba;Andalucia;2004;Oct;Animalia;Aves;Podicipedidae;Podiceps;Podiceps cristatus;Somormujo lavanco
-4.627;37.46;Laguna del Rincon (CO);Cordoba;Andalucia;2002;Oct;Animalia;Aves;Podicipedidae;Podiceps;Podiceps nigricollis;Zampullin cuellinegro
-4.627;37.46;Laguna del Rincon (CO);Cordoba;Andalucia;2002;May;Animalia;Aves;Podicipedidae;Tachybaptus;Tachybaptus ruficollis;Zampullin comun
-4.627;37.46;Laguna del Rincon (CO);Cordoba;Andalucia;2003;Oct;Animalia;Aves;Podicipedidae;Podiceps;Podiceps nigricollis;Zampullin cuellinegro
-4.627;37.46;Laguna del Rincon (CO);Cordoba;Andalucia;2003;May;Animalia;Aves;Podicipedidae;Tachybaptus;Tachybaptus ruficollis;Zampullin comun
-4.627;37.46;Laguna del Rincon (CO);Cordoba;Andalucia;2004;Oct;Animalia;Aves;Podicipedidae;Podiceps;Podiceps nigricollis;Zampullin cuellinegro
-4.627;37.46;Laguna del Rincon (CO);Cordoba;Andalucia;2004;May;Animalia;Aves;Podicipedidae;Tachybaptus;Tachybaptus ruficollis;Zampullin comun
-4.833;38.097;Obejo;Cordoba;Andalucia;2018;May;Animalia;Actinopterygii;Cyprinidae;Pseudochondrostoma;Pseudochondrostoma willkommii;Nase
-4.75;38;Obejo;Cordoba;Andalucia;2018;Jun;Animalia;Amphibia;Pelobatidae;Pelobates;Pelobates cultripes;Western Spadefoot
-5.3;37.7;Palma del Rio;Cordoba;Andalucia;2010;Mar;Animalia;Mammalia;Mustelidae;Meles;Meles meles;Eurasian Badger
-5.306;37.818;Parque Natural Sierra de Hornachuelos;Cordoba;Andalucia;2017;Jul;Animalia;Amphibia;Bufonidae;Bufo;Bufo spinosus;Spiny Toad
-5.305;37.82;Parque Natural Sierra de Hornachuelos;Cordoba;Andalucia;2017;Jul;Animalia;Amphibia;Bufonidae;Bufo;Bufo spinosus;Spiny Toad
-5.305;37.821;Parque Natural Sierra de Hornachuelos;Cordoba;Andalucia;2017;Jul;Animalia;Amphibia;Bufonidae;Bufo;Bufo spinosus;Spiny Toad
-5.3;37.9;Parque Natural Sierra de Hornachuelos;Cordoba;Andalucia;2017;Feb;Animalia;Amphibia;Salamandridae;Salamandra;Salamandra salamandra;Fire Salamander
-5.272;37.929;Parque Natural Sierra de Hornachuelos;Cordoba;Andalucia;2017;Feb;Animalia;Amphibia;Hylidae;Hyla;Hyla meridionalis;Mediterranean Tree Frog
-5.272;37.929;Parque Natural Sierra de Hornachuelos;Cordoba;Andalucia;2017;Feb;Animalia;Amphibia;Alytidae;Discoglossus;Discoglossus galganoi;Iberian Painted Frog
-5.272;37.929;Parque Natural Sierra de Hornachuelos;Cordoba;Andalucia;2017;Feb;Animalia;Amphibia;Salamandridae;Lissotriton;Lissotriton boscai;Bosca's Newt
-5.272;37.929;Parque Natural Sierra de Hornachuelos;Cordoba;Andalucia;2017;Feb;Animalia;Amphibia;Salamandridae;Pleurodeles;Pleurodeles waltl;Spanish Ribbed Newt
-5.272;37.929;Parque Natural Sierra de Hornachuelos;Cordoba;Andalucia;2017;Feb;Animalia;Amphibia;Pelobatidae;Pelobates;Pelobates cultripes;Western Spadefoot
-5.272;37.929;Parque Natural Sierra de Hornachuelos;Cordoba;Andalucia;2017;Feb;Animalia;Amphibia;Bufonidae;Bufo;Bufo spinosus;Spiny Toad
-5.234;37.854;Parque Natural Sierra de Hornachuelos;Cordoba;Andalucia;2019;May;Animalia;Amphibia;Bufonidae;Bufo;Bufo spinosus;Spiny Toad
-5.311;37.754;Presa de derivacion del Retortillo (CO);Cordoba;Andalucia;2003;Oct;Animalia;Aves;Podicipedidae;Podiceps;Podiceps cristatus;Somormujo lavanco
-4.24;37.41;Priego de Cordoba;Cordoba;Andalucia;2013;Apr;Animalia;Amphibia;Bufonidae;Bufo;Bufo spinosus;Spiny Toad
-4.3;37.4;Priego de Cordoba;Cordoba;Andalucia;2014;Mar;Animalia;Amphibia;Alytidae;Discoglossus;Discoglossus galganoi;Iberian Painted Frog
-4.11;37.39;Priego de Cordoba;Cordoba;Andalucia;2014;Nov;Animalia;Amphibia;Bufonidae;Bufo;Bufo spinosus;Spiny Toad
-4.21;37.44;Priego de Cordoba;Cordoba;Andalucia;2015;Apr;Animalia;Amphibia;Alytidae;Discoglossus;Discoglossus galganoi;Iberian Painted Frog
-4.2;37.41;Priego de Cordoba;Cordoba;Andalucia;2015;Feb;Animalia;Amphibia;Bufonidae;Bufo;Bufo spinosus;Spiny Toad
-4.25;37.42;Priego de Cordoba;Cordoba;Andalucia;2017;Sep;Animalia;Amphibia;Bufonidae;Bufo;Bufo spinosus;Spiny Toad
-4.24;37.41;Priego de Cordoba;Cordoba;Andalucia;2017;Sep;Animalia;Amphibia;Bufonidae;Bufo;Bufo spinosus;Spiny Toad
-4.27;37.39;Priego de Cordoba;Cordoba;Andalucia;2018;Jul;Animalia;Amphibia;Bufonidae;Bufo;Bufo spinosus;Spiny Toad
-4.24;37.42;Priego de Cordoba;Cordoba;Andalucia;2018;Apr;Animalia;Amphibia;Bufonidae;Bufo;Bufo spinosus;Spiny Toad
-4.27;37.39;Priego de Cordoba;Cordoba;Andalucia;2019;May;Animalia;Amphibia;Bufonidae;Bufo;Bufo spinosus;Spiny Toad
-4.25;37.49;Priego de Cordoba;Cordoba;Andalucia;2020;Feb;Animalia;Amphibia;Alytidae;Discoglossus;Discoglossus galganoi;Iberian Painted Frog
-5.101;38.688;Rio Zujar-desembocadura Guadamatillas (CO);Cordoba;Andalucia;2003;May;Animalia;Aves;Podicipedidae;Tachybaptus;Tachybaptus ruficollis;Zampullin comun
-4.278;38.245;Sierra de Cardena y Montoro;Cordoba;Andalucia;2010;Mar;Animalia;Amphibia;Salamandridae;Pleurodeles;Pleurodeles waltl;Spanish Ribbed Newt
-4.278;38.245;Sierra de Cardena y Montoro;Cordoba;Andalucia;2010;Mar;Animalia;Amphibia;Hylidae;Hyla;Hyla molleri;Iberian Tree Frog
-4.278;38.245;Sierra de Cardena y Montoro;Cordoba;Andalucia;2010;Mar;Animalia;Amphibia;Salamandridae;Lissotriton;Lissotriton boscai;Bosca's Newt
-4.278;38.245;Sierra de Cardena y Montoro;Cordoba;Andalucia;2010;Mar;Animalia;Amphibia;Pelobatidae;Pelobates;Pelobates cultripes;Western Spadefoot
-4.778;37.877;Sotos de la Albolafia (CO);Cordoba;Andalucia;2004;May;Animalia;Aves;Ardeidae;Nycticorax;Nycticorax nycticorax;Martinete comun
-4.594;37.99;Villafranca de Cordoba;Cordoba;Andalucia;2019;May;Animalia;Amphibia;Pelodytidae;Pelodytes;Pelodytes ibericus;Iberian Parsley Frog
-5.04;37.98;Villaviciosa de Cordoba;Cordoba;Andalucia;2018;Mar;Animalia;Amphibia;Salamandridae;Pleurodeles;Pleurodeles waltl;Spanish Ribbed Newt
-5;37.96;Villaviciosa de Cordoba;Cordoba;Andalucia;2018;Mar;Animalia;Amphibia;Hylidae;Hyla;Hyla meridionalis;Mediterranean Tree Frog
-6.367;39.476; Ciudad de Caceres;Cordoba;Andalucia;2014;May;Animalia;Reptilia;Colubridae;Hemorrhois;Hemorrhois hippocrepis;Horseshoe Whip Snake
-4.773;37.88; Ciudad de Cordoba;Cordoba;Andalucia;2017;Feb;Animalia;Reptilia;Colubridae;Hemorrhois;Hemorrhois hippocrepis;Horseshoe Whip Snake
-4.78;37.872; Ciudad de Cordoba;Cordoba;Andalucia;2019;Jul;Animalia;Reptilia;Blanidae;Blanus;Blanus cinereus;Mediterranean Worm Lizard
-4.723;37.913;Cordoba;Cordoba;Andalucia;2015;Mar;Animalia;Amphibia;Hylidae;Hyla;Hyla meridionalis;Mediterranean Tree Frog
-4.725;37.887;Cordoba;Cordoba;Andalucia;2017;Feb;Animalia;Amphibia;Hylidae;Hyla;Hyla meridionalis;Mediterranean Tree Frog
-4.725;37.887;Cordoba;Cordoba;Andalucia;2017;Mar;Animalia;Amphibia;Hylidae;Hyla;Hyla meridionalis;Mediterranean Tree Frog
-4.721;37.941;Cordoba;Cordoba;Andalucia;2017;Feb;Animalia;Amphibia;Hylidae;Hyla;Hyla meridionalis;Mediterranean Tree Frog
-4.72;37.936;Cordoba;Cordoba;Andalucia;2017;Feb;Animalia;Amphibia;Hylidae;Hyla;Hyla meridionalis;Mediterranean Tree Frog
-4.8;37.94;Cordoba;Cordoba;Andalucia;2018;Mar;Animalia;Amphibia;Hylidae;Hyla;Hyla meridionalis;Mediterranean Tree Frog
-4.94;37.86;Cordoba;Cordoba;Andalucia;2019;Feb;Animalia;Amphibia;Hylidae;Hyla;Hyla meridionalis;Mediterranean Tree Frog
-4.727;37.935;Cordoba;Cordoba;Andalucia;2019;Mar;Animalia;Amphibia;Salamandridae;Pleurodeles;Pleurodeles waltl;Spanish Ribbed Newt
-4.676;37.973;Cordoba;Cordoba;Andalucia;2019;Mar;Animalia;Amphibia;Salamandridae;Pleurodeles;Pleurodeles waltl;Spanish Ribbed Newt
-4.849;37.881;Cordoba;Cordoba;Andalucia;2020;Feb;Animalia;Amphibia;Hylidae;Hyla;Hyla meridionalis;Mediterranean Tree Frog
-4.723;37.915;Cordoba;Cordoba;Andalucia;2020;Feb;Animalia;Amphibia;Salamandridae;Pleurodeles;Pleurodeles waltl;Spanish Ribbed Newt
-4.721;37.915;Cordoba;Cordoba;Andalucia;2020;Feb;Animalia;Amphibia;Salamandridae;Pleurodeles;Pleurodeles waltl;Spanish Ribbed Newt
-4.72;37.91;Cordoba;Cordoba;Andalucia;2020;Mar;Animalia;Amphibia;Salamandridae;Pleurodeles;Pleurodeles waltl;Spanish Ribbed Newt
-4.559;37.768;Cordoba;Cordoba;Andalucia;2020;Feb;Animalia;Amphibia;Alytidae;Discoglossus;Discoglossus galganoi;Iberian Painted Frog
-4.65;37.75;Cordoba;Cordoba;Andalucia;2016;Apr;Animalia;Mammalia;Mustelidae;Meles;Meles meles;Eurasian Badger
-4.6;37.9;Cordoba;Cordoba;Andalucia;2018;Feb;Animalia;Mammalia;Mustelidae;Meles;Meles meles;Eurasian Badger
-4.65;37.85;Cordoba;Cordoba;Andalucia;2019;Mar;Animalia;Mammalia;Mustelidae;Meles;Meles meles;Eurasian Badger
-4.58;37.88;Cordoba;Cordoba;Andalucia;2019;May;Animalia;Mammalia;Herpestidae;Herpestes;Herpestes ichneumon;Egyptian Mongoose
-4.668;37.87;Cordoba;Cordoba;Andalucia;2020;Feb;Animalia;Mammalia;Herpestidae;Herpestes;Herpestes ichneumon;Egyptian Mongoose
-4.772;37.88;Cordoba embarcadero-Miraflores (incluida pajarera);Cordoba;Andalucia;2018;May;Animalia;Aves;Ardeidae;Ixobrychus;Ixobrychus minutus;Little Bittern
-4.78;37.875;Cordoba--Sotos de Albolafia;Cordoba;Andalucia;2015;May;Animalia;Aves;Ardeidae;Nycticorax;Nycticorax nycticorax;Black-crowned Night-Heron
-4.78;37.875;Cordoba--Sotos de Albolafia;Cordoba;Andalucia;2015;May;Animalia;Aves;Ardeidae;Ardea;Ardea alba;Great Egret
-4.78;37.875;Cordoba--Sotos de Albolafia;Cordoba;Andalucia;2017;May;Animalia;Aves;Ardeidae;Nycticorax;Nycticorax nycticorax;Black-crowned Night-Heron
-4.78;37.875;Cordoba--Sotos de Albolafia;Cordoba;Andalucia;2018;May;Animalia;Aves;Ardeidae;Nycticorax;Nycticorax nycticorax;Black-crowned Night-Heron
-4.78;37.875;Cordoba--Sotos de Albolafia;Cordoba;Andalucia;2019;May;Animalia;Aves;Ardeidae;Ixobrychus;Ixobrychus minutus;Little Bittern
-4.78;37.875;Cordoba--Sotos de Albolafia;Cordoba;Andalucia;2019;May;Animalia;Aves;Ardeidae;Ardea;Ardea alba;Great Egret
-4.78;37.875;Cordoba--Sotos de Albolafia;Cordoba;Andalucia;2019;May;Animalia;Aves;Podicipedidae;Tachybaptus;Tachybaptus ruficollis;Little Grebe
-4.78;37.875;Cordoba--Sotos de Albolafia;Cordoba;Andalucia;2019;May;Animalia;Aves;Ardeidae;Nycticorax;Nycticorax nycticorax;Black-crowned Night-Heron
-5.042;38.542;Embalse de Cogollarta (CO);Cordoba;Andalucia;2006;May;Animalia;Aves;Podicipedidae;Tachybaptus;Tachybaptus ruficollis;Zampullin comun
-5.042;38.542;Embalse de Cogollarta (CO);Cordoba;Andalucia;2009;May;Animalia;Aves;Podicipedidae;Tachybaptus;Tachybaptus ruficollis;Zampullin comun
-5.042;38.542;Embalse de Cogollarta (CO);Cordoba;Andalucia;2011;May;Animalia;Aves;Podicipedidae;Tachybaptus;Tachybaptus ruficollis;Zampullin comun
-5.042;38.542;Embalse de Cogollarta (CO);Cordoba;Andalucia;2012;May;Animalia;Aves;Podicipedidae;Tachybaptus;Tachybaptus ruficollis;Zampullin comun
-5.042;38.542;Embalse de Cogollarta (CO);Cordoba;Andalucia;2012;May;Animalia;Aves;Ardeidae;Ardea;Egretta alba;Garceta grande
-4.687;38.071;Embalse de Guadalmellato (CO);Cordoba;Andalucia;2006;Oct;Animalia;Aves;Podicipedidae;Podiceps;Podiceps cristatus;Somormujo lavanco
-4.687;38.071;Embalse de Guadalmellato (CO);Cordoba;Andalucia;2007;Oct;Animalia;Aves;Podicipedidae;Podiceps;Podiceps cristatus;Somormujo lavanco
-4.687;38.071;Embalse de Guadalmellato (CO);Cordoba;Andalucia;2008;Oct;Animalia;Aves;Podicipedidae;Podiceps;Podiceps cristatus;Somormujo lavanco
-4.687;38.071;Embalse de Guadalmellato (CO);Cordoba;Andalucia;2009;Oct;Animalia;Aves;Podicipedidae;Podiceps;Podiceps cristatus;Somormujo lavanco
-4.687;38.071;Embalse de Guadalmellato (CO);Cordoba;Andalucia;2010;Oct;Animalia;Aves;Podicipedidae;Podiceps;Podiceps cristatus;Somormujo lavanco
-4.687;38.071;Embalse de Guadalmellato (CO);Cordoba;Andalucia;2011;Oct;Animalia;Aves;Podicipedidae;Podiceps;Podiceps cristatus;Somormujo lavanco
-4.687;38.071;Embalse de Guadalmellato (CO);Cordoba;Andalucia;2012;Oct;Animalia;Aves;Podicipedidae;Podiceps;Podiceps cristatus;Somormujo lavanco
-4.687;38.071;Embalse de Guadalmellato (CO);Cordoba;Andalucia;2013;Oct;Animalia;Aves;Podicipedidae;Podiceps;Podiceps cristatus;Somormujo lavanco
-4.687;38.071;Embalse de Guadalmellato (CO);Cordoba;Andalucia;2014;Oct;Animalia;Aves;Podicipedidae;Podiceps;Podiceps cristatus;Somormujo lavanco
-5.336;38.295;Embalse de San Pedro (CO);Cordoba;Andalucia;2011;May;Animalia;Aves;Podicipedidae;Tachybaptus;Tachybaptus ruficollis;Zampullin comun
-5.336;38.295;Embalse de San Pedro (CO);Cordoba;Andalucia;2012;Oct;Animalia;Aves;Podicipedidae;Podiceps;Podiceps cristatus;Somormujo lavanco
-5.336;38.295;Embalse de San Pedro (CO);Cordoba;Andalucia;2012;May;Animalia;Aves;Podicipedidae;Tachybaptus;Tachybaptus ruficollis;Zampullin comun
-4.617;37.991;Embalse de San Rafael de Navallana (CO);Cordoba;Andalucia;2006;Oct;Animalia;Aves;Podicipedidae;Podiceps;Podiceps cristatus;Somormujo lavanco
-4.617;37.991;Embalse de San Rafael de Navallana (CO);Cordoba;Andalucia;2007;Oct;Animalia;Aves;Podicipedidae;Podiceps;Podiceps cristatus;Somormujo lavanco
-4.617;37.991;Embalse de San Rafael de Navallana (CO);Cordoba;Andalucia;2008;Oct;Animalia;Aves;Podicipedidae;Podiceps;Podiceps cristatus;Somormujo lavanco
-4.617;37.991;Embalse de San Rafael de Navallana (CO);Cordoba;Andalucia;2009;Oct;Animalia;Aves;Podicipedidae;Podiceps;Podiceps cristatus;Somormujo lavanco
-4.617;37.991;Embalse de San Rafael de Navallana (CO);Cordoba;Andalucia;2010;Oct;Animalia;Aves;Podicipedidae;Podiceps;Podiceps cristatus;Somormujo lavanco
-4.617;37.991;Embalse de San Rafael de Navallana (CO);Cordoba;Andalucia;2011;Oct;Animalia;Aves;Podicipedidae;Podiceps;Podiceps cristatus;Somormujo lavanco
-4.617;37.991;Embalse de San Rafael de Navallana (CO);Cordoba;Andalucia;2011;May;Animalia;Aves;Ardeidae;Nycticorax;Nycticorax nycticorax;Martinete comun
-4.617;37.991;Embalse de San Rafael de Navallana (CO);Cordoba;Andalucia;2012;Oct;Animalia;Aves;Podicipedidae;Podiceps;Podiceps cristatus;Somormujo lavanco
-4.617;37.991;Embalse de San Rafael de Navallana (CO);Cordoba;Andalucia;2013;May;Animalia;Aves;Podicipedidae;Podiceps;Podiceps cristatus;Somormujo lavanco
-5.24;38.269;Embalse de Sierra Boyera (CO);Cordoba;Andalucia;2006;Mar;Animalia;Aves;Podicipedidae;Podiceps;Podiceps cristatus;Somormujo lavanco
-5.24;38.269;Embalse de Sierra Boyera (CO);Cordoba;Andalucia;2006;May;Animalia;Aves;Podicipedidae;Tachybaptus;Tachybaptus ruficollis;Zampullin comun
-5.24;38.269;Embalse de Sierra Boyera (CO);Cordoba;Andalucia;2008;Mar;Animalia;Aves;Podicipedidae;Podiceps;Podiceps cristatus;Somormujo lavanco
-5.24;38.269;Embalse de Sierra Boyera (CO);Cordoba;Andalucia;2009;Mar;Animalia;Aves;Podicipedidae;Podiceps;Podiceps cristatus;Somormujo lavanco
-5.24;38.269;Embalse de Sierra Boyera (CO);Cordoba;Andalucia;2012;Mar;Animalia;Aves;Podicipedidae;Podiceps;Podiceps cristatus;Somormujo lavanco
-5.24;38.269;Embalse de Sierra Boyera (CO);Cordoba;Andalucia;2013;Mar;Animalia;Aves;Podicipedidae;Podiceps;Podiceps cristatus;Somormujo lavanco
-5.24;38.269;Embalse de Sierra Boyera (CO);Cordoba;Andalucia;2014;May;Animalia;Aves;Threskiornithidae;Platalea;Platalea leucorodia;Espatula comun
-5.657;39.195;Embalse de Sierra Brava;Cordoba;Andalucia;2010;Jul;Animalia;Aves;Upupidae;Upupa;Upupa epops;Eurasian Hoopoe
-9.03;42.695; A Coruna;Coruna;Galicia;2013;May;Animalia;Reptilia;Lacertidae;Timon;Timon lepidus;Ocellated Lizard
-8.513;43.326;Arteixo;Coruna;Galicia;2014;Mar;Animalia;Amphibia;Alytidae;Discoglossus;Discoglossus galganoi;Iberian Painted Frog
-8.511;43.3;Arteixo;Coruna;Galicia;2015;Nov;Animalia;Amphibia;Salamandridae;Lissotriton;Lissotriton boscai;Bosca's Newt
-8.493;43.291;Arteixo;Coruna;Galicia;2015;Apr;Animalia;Amphibia;Alytidae;Discoglossus;Discoglossus galganoi;Iberian Painted Frog
-8.563;43.289;Arteixo;Coruna;Galicia;2016;Jun;Animalia;Amphibia;Salamandridae;Lissotriton;Lissotriton boscai;Bosca's Newt
-8.551;43.299;Arteixo;Coruna;Galicia;2016;May;Animalia;Amphibia;Salamandridae;Lissotriton;Lissotriton boscai;Bosca's Newt
-8.551;43.299;Arteixo;Coruna;Galicia;2016;Jul;Animalia;Amphibia;Salamandridae;Lissotriton;Lissotriton boscai;Bosca's Newt
-8.522;43.322;Arteixo;Coruna;Galicia;2016;Jul;Animalia;Amphibia;Salamandridae;Lissotriton;Lissotriton boscai;Bosca's Newt
-8.494;43.291;Arteixo;Coruna;Galicia;2016;May;Animalia;Amphibia;Salamandridae;Lissotriton;Lissotriton boscai;Bosca's Newt
-8.48;43.26;Arteixo;Coruna;Galicia;2016;Jun;Animalia;Amphibia;Salamandridae;Lissotriton;Lissotriton boscai;Bosca's Newt
-8.479;43.352;Arteixo;Coruna;Galicia;2016;Feb;Animalia;Amphibia;Salamandridae;Lissotriton;Lissotriton boscai;Bosca's Newt
-8.551;43.299;Arteixo;Coruna;Galicia;2017;May;Animalia;Amphibia;Salamandridae;Lissotriton;Lissotriton boscai;Bosca's Newt
-8.551;43.299;Arteixo;Coruna;Galicia;2017;Jun;Animalia;Amphibia;Salamandridae;Lissotriton;Lissotriton boscai;Bosca's Newt
-8.51;43.273;Arteixo;Coruna;Galicia;2017;Mar;Animalia;Amphibia;Salamandridae;Lissotriton;Lissotriton boscai;Bosca's Newt
-8.491;43.289;Arteixo;Coruna;Galicia;2017;Feb;Animalia;Amphibia;Salamandridae;Triturus;Triturus marmoratus;Marbled Newt
-8.479;43.26;Arteixo;Coruna;Galicia;2017;Apr;Animalia;Amphibia;Salamandridae;Triturus;Triturus marmoratus;Marbled Newt
-8.6;43.25;Arteixo;Coruna;Galicia;2018;Feb;Animalia;Amphibia;Salamandridae;Salamandra;Salamandra salamandra;Fire Salamander
-8.577;43.308;Arteixo;Coruna;Galicia;2018;Mar;Animalia;Amphibia;Salamandridae;Lissotriton;Lissotriton boscai;Bosca's Newt
-8.551;43.299;Arteixo;Coruna;Galicia;2018;Feb;Animalia;Amphibia;Salamandridae;Lissotriton;Lissotriton boscai;Bosca's Newt
-8.551;43.299;Arteixo;Coruna;Galicia;2018;May;Animalia;Amphibia;Salamandridae;Lissotriton;Lissotriton boscai;Bosca's Newt
-8.522;43.322;Arteixo;Coruna;Galicia;2018;Mar;Animalia;Amphibia;Salamandridae;Lissotriton;Lissotriton boscai;Bosca's Newt
-8.522;43.322;Arteixo;Coruna;Galicia;2018;Jun;Animalia;Amphibia;Salamandridae;Lissotriton;Lissotriton boscai;Bosca's Newt
-8.511;43.3;Arteixo;Coruna;Galicia;2018;Apr;Animalia;Amphibia;Salamandridae;Lissotriton;Lissotriton boscai;Bosca's Newt
-8.5;43.25;Arteixo;Coruna;Galicia;2018;May;Animalia;Amphibia;Salamandridae;Salamandra;Salamandra salamandra;Fire Salamander
-8.5;43.25;Arteixo;Coruna;Galicia;2018;Feb;Animalia;Amphibia;Salamandridae;Salamandra;Salamandra salamandra;Fire Salamander
-8.5;43.25;Arteixo;Coruna;Galicia;2018;Mar;Animalia;Amphibia;Salamandridae;Salamandra;Salamandra salamandra;Fire Salamander
-8.457;43.335;Arteixo;Coruna;Galicia;2018;Apr;Animalia;Amphibia;Salamandridae;Lissotriton;Lissotriton boscai;Bosca's Newt
-8.456;43.335;Arteixo;Coruna;Galicia;2018;May;Animalia;Amphibia;Salamandridae;Lissotriton;Lissotriton boscai;Bosca's Newt
-8.6;43.25;Arteixo;Coruna;Galicia;2019;Mar;Animalia;Amphibia;Salamandridae;Salamandra;Salamandra salamandra;Fire Salamander
-8.551;43.299;Arteixo;Coruna;Galicia;2019;May;Animalia;Amphibia;Salamandridae;Lissotriton;Lissotriton boscai;Bosca's Newt
-8.551;43.299;Arteixo;Coruna;Galicia;2019;Feb;Animalia;Amphibia;Salamandridae;Lissotriton;Lissotriton boscai;Bosca's Newt
-8.55;43.25;Arteixo;Coruna;Galicia;2019;May;Animalia;Amphibia;Salamandridae;Salamandra;Salamandra salamandra;Fire Salamander
-8.522;43.322;Arteixo;Coruna;Galicia;2019;May;Animalia;Amphibia;Salamandridae;Lissotriton;Lissotriton boscai;Bosca's Newt
-8.522;43.322;Arteixo;Coruna;Galicia;2019;Jul;Animalia;Amphibia;Salamandridae;Lissotriton;Lissotriton boscai;Bosca's Newt
-8.511;43.3;Arteixo;Coruna;Galicia;2019;May;Animalia;Amphibia;Salamandridae;Lissotriton;Lissotriton boscai;Bosca's Newt
-8.5;43.25;Arteixo;Coruna;Galicia;2019;Mar;Animalia;Amphibia;Salamandridae;Salamandra;Salamandra salamandra;Fire Salamander
-8.488;43.278;Arteixo;Coruna;Galicia;2019;Apr;Animalia;Amphibia;Salamandridae;Lissotriton;Lissotriton boscai;Bosca's Newt
-8.48;43.288;Arteixo;Coruna;Galicia;2019;Feb;Animalia;Amphibia;Alytidae;Discoglossus;Discoglossus galganoi;Iberian Painted Frog
-8.479;43.261;Arteixo;Coruna;Galicia;2019;Apr;Animalia;Amphibia;Salamandridae;Lissotriton;Lissotriton boscai;Bosca's Newt
-8.479;43.261;Arteixo;Coruna;Galicia;2019;Apr;Animalia;Amphibia;Salamandridae;Triturus;Triturus marmoratus;Marbled Newt
-8.457;43.312;Arteixo;Coruna;Galicia;2019;May;Animalia;Amphibia;Salamandridae;Lissotriton;Lissotriton boscai;Bosca's Newt
-8.455;43.319;Arteixo;Coruna;Galicia;2019;May;Animalia;Amphibia;Salamandridae;Triturus;Triturus marmoratus;Marbled Newt
-8.445;43.285;Arteixo;Coruna;Galicia;2019;Apr;Animalia;Amphibia;Salamandridae;Lissotriton;Lissotriton boscai;Bosca's Newt
-8.443;43.281;Arteixo;Coruna;Galicia;2019;Apr;Animalia;Amphibia;Salamandridae;Lissotriton;Lissotriton boscai;Bosca's Newt
-8.6;43.25;Arteixo;Coruna;Galicia;2020;May;Animalia;Amphibia;Salamandridae;Salamandra;Salamandra salamandra;Fire Salamander
-8.6;43.25;Arteixo;Coruna;Galicia;2020;Feb;Animalia;Amphibia;Salamandridae;Salamandra;Salamandra salamandra;Fire Salamander
-8.6;43.296;Arteixo;Coruna;Galicia;2020;Feb;Animalia;Amphibia;Salamandridae;Lissotriton;Lissotriton boscai;Bosca's Newt
-8.583;43.274;Arteixo;Coruna;Galicia;2020;Feb;Animalia;Amphibia;Salamandridae;Salamandra;Salamandra salamandra;Fire Salamander
-8.57;43.288;Arteixo;Coruna;Galicia;2020;Feb;Animalia;Amphibia;Salamandridae;Salamandra;Salamandra salamandra;Fire Salamander
-8.551;43.299;Arteixo;Coruna;Galicia;2020;Feb;Animalia;Amphibia;Salamandridae;Lissotriton;Lissotriton boscai;Bosca's Newt
-8.55;43.25;Arteixo;Coruna;Galicia;2020;May;Animalia;Amphibia;Salamandridae;Salamandra;Salamandra salamandra;Fire Salamander
-8.55;43.25;Arteixo;Coruna;Galicia;2020;Feb;Animalia;Amphibia;Salamandridae;Salamandra;Salamandra salamandra;Fire Salamander
-8.529;43.313;Arteixo;Coruna;Galicia;2020;Mar;Animalia;Amphibia;Salamandridae;Lissotriton;Lissotriton boscai;Bosca's Newt
-8.513;43.301;Arteixo;Coruna;Galicia;2020;Feb;Animalia;Amphibia;Bufonidae;Bufo;Bufo spinosus;Spiny Toad
-8.512;43.3;Arteixo;Coruna;Galicia;2020;Feb;Animalia;Amphibia;Bufonidae;Bufo;Bufo spinosus;Spiny Toad
-8.5;43.25;Arteixo;Coruna;Galicia;2020;Feb;Animalia;Amphibia;Salamandridae;Salamandra;Salamandra salamandra;Fire Salamander
-8.5;43.3;Arteixo;Coruna;Galicia;2020;Feb;Animalia;Amphibia;Salamandridae;Salamandra;Salamandra salamandra;Fire Salamander
-8.492;43.291;Arteixo;Coruna;Galicia;2020;Mar;Animalia;Amphibia;Salamandridae;Triturus;Triturus marmoratus;Marbled Newt
-8.492;43.328;Arteixo;Coruna;Galicia;2020;May;Animalia;Amphibia;Bufonidae;Bufo;Bufo spinosus;Spiny Toad
-8.492;43.328;Arteixo;Coruna;Galicia;2020;Mar;Animalia;Amphibia;Bufonidae;Bufo;Bufo spinosus;Spiny Toad
-8.479;43.26;Arteixo;Coruna;Galicia;2020;May;Animalia;Amphibia;Salamandridae;Lissotriton;Lissotriton boscai;Bosca's Newt
-8.45;43.3;Arteixo;Coruna;Galicia;2020;May;Animalia;Amphibia;Salamandridae;Salamandra;Salamandra salamandra;Fire Salamander
-13.888;28.417;Barranco de la Muley;Coruna;Galicia;2000;May;Animalia;Aves;Phasianidae;Alectoris;Alectoris barbara;Barbary Partridge
-8.215;43.254;Betanzos;Coruna;Galicia;2019;Jun;Animalia;Amphibia;Salamandridae;Lissotriton;Lissotriton boscai;Bosca's Newt
-8.214;43.254;Betanzos;Coruna;Galicia;2019;Jun;Animalia;Amphibia;Salamandridae;Lissotriton;Lissotriton boscai;Bosca's Newt
-8.25;43.25;Betanzos;Coruna;Galicia;2018;Feb;Animalia;Amphibia;Salamandridae;Salamandra;Salamandra salamandra;Fire Salamander
-8.25;43.25;Betanzos;Coruna;Galicia;2018;Mar;Animalia;Amphibia;Salamandridae;Salamandra;Salamandra salamandra;Fire Salamander
-8.213;43.254;Betanzos;Coruna;Galicia;2018;May;Animalia;Amphibia;Salamandridae;Lissotriton;Lissotriton boscai;Bosca's Newt
-8.223;43.261;Betanzos;Coruna;Galicia;2019;May;Animalia;Amphibia;Salamandridae;Salamandra;Salamandra salamandra;Fire Salamander
-8.223;43.258;Betanzos;Coruna;Galicia;2019;May;Animalia;Amphibia;Salamandridae;Salamandra;Salamandra salamandra;Fire Salamander
-8.22;43.26;Betanzos;Coruna;Galicia;2019;May;Animalia;Amphibia;Salamandridae;Salamandra;Salamandra salamandra;Fire Salamander
-8.215;43.259;Betanzos;Coruna;Galicia;2019;May;Animalia;Amphibia;Salamandridae;Salamandra;Salamandra salamandra;Fire Salamander
-8.215;43.254;Betanzos;Coruna;Galicia;2019;Mar;Animalia;Amphibia;Salamandridae;Lissotriton;Lissotriton boscai;Bosca's Newt
-8.215;43.254;Betanzos;Coruna;Galicia;2019;Apr;Animalia;Amphibia;Salamandridae;Lissotriton;Lissotriton boscai;Bosca's Newt
-8.215;43.254;Betanzos;Coruna;Galicia;2019;May;Animalia;Amphibia;Salamandridae;Lissotriton;Lissotriton boscai;Bosca's Newt
-8.215;43.254;Betanzos;Coruna;Galicia;2019;Jul;Animalia;Amphibia;Salamandridae;Lissotriton;Lissotriton boscai;Bosca's Newt
-8.25;43.25;Betanzos;Coruna;Galicia;2020;Feb;Animalia;Amphibia;Salamandridae;Salamandra;Salamandra salamandra;Fire Salamander
-8.215;43.254;Betanzos;Coruna;Galicia;2020;Feb;Animalia;Amphibia;Salamandridae;Lissotriton;Lissotriton boscai;Bosca's Newt
-8.214;43.254;Betanzos;Coruna;Galicia;2020;Feb;Animalia;Amphibia;Salamandridae;Lissotriton;Lissotriton boscai;Bosca's Newt
-8.173;43.272;Betanzos ;Coruna;Galicia;2017;Feb;Animalia;Amphibia;Salamandridae;Lissotriton;Lissotriton boscai;Bosca's Newt
-9.027;42.578;Complejo Lagunar costero de Corrubedo ;Coruna;Galicia;2002;May;Animalia;Aves;Podicipedidae;Tachybaptus;Tachybaptus ruficollis;Zampullin comun
-9.027;42.578;Complejo Lagunar costero de Corrubedo ;Coruna;Galicia;2004;May;Animalia;Aves;Podicipedidae;Tachybaptus;Tachybaptus ruficollis;Zampullin comun
-8.161;43.618;Complejo litoral de A Frouxeira ;Coruna;Galicia;2000;May;Animalia;Aves;Podicipedidae;Tachybaptus;Tachybaptus ruficollis;Zampullin comun
-8.161;43.618;Complejo litoral de A Frouxeira ;Coruna;Galicia;2002;Apr;Animalia;Aves;Anatidae;Netta;Netta rufina;Pato colorado
-8.161;43.618;Complejo litoral de A Frouxeira ;Coruna;Galicia;2003;Mar;Animalia;Aves;Podicipedidae;Podiceps;Podiceps nigricollis;Zampullin cuellinegro
-8.161;43.618;Complejo litoral de A Frouxeira ;Coruna;Galicia;2003;May;Animalia;Aves;Podicipedidae;Tachybaptus;Tachybaptus ruficollis;Zampullin comun
-8.161;43.618;Complejo litoral de A Frouxeira ;Coruna;Galicia;2004;Mar;Animalia;Aves;Podicipedidae;Podiceps;Podiceps nigricollis;Zampullin cuellinegro
-8.679;43.298;Complejo Litoral de Baldaio ;Coruna;Galicia;2002;Mar;Animalia;Aves;Anatidae;Tadorna;Tadorna tadorna;Tarro blanco
-8.679;43.298;Complejo Litoral de Baldaio ;Coruna;Galicia;2004;Mar;Animalia;Aves;Anatidae;Tadorna;Tadorna tadorna;Tarro blanco
-9.105;42.833;Complejo Litoral de Caldebarcos-Carnota ;Coruna;Galicia;2002;May;Animalia;Aves;Threskiornithidae;Platalea;Platalea leucorodia;Espatula comun
-9.105;42.833;Complejo Litoral de Caldebarcos-Carnota ;Coruna;Galicia;2002;Mar;Animalia;Aves;Podicipedidae;Podiceps;Podiceps nigricollis;Zampullin cuellinegro
-8.311;43.494;Complejo litoral de Doninos ;Coruna;Galicia;2002;May;Animalia;Aves;Podicipedidae;Tachybaptus;Tachybaptus ruficollis;Zampullin comun
-8.311;43.494;Complejo litoral de Doninos ;Coruna;Galicia;2004;May;Animalia;Aves;Podicipedidae;Tachybaptus;Tachybaptus ruficollis;Zampullin comun
-9.092;42.758;Complejo Litoral de Louro ;Coruna;Galicia;2002;May;Animalia;Aves;Podicipedidae;Tachybaptus;Tachybaptus ruficollis;Zampullin comun
-9.092;42.758;Complejo Litoral de Louro ;Coruna;Galicia;2004;May;Animalia;Aves;Podicipedidae;Tachybaptus;Tachybaptus ruficollis;Zampullin comun
-9.037;42.634;Complejo Litoral de Xuno ;Coruna;Galicia;2002;May;Animalia;Aves;Podicipedidae;Tachybaptus;Tachybaptus ruficollis;Zampullin comun
-9.037;42.634;Complejo Litoral de Xuno ;Coruna;Galicia;2003;May;Animalia;Aves;Podicipedidae;Tachybaptus;Tachybaptus ruficollis;Zampullin comun
-9.037;42.634;Complejo Litoral de Xuno ;Coruna;Galicia;2004;May;Animalia;Aves;Podicipedidae;Tachybaptus;Tachybaptus ruficollis;Zampullin comun
-8.273;43.279;Embalse de Cecebre ;Coruna;Galicia;2000;Mar;Animalia;Aves;Podicipedidae;Podiceps;Podiceps cristatus;Somormujo lavanco
-8.273;43.279;Embalse de Cecebre ;Coruna;Galicia;2000;May;Animalia;Aves;Podicipedidae;Tachybaptus;Tachybaptus ruficollis;Zampullin comun
-8.273;43.279;Embalse de Cecebre ;Coruna;Galicia;2001;Mar;Animalia;Aves;Podicipedidae;Podiceps;Podiceps cristatus;Somormujo lavanco
-8.273;43.279;Embalse de Cecebre ;Coruna;Galicia;2002;May;Animalia;Aves;Podicipedidae;Tachybaptus;Tachybaptus ruficollis;Zampullin comun
-8.273;43.279;Embalse de Cecebre ;Coruna;Galicia;2003;May;Animalia;Aves;Podicipedidae;Tachybaptus;Tachybaptus ruficollis;Zampullin comun
-8.273;43.279;Embalse de Cecebre ;Coruna;Galicia;2004;May;Animalia;Aves;Podicipedidae;Tachybaptus;Tachybaptus ruficollis;Zampullin comun
-8.982;42.997;Embalse de Fervenza ;Coruna;Galicia;2000;Mar;Animalia;Aves;Podicipedidae;Podiceps;Podiceps cristatus;Somormujo lavanco
-8.982;42.997;Embalse de Fervenza ;Coruna;Galicia;2001;Mar;Animalia;Aves;Podicipedidae;Podiceps;Podiceps cristatus;Somormujo lavanco
-8.982;42.997;Embalse de Fervenza ;Coruna;Galicia;2001;Mar;Animalia;Aves;Podicipedidae;Podiceps;Podiceps nigricollis;Zampullin cuellinegro
-8.982;42.997;Embalse de Fervenza ;Coruna;Galicia;2002;Mar;Animalia;Aves;Podicipedidae;Podiceps;Podiceps cristatus;Somormujo lavanco
-8.982;42.997;Embalse de Fervenza ;Coruna;Galicia;2002;May;Animalia;Aves;Podicipedidae;Tachybaptus;Tachybaptus ruficollis;Zampullin comun
-8.982;42.997;Embalse de Fervenza ;Coruna;Galicia;2004;Mar;Animalia;Aves;Podicipedidae;Podiceps;Podiceps cristatus;Somormujo lavanco
-8.982;42.997;Embalse de Fervenza ;Coruna;Galicia;2004;May;Animalia;Aves;Podicipedidae;Tachybaptus;Tachybaptus ruficollis;Zampullin comun
-8.077;43.606;Embalse de Forcadas ;Coruna;Galicia;2001;Mar;Animalia;Aves;Podicipedidae;Podiceps;Podiceps nigricollis;Zampullin cuellinegro
-8.077;43.606;Embalse de Forcadas ;Coruna;Galicia;2002;May;Animalia;Aves;Podicipedidae;Tachybaptus;Tachybaptus ruficollis;Zampullin comun
-8.077;43.606;Embalse de Forcadas ;Coruna;Galicia;2003;May;Animalia;Aves;Podicipedidae;Tachybaptus;Tachybaptus ruficollis;Zampullin comun
-8.077;43.606;Embalse de Forcadas ;Coruna;Galicia;2004;May;Animalia;Aves;Podicipedidae;Tachybaptus;Tachybaptus ruficollis;Zampullin comun
-8.452;43.343;Embalse de Meicende ;Coruna;Galicia;2002;May;Animalia;Aves;Podicipedidae;Tachybaptus;Tachybaptus ruficollis;Zampullin comun
-8.452;43.343;Embalse de Meicende ;Coruna;Galicia;2003;May;Animalia;Aves;Podicipedidae;Tachybaptus;Tachybaptus ruficollis;Zampullin comun
-8.452;43.343;Embalse de Meicende ;Coruna;Galicia;2004;May;Animalia;Aves;Podicipedidae;Tachybaptus;Tachybaptus ruficollis;Zampullin comun
-8.494;43.327;Embalse de Sabon ;Coruna;Galicia;2002;May;Animalia;Aves;Podicipedidae;Tachybaptus;Tachybaptus ruficollis;Zampullin comun
-8.494;43.327;Embalse de Sabon ;Coruna;Galicia;2003;May;Animalia;Aves;Podicipedidae;Tachybaptus;Tachybaptus ruficollis;Zampullin comun
-8.494;43.327;Embalse de Sabon ;Coruna;Galicia;2004;Mar;Animalia;Aves;Podicipedidae;Podiceps;Podiceps nigricollis;Zampullin cuellinegro
-8.494;43.327;Embalse de Sabon ;Coruna;Galicia;2004;May;Animalia;Aves;Podicipedidae;Tachybaptus;Tachybaptus ruficollis;Zampullin comun
-8.494;43.329;Embalse de Sabon y Meicende ;Coruna;Galicia;2000;May;Animalia;Aves;Podicipedidae;Tachybaptus;Tachybaptus ruficollis;Zampullin comun
-8.494;43.101;Embalse de Vilagudin ;Coruna;Galicia;2002;Mar;Animalia;Aves;Podicipedidae;Podiceps;Podiceps cristatus;Somormujo lavanco
-8.494;43.101;Embalse de Vilagudin ;Coruna;Galicia;2003;Mar;Animalia;Aves;Podicipedidae;Podiceps;Podiceps cristatus;Somormujo lavanco
-8.494;43.101;Embalse de Vilagudin ;Coruna;Galicia;2004;Mar;Animalia;Aves;Podicipedidae;Podiceps;Podiceps cristatus;Somormujo lavanco
-8.412;43.154;Embalse de Vilasenin ;Coruna;Galicia;2002;May;Animalia;Aves;Podicipedidae;Tachybaptus;Tachybaptus ruficollis;Zampullin comun
-8.412;43.154;Embalse de Vilasenin ;Coruna;Galicia;2003;May;Animalia;Aves;Podicipedidae;Tachybaptus;Tachybaptus ruficollis;Zampullin comun
-8.412;43.154;Embalse de Vilasenin ;Coruna;Galicia;2004;May;Animalia;Aves;Podicipedidae;Tachybaptus;Tachybaptus ruficollis;Zampullin comun
-8.494;43.101;Embalses de Vilagudin y Vilasenin ;Coruna;Galicia;2000;Mar;Animalia;Aves;Podicipedidae;Podiceps;Podiceps nigricollis;Zampullin cuellinegro
-8.494;43.101;Embalses de Vilagudin y Vilasenin ;Coruna;Galicia;2000;May;Animalia;Aves;Podicipedidae;Tachybaptus;Tachybaptus ruficollis;Zampullin comun
-8.908;43.243;Ensenada de Insua ;Coruna;Galicia;2000;May;Animalia;Aves;Podicipedidae;Tachybaptus;Tachybaptus ruficollis;Zampullin comun
-8.908;43.243;Ensenada de Insua ;Coruna;Galicia;2002;May;Animalia;Aves;Podicipedidae;Tachybaptus;Tachybaptus ruficollis;Zampullin comun
-8.908;43.243;Ensenada de Insua ;Coruna;Galicia;2003;Apr;Animalia;Aves;Anatidae;Netta;Netta rufina;Pato colorado
-8.908;43.243;Ensenada de Insua ;Coruna;Galicia;2003;May;Animalia;Aves;Podicipedidae;Tachybaptus;Tachybaptus ruficollis;Zampullin comun
-8.908;43.243;Ensenada de Insua ;Coruna;Galicia;2004;May;Animalia;Aves;Podicipedidae;Tachybaptus;Tachybaptus ruficollis;Zampullin comun
-8.856;42.652;Ensenada Rianxo-PuntaChazo ;Coruna;Galicia;2000;Mar;Animalia;Aves;Podicipedidae;Podiceps;Podiceps cristatus;Somormujo lavanco
-8.856;42.652;Ensenada Rianxo-PuntaChazo ;Coruna;Galicia;2000;May;Animalia;Aves;Threskiornithidae;Platalea;Platalea leucorodia;Espatula comun
-8.856;42.652;Ensenada Rianxo-PuntaChazo ;Coruna;Galicia;2000;Mar;Animalia;Aves;Podicipedidae;Podiceps;Podiceps nigricollis;Zampullin cuellinegro
-8.856;42.652;Ensenada Rianxo-PuntaChazo ;Coruna;Galicia;2001;Mar;Animalia;Aves;Podicipedidae;Podiceps;Podiceps cristatus;Somormujo lavanco
-8.856;42.652;Ensenada Rianxo-PuntaChazo ;Coruna;Galicia;2001;Mar;Animalia;Aves;Podicipedidae;Podiceps;Podiceps auritus;Zampullin cuellirrojo
-8.856;42.652;Ensenada Rianxo-PuntaChazo ;Coruna;Galicia;2001;Mar;Animalia;Aves;Podicipedidae;Podiceps;Podiceps nigricollis;Zampullin cuellinegro
-8.856;42.652;Ensenada Rianxo-PuntaChazo ;Coruna;Galicia;2002;Mar;Animalia;Aves;Podicipedidae;Podiceps;Podiceps nigricollis;Zampullin cuellinegro
-8.856;42.652;Ensenada Rianxo-PuntaChazo ;Coruna;Galicia;2003;Mar;Animalia;Aves;Podicipedidae;Podiceps;Podiceps cristatus;Somormujo lavanco
-8.856;42.652;Ensenada Rianxo-PuntaChazo ;Coruna;Galicia;2003;Mar;Animalia;Aves;Podicipedidae;Podiceps;Podiceps nigricollis;Zampullin cuellinegro
-8.856;42.652;Ensenada Rianxo-PuntaChazo ;Coruna;Galicia;2004;Mar;Animalia;Aves;Podicipedidae;Podiceps;Podiceps cristatus;Somormujo lavanco
-8.856;42.652;Ensenada Rianxo-PuntaChazo ;Coruna;Galicia;2004;May;Animalia;Aves;Podicipedidae;Tachybaptus;Tachybaptus ruficollis;Zampullin comun
-8.904;43.24;Esteiro do Anllons--Ponteceso;Coruna;Galicia;2000;Apr;Animalia;Aves;Anatidae;Anas;Mareca penelope;Eurasian Wigeon
-8.902;42.813;Estuario del Rio Tambre ;Coruna;Galicia;2002;May;Animalia;Aves;Podicipedidae;Tachybaptus;Tachybaptus ruficollis;Zampullin comun
-8.902;42.813;Estuario del Rio Tambre ;Coruna;Galicia;2003;May;Animalia;Aves;Threskiornithidae;Platalea;Platalea leucorodia;Espatula comun
-8.902;42.813;Estuario del Rio Tambre ;Coruna;Galicia;2004;May;Animalia;Aves;Podicipedidae;Tachybaptus;Tachybaptus ruficollis;Zampullin comun
-8.009;43.04;Laguna de Sobrado ;Coruna;Galicia;2002;May;Animalia;Aves;Podicipedidae;Tachybaptus;Tachybaptus ruficollis;Zampullin comun
-8.009;43.04;Laguna de Sobrado ;Coruna;Galicia;2003;May;Animalia;Aves;Podicipedidae;Tachybaptus;Tachybaptus ruficollis;Zampullin comun
-9.046;43.187;Laguna de Traba ;Coruna;Galicia;2002;May;Animalia;Aves;Podicipedidae;Tachybaptus;Tachybaptus ruficollis;Zampullin comun
-9.046;43.187;Laguna de Traba ;Coruna;Galicia;2003;May;Animalia;Aves;Podicipedidae;Tachybaptus;Tachybaptus ruficollis;Zampullin comun
-9.046;43.187;Laguna de Traba ;Coruna;Galicia;2004;May;Animalia;Aves;Podicipedidae;Tachybaptus;Tachybaptus ruficollis;Zampullin comun
-9.154;43.186;Laxe ;Coruna;Galicia;2001;Mar;Animalia;Aves;Podicipedidae;Podiceps;Podiceps nigricollis;Zampullin cuellinegro
-9.098;42.826;Marisma de Carnota ;Coruna;Galicia;2000;May;Animalia;Aves;Threskiornithidae;Platalea;Platalea leucorodia;Espatula comun
-9.283;43.05;Muxia;Coruna;Galicia;2018;May;Animalia;Aves;Fringillidae;Fringilla;Fringilla coelebs;Pinzon vulgar
-8.893;42.784;Noia--fondo Ria;Coruna;Galicia;2019;May;Animalia;Aves;Threskiornithidae;Platalea;Platalea leucorodia;Eurasian Spoonbill
-8.884;42.491;O Grove;Coruna;Galicia;2017;Nov;Animalia;Actinopterygii;Anguillidae;Anguilla;Anguilla anguilla;European eel
-8.2;43.25;Paderne;Coruna;Galicia;2018;Mar;Animalia;Amphibia;Salamandridae;Salamandra;Salamandra salamandra;Fire Salamander
-8;43.667;PANTIN;Coruna;Galicia;2000;May;Animalia;Aves;Fringillidae;Fringilla;Fringilla coelebs;Pinzon vulgar
-9.162;43.123;Ria Camarinas-Muxia ;Coruna;Galicia;2000;Mar;Animalia;Aves;Podicipedidae;Podiceps;Podiceps cristatus;Somormujo lavanco
-9.162;43.123;Ria Camarinas-Muxia ;Coruna;Galicia;2000;Mar;Animalia;Aves;Anatidae;Tadorna;Tadorna tadorna;Tarro blanco
-9.162;43.123;Ria Camarinas-Muxia ;Coruna;Galicia;2000;Mar;Animalia;Aves;Podicipedidae;Podiceps;Podiceps nigricollis;Zampullin cuellinegro
-9.162;43.123;Ria Camarinas-Muxia ;Coruna;Galicia;2001;Mar;Animalia;Aves;Podicipedidae;Podiceps;Podiceps cristatus;Somormujo lavanco
-9.162;43.123;Ria Camarinas-Muxia ;Coruna;Galicia;2001;Mar;Animalia;Aves;Podicipedidae;Podiceps;Podiceps nigricollis;Zampullin cuellinegro
-9.162;43.123;Ria Camarinas-Muxia ;Coruna;Galicia;2002;Mar;Animalia;Aves;Podicipedidae;Podiceps;Podiceps nigricollis;Zampullin cuellinegro
-9.162;43.123;Ria Camarinas-Muxia ;Coruna;Galicia;2002;May;Animalia;Aves;Podicipedidae;Tachybaptus;Tachybaptus ruficollis;Zampullin comun
-9.162;43.123;Ria Camarinas-Muxia ;Coruna;Galicia;2004;May;Animalia;Aves;Podicipedidae;Tachybaptus;Tachybaptus ruficollis;Zampullin comun
-8.364;43.356;Ria de A Coruna ;Coruna;Galicia;2000;Mar;Animalia;Aves;Podicipedidae;Podiceps;Podiceps nigricollis;Zampullin cuellinegro
-8.364;43.356;Ria de A Coruna ;Coruna;Galicia;2000;May;Animalia;Aves;Podicipedidae;Tachybaptus;Tachybaptus ruficollis;Zampullin comun
-8.364;43.356;Ria de A Coruna ;Coruna;Galicia;2001;Mar;Animalia;Aves;Podicipedidae;Podiceps;Podiceps nigricollis;Zampullin cuellinegro
-8.364;43.356;Ria de A Coruna ;Coruna;Galicia;2002;Mar;Animalia;Aves;Podicipedidae;Podiceps;Podiceps nigricollis;Zampullin cuellinegro
-8.364;43.356;Ria de A Coruna ;Coruna;Galicia;2002;May;Animalia;Aves;Podicipedidae;Tachybaptus;Tachybaptus ruficollis;Zampullin comun
-8.364;43.356;Ria de A Coruna ;Coruna;Galicia;2003;May;Animalia;Aves;Threskiornithidae;Platalea;Platalea leucorodia;Espatula comun
-8.364;43.356;Ria de A Coruna ;Coruna;Galicia;2003;Mar;Animalia;Aves;Podicipedidae;Podiceps;Podiceps nigricollis;Zampullin cuellinegro
-8.364;43.356;Ria de A Coruna ;Coruna;Galicia;2003;May;Animalia;Aves;Podicipedidae;Tachybaptus;Tachybaptus ruficollis;Zampullin comun
-8.364;43.356;Ria de A Coruna ;Coruna;Galicia;2004;Mar;Animalia;Aves;Podicipedidae;Podiceps;Podiceps nigricollis;Zampullin cuellinegro
-8.364;43.356;Ria de A Coruna ;Coruna;Galicia;2004;May;Animalia;Aves;Threskiornithidae;Platalea;Platalea leucorodia;Espatula comun
-8.364;43.356;Ria de A Coruna ;Coruna;Galicia;2004;May;Animalia;Aves;Podicipedidae;Tachybaptus;Tachybaptus ruficollis;Zampullin comun
-8.179;43.418;Ria de Ares-Betanzos ;Coruna;Galicia;2000;Mar;Animalia;Aves;Anatidae;Tadorna;Tadorna tadorna;Tarro blanco
-8.179;43.418;Ria de Ares-Betanzos ;Coruna;Galicia;2000;May;Animalia;Aves;Podicipedidae;Tachybaptus;Tachybaptus ruficollis;Zampullin comun
-8.179;43.418;Ria de Ares-Betanzos ;Coruna;Galicia;2002;May;Animalia;Aves;Podicipedidae;Tachybaptus;Tachybaptus ruficollis;Zampullin comun
-8.179;43.418;Ria de Ares-Betanzos ;Coruna;Galicia;2003;Mar;Animalia;Aves;Podicipedidae;Podiceps;Podiceps nigricollis;Zampullin cuellinegro
-8.179;43.418;Ria de Ares-Betanzos ;Coruna;Galicia;2003;May;Animalia;Aves;Podicipedidae;Tachybaptus;Tachybaptus ruficollis;Zampullin comun
-8.179;43.418;Ria de Ares-Betanzos ;Coruna;Galicia;2004;May;Animalia;Aves;Podicipedidae;Tachybaptus;Tachybaptus ruficollis;Zampullin comun
-8.178;43.489;Ria de Ferrol ;Coruna;Galicia;2001;Mar;Animalia;Aves;Podicipedidae;Podiceps;Podiceps nigricollis;Zampullin cuellinegro
-8.178;43.489;Ria de Ferrol ;Coruna;Galicia;2002;Mar;Animalia;Aves;Podicipedidae;Podiceps;Podiceps nigricollis;Zampullin cuellinegro
-8.178;43.489;Ria de Ferrol ;Coruna;Galicia;2003;Mar;Animalia;Aves;Podicipedidae;Podiceps;Podiceps nigricollis;Zampullin cuellinegro
-8.178;43.489;Ria de Ferrol ;Coruna;Galicia;2003;Mar;Animalia;Aves;Podicipedidae;Podiceps;Podiceps auritus;Zampullin cuellirrojo
-8.178;43.489;Ria de Ferrol ;Coruna;Galicia;2003;May;Animalia;Aves;Podicipedidae;Tachybaptus;Tachybaptus ruficollis;Zampullin comun
-8.178;43.489;Ria de Ferrol ;Coruna;Galicia;2004;Mar;Animalia;Aves;Podicipedidae;Podiceps;Podiceps nigricollis;Zampullin cuellinegro
-8.178;43.489;Ria de Ferrol ;Coruna;Galicia;2004;May;Animalia;Aves;Threskiornithidae;Platalea;Platalea leucorodia;Espatula comun
-7.848;43.671;Ria de Ortigueira;Coruna;Galicia;2000;May;Animalia;Aves;Fringillidae;Fringilla;Fringilla coelebs;Common Chaffinch
-7.865;43.667;Ria de Ortigueira ;Coruna;Galicia;2000;Mar;Animalia;Aves;Podicipedidae;Podiceps;Podiceps cristatus;Somormujo lavanco
-7.865;43.667;Ria de Ortigueira ;Coruna;Galicia;2000;Mar;Animalia;Aves;Podicipedidae;Podiceps;Podiceps nigricollis;Zampullin cuellinegro
-7.865;43.667;Ria de Ortigueira ;Coruna;Galicia;2000;May;Animalia;Aves;Podicipedidae;Tachybaptus;Tachybaptus ruficollis;Zampullin comun
-7.865;43.667;Ria de Ortigueira ;Coruna;Galicia;2001;Mar;Animalia;Aves;Podicipedidae;Podiceps;Podiceps nigricollis;Zampullin cuellinegro
-7.865;43.667;Ria de Ortigueira ;Coruna;Galicia;2002;Mar;Animalia;Aves;Podicipedidae;Podiceps;Podiceps cristatus;Somormujo lavanco
-7.865;43.667;Ria de Ortigueira ;Coruna;Galicia;2002;Mar;Animalia;Aves;Podicipedidae;Podiceps;Podiceps nigricollis;Zampullin cuellinegro
-7.865;43.667;Ria de Ortigueira ;Coruna;Galicia;2002;May;Animalia;Aves;Threskiornithidae;Platalea;Platalea leucorodia;Espatula comun
-7.865;43.667;Ria de Ortigueira ;Coruna;Galicia;2002;Mar;Animalia;Aves;Podicipedidae;Podiceps;Podiceps auritus;Zampullin cuellirrojo
-7.865;43.667;Ria de Ortigueira ;Coruna;Galicia;2002;May;Animalia;Aves;Podicipedidae;Tachybaptus;Tachybaptus ruficollis;Zampullin comun
-7.865;43.667;Ria de Ortigueira ;Coruna;Galicia;2003;Mar;Animalia;Aves;Podicipedidae;Podiceps;Podiceps cristatus;Somormujo lavanco
-7.865;43.667;Ria de Ortigueira ;Coruna;Galicia;2003;Mar;Animalia;Aves;Podicipedidae;Podiceps;Podiceps auritus;Zampullin cuellirrojo
-7.865;43.667;Ria de Ortigueira ;Coruna;Galicia;2003;Mar;Animalia;Aves;Podicipedidae;Podiceps;Podiceps nigricollis;Zampullin cuellinegro
-7.865;43.667;Ria de Ortigueira ;Coruna;Galicia;2003;May;Animalia;Aves;Podicipedidae;Tachybaptus;Tachybaptus ruficollis;Zampullin comun
-7.865;43.667;Ria de Ortigueira ;Coruna;Galicia;2004;Mar;Animalia;Aves;Podicipedidae;Podiceps;Podiceps auritus;Zampullin cuellirrojo
-8.686;43.294;Tramo costero Cayon-Malpica (Incluye playa de Baldaio) ;Coruna;Galicia;2001;Mar;Animalia;Aves;Anatidae;Tadorna;Tadorna tadorna;Tarro blanco
-9.249;42.974;Tramo costero Tourinan-PuntaLouro ;Coruna;Galicia;2000;Mar;Animalia;Aves;Podicipedidae;Podiceps;Podiceps nigricollis;Zampullin cuellinegro
-8.101;43.651;Tramo PuntaSarridal-Laguna de Valdovino ;Coruna;Galicia;2000;May;Animalia;Aves;Podicipedidae;Tachybaptus;Tachybaptus ruficollis;Zampullin comun
-8.559;42.882;A Coruna;Coruna;Galicia;2013;Mar;Animalia;Amphibia;Salamandridae;Chioglossa;Chioglossa lusitanica;Gold-striped Salamander
-8.447;43.373;A Coruna;Coruna;Galicia;2014;Mar;Animalia;Amphibia;Alytidae;Discoglossus;Discoglossus galganoi;Iberian Painted Frog
-8.412;43.332;A Coruna;Coruna;Galicia;2018;Apr;Animalia;Amphibia;Salamandridae;Lissotriton;Lissotriton boscai;Bosca's Newt
-8.411;43.331;A Coruna;Coruna;Galicia;2018;Jul;Animalia;Amphibia;Bufonidae;Bufo;Bufo spinosus;Spiny Toad
-8.45;43.35;A Coruna;Coruna;Galicia;2019;Mar;Animalia;Amphibia;Salamandridae;Salamandra;Salamandra salamandra;Fire Salamander
-8.45;43.3;A Coruna;Coruna;Galicia;2020;May;Animalia;Amphibia;Salamandridae;Salamandra;Salamandra salamandra;Fire Salamander
-8.509;43.27;A Laracha;Coruna;Galicia;2016;Feb;Animalia;Amphibia;Salamandridae;Lissotriton;Lissotriton boscai;Bosca's Newt
-8.483;43.254;A Laracha;Coruna;Galicia;2019;Apr;Animalia;Amphibia;Salamandridae;Lissotriton;Lissotriton boscai;Bosca's Newt
-8.482;43.254;A Laracha;Coruna;Galicia;2019;Apr;Animalia;Amphibia;Salamandridae;Triturus;Triturus marmoratus;Marbled Newt
-8.601;43.305;A Laracha;Coruna;Galicia;2020;Feb;Animalia;Amphibia;Salamandridae;Lissotriton;Lissotriton boscai;Bosca's Newt
-8.6;43.25;A Laracha;Coruna;Galicia;2020;Feb;Animalia;Amphibia;Salamandridae;Salamandra;Salamandra salamandra;Fire Salamander
-8.597;43.283;A Laracha;Coruna;Galicia;2020;Feb;Animalia;Amphibia;Salamandridae;Lissotriton;Lissotriton boscai;Bosca's Newt
-8.5;43.25;A Laracha;Coruna;Galicia;2020;May;Animalia;Amphibia;Salamandridae;Salamandra;Salamandra salamandra;Fire Salamander
-8.482;43.254;A Laracha;Coruna;Galicia;2020;May;Animalia;Amphibia;Salamandridae;Lissotriton;Lissotriton boscai;Bosca's Newt
-8.482;43.254;A Laracha;Coruna;Galicia;2020;May;Animalia;Amphibia;Salamandridae;Triturus;Triturus marmoratus;Marbled Newt
-8.98;42.63;A Pobra do Caraminal;Coruna;Galicia;2009;Feb;Animalia;Amphibia;Salamandridae;Chioglossa;Chioglossa lusitanica;Gold-striped Salamander
-8.976;42.636;A Pobra do Caraminal;Coruna;Galicia;2009;Feb;Animalia;Amphibia;Bufonidae;Bufo;Bufo spinosus;Spiny Toad
-9.027;42.578;Complejo Lagunar costero de Corrubedo ;Coruna;Galicia;2005;May;Animalia;Aves;Threskiornithidae;Platalea;Platalea leucorodia;Espatula comun
-9.027;42.578;Complejo Lagunar costero de Corrubedo ;Coruna;Galicia;2005;May;Animalia;Aves;Podicipedidae;Tachybaptus;Tachybaptus ruficollis;Zampullin comun
-9.027;42.578;Complejo Lagunar costero de Corrubedo ;Coruna;Galicia;2008;May;Animalia;Aves;Podicipedidae;Tachybaptus;Tachybaptus ruficollis;Zampullin comun
-9.027;42.578;Complejo Lagunar costero de Corrubedo ;Coruna;Galicia;2010;May;Animalia;Aves;Podicipedidae;Tachybaptus;Tachybaptus ruficollis;Zampullin comun
-8.161;43.618;Complejo litoral de A Frouxeira ;Coruna;Galicia;2006;May;Animalia;Aves;Podicipedidae;Tachybaptus;Tachybaptus ruficollis;Zampullin comun
-8.161;43.618;Complejo litoral de A Frouxeira ;Coruna;Galicia;2007;May;Animalia;Aves;Threskiornithidae;Platalea;Platalea leucorodia;Espatula comun
-8.161;43.618;Complejo litoral de A Frouxeira ;Coruna;Galicia;2008;Mar;Animalia;Aves;Podicipedidae;Podiceps;Podiceps nigricollis;Zampullin cuellinegro
-8.161;43.618;Complejo litoral de A Frouxeira ;Coruna;Galicia;2008;Apr;Animalia;Aves;Anatidae;Netta;Netta rufina;Pato colorado
-8.161;43.618;Complejo litoral de A Frouxeira ;Coruna;Galicia;2008;Mar;Animalia;Aves;Podicipedidae;Podiceps;Podiceps auritus;Zampullin cuellirrojo
-8.161;43.618;Complejo litoral de A Frouxeira ;Coruna;Galicia;2008;May;Animalia;Aves;Podicipedidae;Tachybaptus;Tachybaptus ruficollis;Zampullin comun
-8.161;43.618;Complejo litoral de A Frouxeira ;Coruna;Galicia;2010;Mar;Animalia;Aves;Podicipedidae;Podiceps;Podiceps nigricollis;Zampullin cuellinegro
-8.273;43.279;Embalse de Cecebre ;Coruna;Galicia;2005;Mar;Animalia;Aves;Podicipedidae;Podiceps;Podiceps cristatus;Somormujo lavanco
-8.273;43.279;Embalse de Cecebre ;Coruna;Galicia;2005;May;Animalia;Aves;Podicipedidae;Tachybaptus;Tachybaptus ruficollis;Zampullin comun
-8.273;43.279;Embalse de Cecebre ;Coruna;Galicia;2006;Mar;Animalia;Aves;Podicipedidae;Podiceps;Podiceps cristatus;Somormujo lavanco
-8.273;43.279;Embalse de Cecebre ;Coruna;Galicia;2006;Mar;Animalia;Aves;Podicipedidae;Podiceps;Podiceps nigricollis;Zampullin cuellinegro
-8.273;43.279;Embalse de Cecebre ;Coruna;Galicia;2006;May;Animalia;Aves;Podicipedidae;Tachybaptus;Tachybaptus ruficollis;Zampullin comun
-8.273;43.279;Embalse de Cecebre ;Coruna;Galicia;2007;Mar;Animalia;Aves;Podicipedidae;Podiceps;Podiceps cristatus;Somormujo lavanco
-8.273;43.279;Embalse de Cecebre ;Coruna;Galicia;2008;Mar;Animalia;Aves;Podicipedidae;Podiceps;Podiceps cristatus;Somormujo lavanco
-8.273;43.279;Embalse de Cecebre ;Coruna;Galicia;2008;May;Animalia;Aves;Podicipedidae;Tachybaptus;Tachybaptus ruficollis;Zampullin comun
-8.273;43.279;Embalse de Cecebre ;Coruna;Galicia;2009;Mar;Animalia;Aves;Podicipedidae;Podiceps;Podiceps cristatus;Somormujo lavanco
-8.273;43.279;Embalse de Cecebre ;Coruna;Galicia;2010;Mar;Animalia;Aves;Podicipedidae;Podiceps;Podiceps cristatus;Somormujo lavanco
-8.273;43.279;Embalse de Cecebre ;Coruna;Galicia;2010;Mar;Animalia;Aves;Podicipedidae;Podiceps;Podiceps nigricollis;Zampullin cuellinegro
-8.273;43.279;Embalse de Cecebre ;Coruna;Galicia;2010;May;Animalia;Aves;Ardeidae;Ardea;Egretta alba;Garceta grande
-8.273;43.279;Embalse de Cecebre ;Coruna;Galicia;2010;May;Animalia;Aves;Podicipedidae;Tachybaptus;Tachybaptus ruficollis;Zampullin comun
-3.682;39.626;Embalse de Finisterre;Coruna;Galicia;2005;Mar;Animalia;Aves;Podicipedidae;Podiceps;Podiceps cristatus;Somormujo lavanco
-3.682;39.626;Embalse de Finisterre;Coruna;Galicia;2005;Mar;Animalia;Aves;Anatidae;Tadorna;Tadorna tadorna;Tarro blanco
-3.682;39.626;Embalse de Finisterre;Coruna;Galicia;2005;Apr;Animalia;Aves;Anatidae;Netta;Netta rufina;Pato colorado
-3.682;39.626;Embalse de Finisterre;Coruna;Galicia;2006;Mar;Animalia;Aves;Podicipedidae;Podiceps;Podiceps cristatus;Somormujo lavanco
-3.682;39.626;Embalse de Finisterre;Coruna;Galicia;2006;Mar;Animalia;Aves;Anatidae;Tadorna;Tadorna tadorna;Tarro blanco
-3.682;39.626;Embalse de Finisterre;Coruna;Galicia;2007;Mar;Animalia;Aves;Podicipedidae;Podiceps;Podiceps cristatus;Somormujo lavanco
-3.682;39.626;Embalse de Finisterre;Coruna;Galicia;2007;Apr;Animalia;Aves;Anatidae;Netta;Netta rufina;Pato colorado
-3.682;39.626;Embalse de Finisterre;Coruna;Galicia;2007;Mar;Animalia;Aves;Anatidae;Tadorna;Tadorna tadorna;Tarro blanco
-3.682;39.626;Embalse de Finisterre;Coruna;Galicia;2008;Mar;Animalia;Aves;Podicipedidae;Podiceps;Podiceps cristatus;Somormujo lavanco
-3.682;39.626;Embalse de Finisterre;Coruna;Galicia;2008;Mar;Animalia;Aves;Anatidae;Tadorna;Tadorna tadorna;Tarro blanco
-3.682;39.626;Embalse de Finisterre;Coruna;Galicia;2008;May;Animalia;Aves;Podicipedidae;Tachybaptus;Tachybaptus ruficollis;Zampullin comun
-3.682;39.626;Embalse de Finisterre;Coruna;Galicia;2009;Mar;Animalia;Aves;Podicipedidae;Podiceps;Podiceps cristatus;Somormujo lavanco
-3.682;39.626;Embalse de Finisterre;Coruna;Galicia;2009;Apr;Animalia;Aves;Anatidae;Netta;Netta rufina;Pato colorado
-3.682;39.626;Embalse de Finisterre;Coruna;Galicia;2009;Mar;Animalia;Aves;Anatidae;Tadorna;Tadorna tadorna;Tarro blanco
-3.682;39.626;Embalse de Finisterre;Coruna;Galicia;2010;Mar;Animalia;Aves;Podicipedidae;Podiceps;Podiceps cristatus;Somormujo lavanco
-3.682;39.626;Embalse de Finisterre;Coruna;Galicia;2010;Mar;Animalia;Aves;Anatidae;Tadorna;Tadorna tadorna;Tarro blanco
-3.682;39.626;Embalse de Finisterre;Coruna;Galicia;2011;Mar;Animalia;Aves;Podicipedidae;Podiceps;Podiceps cristatus;Somormujo lavanco
-3.682;39.626;Embalse de Finisterre;Coruna;Galicia;2012;Mar;Animalia;Aves;Podicipedidae;Podiceps;Podiceps cristatus;Somormujo lavanco
-3.682;39.626;Embalse de Finisterre;Coruna;Galicia;2012;Mar;Animalia;Aves;Anatidae;Tadorna;Tadorna tadorna;Tarro blanco
-3.682;39.626;Embalse de Finisterre;Coruna;Galicia;2012;Apr;Animalia;Aves;Anatidae;Netta;Netta rufina;Pato colorado
-9.162;43.123;Ria Camarinas-Muxia ;Coruna;Galicia;2005;Mar;Animalia;Aves;Podicipedidae;Podiceps;Podiceps cristatus;Somormujo lavanco
-9.162;43.123;Ria Camarinas-Muxia ;Coruna;Galicia;2005;Mar;Animalia;Aves;Podicipedidae;Podiceps;Podiceps nigricollis;Zampullin cuellinegro
-9.162;43.123;Ria Camarinas-Muxia ;Coruna;Galicia;2005;May;Animalia;Aves;Podicipedidae;Tachybaptus;Tachybaptus ruficollis;Zampullin comun
-9.162;43.123;Ria Camarinas-Muxia ;Coruna;Galicia;2006;Mar;Animalia;Aves;Podicipedidae;Podiceps;Podiceps nigricollis;Zampullin cuellinegro
-9.162;43.123;Ria Camarinas-Muxia ;Coruna;Galicia;2006;May;Animalia;Aves;Podicipedidae;Tachybaptus;Tachybaptus ruficollis;Zampullin comun
-9.162;43.123;Ria Camarinas-Muxia ;Coruna;Galicia;2008;Mar;Animalia;Aves;Podicipedidae;Podiceps;Podiceps cristatus;Somormujo lavanco
-9.162;43.123;Ria Camarinas-Muxia ;Coruna;Galicia;2008;Mar;Animalia;Aves;Podicipedidae;Podiceps;Podiceps nigricollis;Zampullin cuellinegro
-9.162;43.123;Ria Camarinas-Muxia ;Coruna;Galicia;2008;Mar;Animalia;Aves;Podicipedidae;Podiceps;Podiceps auritus;Zampullin cuellirrojo
-9.162;43.123;Ria Camarinas-Muxia ;Coruna;Galicia;2008;May;Animalia;Aves;Podicipedidae;Tachybaptus;Tachybaptus ruficollis;Zampullin comun
-9.162;43.123;Ria Camarinas-Muxia ;Coruna;Galicia;2009;Mar;Animalia;Aves;Podicipedidae;Podiceps;Podiceps cristatus;Somormujo lavanco
-9.162;43.123;Ria Camarinas-Muxia ;Coruna;Galicia;2010;Mar;Animalia;Aves;Podicipedidae;Podiceps;Podiceps cristatus;Somormujo lavanco
-9.162;43.123;Ria Camarinas-Muxia ;Coruna;Galicia;2010;May;Animalia;Aves;Podicipedidae;Tachybaptus;Tachybaptus ruficollis;Zampullin comun
-8.364;43.356;Ria de A Coruna ;Coruna;Galicia;2005;Mar;Animalia;Aves;Podicipedidae;Podiceps;Podiceps nigricollis;Zampullin cuellinegro
-8.364;43.356;Ria de A Coruna ;Coruna;Galicia;2005;May;Animalia;Aves;Threskiornithidae;Platalea;Platalea leucorodia;Espatula comun
-8.364;43.356;Ria de A Coruna ;Coruna;Galicia;2005;May;Animalia;Aves;Podicipedidae;Tachybaptus;Tachybaptus ruficollis;Zampullin comun
-8.364;43.356;Ria de A Coruna ;Coruna;Galicia;2006;May;Animalia;Aves;Threskiornithidae;Platalea;Platalea leucorodia;Espatula comun
-8.364;43.356;Ria de A Coruna ;Coruna;Galicia;2006;May;Animalia;Aves;Podicipedidae;Tachybaptus;Tachybaptus ruficollis;Zampullin comun
-8.364;43.356;Ria de A Coruna ;Coruna;Galicia;2008;May;Animalia;Aves;Threskiornithidae;Platalea;Platalea leucorodia;Espatula comun
-8.364;43.356;Ria de A Coruna ;Coruna;Galicia;2008;May;Animalia;Aves;Podicipedidae;Tachybaptus;Tachybaptus ruficollis;Zampullin comun
-8.364;43.356;Ria de A Coruna ;Coruna;Galicia;2009;May;Animalia;Aves;Threskiornithidae;Platalea;Platalea leucorodia;Espatula comun
-8.364;43.356;Ria de A Coruna ;Coruna;Galicia;2010;May;Animalia;Aves;Threskiornithidae;Platalea;Platalea leucorodia;Espatula comun
-8.364;43.356;Ria de A Coruna ;Coruna;Galicia;2010;May;Animalia;Aves;Podicipedidae;Tachybaptus;Tachybaptus ruficollis;Zampullin comun
-3.575;43.509;Ria de Ajo ;Coruna;Galicia;2006;May;Animalia;Aves;Podicipedidae;Tachybaptus;Tachybaptus ruficollis;Zampullin comun
-8.179;43.418;Ria de Ares-Betanzos ;Coruna;Galicia;2005;May;Animalia;Aves;Podicipedidae;Tachybaptus;Tachybaptus ruficollis;Zampullin comun
-8.179;43.418;Ria de Ares-Betanzos ;Coruna;Galicia;2006;May;Animalia;Aves;Podicipedidae;Tachybaptus;Tachybaptus ruficollis;Zampullin comun
-8.179;43.418;Ria de Ares-Betanzos ;Coruna;Galicia;2008;May;Animalia;Aves;Podicipedidae;Tachybaptus;Tachybaptus ruficollis;Zampullin comun
-8.179;43.418;Ria de Ares-Betanzos ;Coruna;Galicia;2009;Mar;Animalia;Aves;Anatidae;Tadorna;Tadorna tadorna;Tarro blanco
-8.179;43.418;Ria de Ares-Betanzos ;Coruna;Galicia;2010;Mar;Animalia;Aves;Podicipedidae;Podiceps;Podiceps nigricollis;Zampullin cuellinegro
-8.179;43.418;Ria de Ares-Betanzos ;Coruna;Galicia;2010;May;Animalia;Aves;Podicipedidae;Tachybaptus;Tachybaptus ruficollis;Zampullin comun
-8.07;43.655;Ria de Cedeira ;Coruna;Galicia;2008;May;Animalia;Aves;Podicipedidae;Tachybaptus;Tachybaptus ruficollis;Zampullin comun
-8.07;43.655;Ria de Cedeira ;Coruna;Galicia;2010;May;Animalia;Aves;Podicipedidae;Tachybaptus;Tachybaptus ruficollis;Zampullin comun
-8.178;43.489;Ria de Ferrol ;Coruna;Galicia;2006;Mar;Animalia;Aves;Podicipedidae;Podiceps;Podiceps auritus;Zampullin cuellirrojo
-8.178;43.489;Ria de Ferrol ;Coruna;Galicia;2006;Mar;Animalia;Aves;Podicipedidae;Podiceps;Podiceps nigricollis;Zampullin cuellinegro
-8.178;43.489;Ria de Ferrol ;Coruna;Galicia;2006;May;Animalia;Aves;Podicipedidae;Tachybaptus;Tachybaptus ruficollis;Zampullin comun
-8.178;43.489;Ria de Ferrol ;Coruna;Galicia;2007;May;Animalia;Aves;Threskiornithidae;Platalea;Platalea leucorodia;Espatula comun
-8.178;43.489;Ria de Ferrol ;Coruna;Galicia;2007;Mar;Animalia;Aves;Podicipedidae;Podiceps;Podiceps nigricollis;Zampullin cuellinegro
-8.178;43.489;Ria de Ferrol ;Coruna;Galicia;2008;Mar;Animalia;Aves;Podicipedidae;Podiceps;Podiceps nigricollis;Zampullin cuellinegro
-8.178;43.489;Ria de Ferrol ;Coruna;Galicia;2008;May;Animalia;Aves;Podicipedidae;Tachybaptus;Tachybaptus ruficollis;Zampullin comun
-8.178;43.489;Ria de Ferrol ;Coruna;Galicia;2009;Mar;Animalia;Aves;Podicipedidae;Podiceps;Podiceps nigricollis;Zampullin cuellinegro
-8.178;43.489;Ria de Ferrol ;Coruna;Galicia;2010;Mar;Animalia;Aves;Podicipedidae;Podiceps;Podiceps nigricollis;Zampullin cuellinegro
-8.178;43.489;Ria de Ferrol ;Coruna;Galicia;2010;May;Animalia;Aves;Ardeidae;Ardea;Egretta alba;Garceta grande
-8.828;42.466; A Lanzada;Coruna;Galicia;2019;Oct;Animalia;Actinopterygii;Anguillidae;Anguilla;Anguilla anguilla;European eel
-8.55;43.25;Arteixo;Coruna;Galicia;2014;Mar;Animalia;Mammalia;Mustelidae;Meles;Meles meles;Eurasian Badger
-8.55;43.3;Arteixo;Coruna;Galicia;2014;Apr;Animalia;Mammalia;Mustelidae;Meles;Meles meles;Eurasian Badger
-8.55;43.3;Arteixo;Coruna;Galicia;2015;Jun;Animalia;Mammalia;Mustelidae;Meles;Meles meles;Eurasian Badger
-8.6;43.3;Arteixo;Coruna;Galicia;2016;Mar;Animalia;Mammalia;Mustelidae;Meles;Meles meles;Eurasian Badger
-8.5;43.25;Arteixo;Coruna;Galicia;2016;Apr;Animalia;Mammalia;Mustelidae;Meles;Meles meles;Eurasian Badger
-8.55;43.25;Arteixo;Coruna;Galicia;2018;Mar;Animalia;Mammalia;Mustelidae;Meles;Meles meles;Eurasian Badger
-8.5;43.25;Arteixo;Coruna;Galicia;2018;Feb;Animalia;Mammalia;Mustelidae;Meles;Meles meles;Eurasian Badger
-8.5;43.25;Arteixo;Coruna;Galicia;2019;Mar;Animalia;Mammalia;Mustelidae;Meles;Meles meles;Eurasian Badger
-8.862;42.473;O Grove;Coruna;Galicia;2013;Aug;Animalia;Amphibia;Pelobatidae;Pelobates;Pelobates cultripes;Western Spadefoot
-8.91;42.47;O Grove;Coruna;Galicia;2016;Mar;Animalia;Amphibia;Pelobatidae;Pelobates;Pelobates cultripes;Western Spadefoot
-8.95;42.45;O Grove;Coruna;Galicia;2018;May;Animalia;Amphibia;Salamandridae;Salamandra;Salamandra salamandra;Fire Salamander
-8.9;42.45;O Grove;Coruna;Galicia;2018;May;Animalia;Amphibia;Salamandridae;Salamandra;Salamandra salamandra;Fire Salamander
-8.889;42.474;O Grove;Coruna;Galicia;2018;Mar;Animalia;Amphibia;Salamandridae;Lissotriton;Lissotriton boscai;Bosca's Newt
-8.889;42.474;O Grove;Coruna;Galicia;2018;Mar;Animalia;Amphibia;Salamandridae;Triturus;Triturus marmoratus;Marbled Newt
-8.889;42.473;O Grove;Coruna;Galicia;2018;May;Animalia;Amphibia;Bufonidae;Bufo;Bufo spinosus;Spiny Toad
-8.876;42.454;O Grove;Coruna;Galicia;2018;May;Animalia;Amphibia;Pelobatidae;Pelobates;Pelobates cultripes;Western Spadefoot
-8.88;42.489;O Grove;Coruna;Galicia;2019;May;Animalia;Amphibia;Salamandridae;Salamandra;Salamandra salamandra;Fire Salamander
-8.873;42.448;O Grove;Coruna;Galicia;2019;Feb;Animalia;Amphibia;Hylidae;Hyla;Hyla molleri;Iberian Tree Frog
-8.871;42.476;O Grove;Coruna;Galicia;2020;Apr;Animalia;Amphibia;Hylidae;Hyla;Hyla molleri;Iberian Tree Frog
-2.763;39.379;Balsa de riego Las Mesas (CU);Cuenca;Castilla y Leon;2000;Feb;Animalia;Aves;Podicipedidae;Tachybaptus;Tachybaptus ruficollis;Zampullin comun
-2.763;39.379;Balsa de riego Las Mesas (CU);Cuenca;Castilla y Leon;2002;Feb;Animalia;Aves;Podicipedidae;Tachybaptus;Tachybaptus ruficollis;Zampullin comun
-2.078;39.55;Contraembalse de Alarcon (CU);Cuenca;Castilla y Leon;2000;Feb;Animalia;Aves;Podicipedidae;Tachybaptus;Tachybaptus ruficollis;Zampullin comun
-2.078;39.55;Contraembalse de Alarcon (CU);Cuenca;Castilla y Leon;2001;Feb;Animalia;Aves;Podicipedidae;Tachybaptus;Tachybaptus ruficollis;Zampullin comun
-2.078;39.55;Contraembalse de Alarcon (CU);Cuenca;Castilla y Leon;2002;Feb;Animalia;Aves;Ardeidae;Nycticorax;Nycticorax nycticorax;Martinete comun
-2.078;39.55;Contraembalse de Alarcon (CU);Cuenca;Castilla y Leon;2002;Feb;Animalia;Aves;Podicipedidae;Tachybaptus;Tachybaptus ruficollis;Zampullin comun
-2.078;39.55;Contraembalse de Alarcon (CU);Cuenca;Castilla y Leon;2004;Feb;Animalia;Aves;Podicipedidae;Tachybaptus;Tachybaptus ruficollis;Zampullin comun
-2.15;39.603;Embalse de Alarcon (CU);Cuenca;Castilla y Leon;2000;Mar;Animalia;Aves;Podicipedidae;Podiceps;Podiceps cristatus;Somormujo lavanco
-2.15;39.603;Embalse de Alarcon (CU);Cuenca;Castilla y Leon;2000;Apr;Animalia;Aves;Anatidae;Netta;Netta rufina;Pato colorado
-2.15;39.603;Embalse de Alarcon (CU);Cuenca;Castilla y Leon;2000;Feb;Animalia;Aves;Podicipedidae;Tachybaptus;Tachybaptus ruficollis;Zampullin comun
-2.15;39.603;Embalse de Alarcon (CU);Cuenca;Castilla y Leon;2001;Mar;Animalia;Aves;Podicipedidae;Podiceps;Podiceps cristatus;Somormujo lavanco
-2.15;39.603;Embalse de Alarcon (CU);Cuenca;Castilla y Leon;2001;Mar;Animalia;Aves;Podicipedidae;Podiceps;Podiceps nigricollis;Zampullin cuellinegro
-2.15;39.603;Embalse de Alarcon (CU);Cuenca;Castilla y Leon;2001;Apr;Animalia;Aves;Anatidae;Netta;Netta rufina;Pato colorado
-2.15;39.603;Embalse de Alarcon (CU);Cuenca;Castilla y Leon;2001;Feb;Animalia;Aves;Podicipedidae;Tachybaptus;Tachybaptus ruficollis;Zampullin comun
-2.15;39.603;Embalse de Alarcon (CU);Cuenca;Castilla y Leon;2002;Mar;Animalia;Aves;Podicipedidae;Podiceps;Podiceps cristatus;Somormujo lavanco
-2.15;39.603;Embalse de Alarcon (CU);Cuenca;Castilla y Leon;2002;Feb;Animalia;Aves;Ardeidae;Nycticorax;Nycticorax nycticorax;Martinete comun
-2.15;39.603;Embalse de Alarcon (CU);Cuenca;Castilla y Leon;2003;Mar;Animalia;Aves;Podicipedidae;Podiceps;Podiceps cristatus;Somormujo lavanco
-2.15;39.603;Embalse de Alarcon (CU);Cuenca;Castilla y Leon;2004;Mar;Animalia;Aves;Podicipedidae;Podiceps;Podiceps cristatus;Somormujo lavanco
-2.15;39.603;Embalse de Alarcon (CU);Cuenca;Castilla y Leon;2004;Apr;Animalia;Aves;Anatidae;Netta;Netta rufina;Pato colorado
-2.15;39.603;Embalse de Alarcon (CU);Cuenca;Castilla y Leon;2004;Mar;Animalia;Aves;Podicipedidae;Podiceps;Podiceps nigricollis;Zampullin cuellinegro
-2.15;39.603;Embalse de Alarcon (CU);Cuenca;Castilla y Leon;2004;Feb;Animalia;Aves;Podicipedidae;Tachybaptus;Tachybaptus ruficollis;Zampullin comun
-2.717;40.398;Embalse de Buendia (CU);Cuenca;Castilla y Leon;2000;Mar;Animalia;Aves;Podicipedidae;Podiceps;Podiceps cristatus;Somormujo lavanco
-2.717;40.398;Embalse de Buendia (CU);Cuenca;Castilla y Leon;2000;Mar;Animalia;Aves;Podicipedidae;Podiceps;Podiceps nigricollis;Zampullin cuellinegro
-2.717;40.398;Embalse de Buendia (CU);Cuenca;Castilla y Leon;2000;Apr;Animalia;Aves;Anatidae;Netta;Netta rufina;Pato colorado
-2.717;40.398;Embalse de Buendia (CU);Cuenca;Castilla y Leon;2000;Feb;Animalia;Aves;Podicipedidae;Tachybaptus;Tachybaptus ruficollis;Zampullin comun
-2.717;40.398;Embalse de Buendia (CU);Cuenca;Castilla y Leon;2001;Mar;Animalia;Aves;Podicipedidae;Podiceps;Podiceps cristatus;Somormujo lavanco
-2.717;40.398;Embalse de Buendia (CU);Cuenca;Castilla y Leon;2001;Mar;Animalia;Aves;Podicipedidae;Podiceps;Podiceps nigricollis;Zampullin cuellinegro
-2.717;40.398;Embalse de Buendia (CU);Cuenca;Castilla y Leon;2001;Apr;Animalia;Aves;Anatidae;Netta;Netta rufina;Pato colorado
-2.717;40.398;Embalse de Buendia (CU);Cuenca;Castilla y Leon;2001;Feb;Animalia;Aves;Podicipedidae;Tachybaptus;Tachybaptus ruficollis;Zampullin comun
-2.717;40.398;Embalse de Buendia (CU);Cuenca;Castilla y Leon;2002;Mar;Animalia;Aves;Podicipedidae;Podiceps;Podiceps cristatus;Somormujo lavanco
-2.717;40.398;Embalse de Buendia (CU);Cuenca;Castilla y Leon;2002;Mar;Animalia;Aves;Podicipedidae;Podiceps;Podiceps nigricollis;Zampullin cuellinegro
-2.717;40.398;Embalse de Buendia (CU);Cuenca;Castilla y Leon;2002;Apr;Animalia;Aves;Anatidae;Netta;Netta rufina;Pato colorado
-2.717;40.398;Embalse de Buendia (CU);Cuenca;Castilla y Leon;2002;Mar;Animalia;Aves;Anatidae;Tadorna;Tadorna tadorna;Tarro blanco
-2.717;40.398;Embalse de Buendia (CU);Cuenca;Castilla y Leon;2002;Feb;Animalia;Aves;Ardeidae;Nycticorax;Nycticorax nycticorax;Martinete comun
-2.717;40.398;Embalse de Buendia (CU);Cuenca;Castilla y Leon;2002;Feb;Animalia;Aves;Podicipedidae;Tachybaptus;Tachybaptus ruficollis;Zampullin comun
-2.717;40.398;Embalse de Buendia (CU);Cuenca;Castilla y Leon;2003;Mar;Animalia;Aves;Podicipedidae;Podiceps;Podiceps cristatus;Somormujo lavanco
-2.717;40.398;Embalse de Buendia (CU);Cuenca;Castilla y Leon;2003;Apr;Animalia;Aves;Anatidae;Netta;Netta rufina;Pato colorado
-2.717;40.398;Embalse de Buendia (CU);Cuenca;Castilla y Leon;2004;Mar;Animalia;Aves;Podicipedidae;Podiceps;Podiceps cristatus;Somormujo lavanco
-2.717;40.398;Embalse de Buendia (CU);Cuenca;Castilla y Leon;2004;Mar;Animalia;Aves;Podicipedidae;Podiceps;Podiceps nigricollis;Zampullin cuellinegro
-2.717;40.398;Embalse de Buendia (CU);Cuenca;Castilla y Leon;2004;Apr;Animalia;Aves;Anatidae;Netta;Netta rufina;Pato colorado
-1.521;39.596;Embalse de Contreras (CU-V);Cuenca;Castilla y Leon;2000;Mar;Animalia;Aves;Podicipedidae;Podiceps;Podiceps cristatus;Somormujo lavanco
-1.521;39.596;Embalse de Contreras (CU-V);Cuenca;Castilla y Leon;2000;Feb;Animalia;Aves;Podicipedidae;Tachybaptus;Tachybaptus ruficollis;Zampullin comun
-1.521;39.596;Embalse de Contreras (CU-V);Cuenca;Castilla y Leon;2003;Mar;Animalia;Aves;Podicipedidae;Podiceps;Podiceps cristatus;Somormujo lavanco
-2.081;39.476;Embalse de El Picazo (CU);Cuenca;Castilla y Leon;2000;Feb;Animalia;Aves;Podicipedidae;Tachybaptus;Tachybaptus ruficollis;Zampullin comun
-2.081;39.476;Embalse de El Picazo (CU);Cuenca;Castilla y Leon;2001;Feb;Animalia;Aves;Podicipedidae;Tachybaptus;Tachybaptus ruficollis;Zampullin comun
-2.081;39.476;Embalse de El Picazo (CU);Cuenca;Castilla y Leon;2002;Feb;Animalia;Aves;Podicipedidae;Tachybaptus;Tachybaptus ruficollis;Zampullin comun
-2.081;39.476;Embalse de El Picazo (CU);Cuenca;Castilla y Leon;2002;Feb;Animalia;Aves;Ardeidae;Nycticorax;Nycticorax nycticorax;Martinete comun
-2.081;39.476;Embalse de El Picazo (CU);Cuenca;Castilla y Leon;2004;Feb;Animalia;Aves;Podicipedidae;Tachybaptus;Tachybaptus ruficollis;Zampullin comun
-2.374;40.482;Embalse de la Ruidera (CU);Cuenca;Castilla y Leon;2000;Feb;Animalia;Aves;Podicipedidae;Tachybaptus;Tachybaptus ruficollis;Zampullin comun
-2.374;40.482;Embalse de la Ruidera (CU);Cuenca;Castilla y Leon;2001;Feb;Animalia;Aves;Podicipedidae;Tachybaptus;Tachybaptus ruficollis;Zampullin comun
-2.374;40.482;Embalse de la Ruidera (CU);Cuenca;Castilla y Leon;2002;Feb;Animalia;Aves;Ardeidae;Nycticorax;Nycticorax nycticorax;Martinete comun
-1.914;40.208;Embalse de la Toba (CU);Cuenca;Castilla y Leon;2000;Feb;Animalia;Aves;Podicipedidae;Tachybaptus;Tachybaptus ruficollis;Zampullin comun
-1.914;40.208;Embalse de la Toba (CU);Cuenca;Castilla y Leon;2001;Mar;Animalia;Aves;Podicipedidae;Podiceps;Podiceps cristatus;Somormujo lavanco
-1.914;40.208;Embalse de la Toba (CU);Cuenca;Castilla y Leon;2001;Feb;Animalia;Aves;Podicipedidae;Tachybaptus;Tachybaptus ruficollis;Zampullin comun
-1.914;40.208;Embalse de la Toba (CU);Cuenca;Castilla y Leon;2002;Feb;Animalia;Aves;Podicipedidae;Tachybaptus;Tachybaptus ruficollis;Zampullin comun
-1.914;40.208;Embalse de la Toba (CU);Cuenca;Castilla y Leon;2002;Feb;Animalia;Aves;Ardeidae;Nycticorax;Nycticorax nycticorax;Martinete comun
-1.914;40.208;Embalse de la Toba (CU);Cuenca;Castilla y Leon;2004;Mar;Animalia;Aves;Podicipedidae;Podiceps;Podiceps cristatus;Somormujo lavanco
-1.914;40.208;Embalse de la Toba (CU);Cuenca;Castilla y Leon;2004;Feb;Animalia;Aves;Podicipedidae;Tachybaptus;Tachybaptus ruficollis;Zampullin comun
-2.047;40.51;Embalse de La Tosca (CU);Cuenca;Castilla y Leon;2000;Apr;Animalia;Aves;Anatidae;Netta;Netta rufina;Pato colorado
-2.047;40.51;Embalse de La Tosca (CU);Cuenca;Castilla y Leon;2000;Feb;Animalia;Aves;Podicipedidae;Tachybaptus;Tachybaptus ruficollis;Zampullin comun
-2.047;40.51;Embalse de La Tosca (CU);Cuenca;Castilla y Leon;2001;Feb;Animalia;Aves;Podicipedidae;Tachybaptus;Tachybaptus ruficollis;Zampullin comun
-2.047;40.51;Embalse de La Tosca (CU);Cuenca;Castilla y Leon;2002;Feb;Animalia;Aves;Ardeidae;Nycticorax;Nycticorax nycticorax;Martinete comun
-2.047;40.51;Embalse de La Tosca (CU);Cuenca;Castilla y Leon;2003;Apr;Animalia;Aves;Anatidae;Netta;Netta rufina;Pato colorado
-2.047;40.51;Embalse de La Tosca (CU);Cuenca;Castilla y Leon;2004;Feb;Animalia;Aves;Podicipedidae;Tachybaptus;Tachybaptus ruficollis;Zampullin comun
-2.17;40.551;Embalse de Molino de Chincha (CU);Cuenca;Castilla y Leon;2000;Feb;Animalia;Aves;Podicipedidae;Tachybaptus;Tachybaptus ruficollis;Zampullin comun
-2.17;40.551;Embalse de Molino de Chincha (CU);Cuenca;Castilla y Leon;2001;Feb;Animalia;Aves;Podicipedidae;Tachybaptus;Tachybaptus ruficollis;Zampullin comun
-2.17;40.551;Embalse de Molino de Chincha (CU);Cuenca;Castilla y Leon;2002;Feb;Animalia;Aves;Podicipedidae;Tachybaptus;Tachybaptus ruficollis;Zampullin comun
-2.17;40.551;Embalse de Molino de Chincha (CU);Cuenca;Castilla y Leon;2002;Feb;Animalia;Aves;Ardeidae;Nycticorax;Nycticorax nycticorax;Martinete comun
-2.17;40.551;Embalse de Molino de Chincha (CU);Cuenca;Castilla y Leon;2004;Feb;Animalia;Aves;Podicipedidae;Tachybaptus;Tachybaptus ruficollis;Zampullin comun
-2.133;39.999;Laguna de Arcas (CU);Cuenca;Castilla y Leon;2000;Feb;Animalia;Aves;Podicipedidae;Tachybaptus;Tachybaptus ruficollis;Zampullin comun
-2.133;39.999;Laguna de Arcas (CU);Cuenca;Castilla y Leon;2001;Feb;Animalia;Aves;Podicipedidae;Tachybaptus;Tachybaptus ruficollis;Zampullin comun
-2.133;39.999;Laguna de Arcas (CU);Cuenca;Castilla y Leon;2002;Feb;Animalia;Aves;Podicipedidae;Tachybaptus;Tachybaptus ruficollis;Zampullin comun
-2.133;39.999;Laguna de Arcas (CU);Cuenca;Castilla y Leon;2004;Feb;Animalia;Aves;Podicipedidae;Tachybaptus;Tachybaptus ruficollis;Zampullin comun
-2.343;40.537;Laguna de El Cerrato (CU);Cuenca;Castilla y Leon;2001;Feb;Animalia;Aves;Podicipedidae;Tachybaptus;Tachybaptus ruficollis;Zampullin comun
-2.696;39.871;Laguna de El Hito (CU);Cuenca;Castilla y Leon;2000;Mar;Animalia;Aves;Anatidae;Tadorna;Tadorna tadorna;Tarro blanco
-2.696;39.871;Laguna de El Hito (CU);Cuenca;Castilla y Leon;2001;Mar;Animalia;Aves;Anatidae;Tadorna;Tadorna tadorna;Tarro blanco
-2.696;39.871;Laguna de El Hito (CU);Cuenca;Castilla y Leon;2001;Apr;Animalia;Aves;Anatidae;Netta;Netta rufina;Pato colorado
-2.696;39.871;Laguna de El Hito (CU);Cuenca;Castilla y Leon;2004;Apr;Animalia;Aves;Anatidae;Netta;Netta rufina;Pato colorado
-2.696;39.871;Laguna de El Hito (CU);Cuenca;Castilla y Leon;2004;Mar;Animalia;Aves;Anatidae;Tadorna;Tadorna tadorna;Tarro blanco
-2.04;39.971;Laguna de Fuentes (CU);Cuenca;Castilla y Leon;2000;Feb;Animalia;Aves;Podicipedidae;Tachybaptus;Tachybaptus ruficollis;Zampullin comun
-2.04;39.971;Laguna de Fuentes (CU);Cuenca;Castilla y Leon;2001;Feb;Animalia;Aves;Podicipedidae;Tachybaptus;Tachybaptus ruficollis;Zampullin comun
-2.04;39.971;Laguna de Fuentes (CU);Cuenca;Castilla y Leon;2002;Feb;Animalia;Aves;Ardeidae;Nycticorax;Nycticorax nycticorax;Martinete comun
-2.04;39.971;Laguna de Fuentes (CU);Cuenca;Castilla y Leon;2002;Feb;Animalia;Aves;Podicipedidae;Tachybaptus;Tachybaptus ruficollis;Zampullin comun
-2.04;39.971;Laguna de Fuentes (CU);Cuenca;Castilla y Leon;2004;Feb;Animalia;Aves;Podicipedidae;Tachybaptus;Tachybaptus ruficollis;Zampullin comun
-2.865;39.418;Laguna de Manjavacas (CU);Cuenca;Castilla y Leon;2000;Mar;Animalia;Aves;Anatidae;Tadorna;Tadorna tadorna;Tarro blanco
-2.865;39.418;Laguna de Manjavacas (CU);Cuenca;Castilla y Leon;2001;Sep;Animalia;Aves;Anatidae;Netta;Netta rufina;Pato colorado
-2.865;39.418;Laguna de Manjavacas (CU);Cuenca;Castilla y Leon;2001;Mar;Animalia;Aves;Anatidae;Tadorna;Tadorna tadorna;Tarro blanco
-2.865;39.418;Laguna de Manjavacas (CU);Cuenca;Castilla y Leon;2002;Mar;Animalia;Aves;Anatidae;Tadorna;Tadorna tadorna;Tarro blanco
-2.865;39.418;Laguna de Manjavacas (CU);Cuenca;Castilla y Leon;2002;Sep;Animalia;Aves;Anatidae;Netta;Netta rufina;Pato colorado
-2.865;39.418;Laguna de Manjavacas (CU);Cuenca;Castilla y Leon;2003;Mar;Animalia;Aves;Anatidae;Tadorna;Tadorna tadorna;Tarro blanco
-2.865;39.418;Laguna de Manjavacas (CU);Cuenca;Castilla y Leon;2004;Sep;Animalia;Aves;Anatidae;Netta;Netta rufina;Pato colorado
-2.865;39.418;Laguna de Manjavacas (CU);Cuenca;Castilla y Leon;2004;Mar;Animalia;Aves;Anatidae;Tadorna;Tadorna tadorna;Tarro blanco
-2.865;39.418;Laguna de Manjavacas (CU);Cuenca;Castilla y Leon;2004;Mar;Animalia;Aves;Podicipedidae;Podiceps;Podiceps nigricollis;Zampullin cuellinegro
-1.665;40.191;Laguna de Marquesado (CU);Cuenca;Castilla y Leon;2000;Feb;Animalia;Aves;Podicipedidae;Tachybaptus;Tachybaptus ruficollis;Zampullin comun
-1.665;40.191;Laguna de Marquesado (CU);Cuenca;Castilla y Leon;2001;Feb;Animalia;Aves;Podicipedidae;Tachybaptus;Tachybaptus ruficollis;Zampullin comun
-1.665;40.191;Laguna de Marquesado (CU);Cuenca;Castilla y Leon;2002;Feb;Animalia;Aves;Podicipedidae;Tachybaptus;Tachybaptus ruficollis;Zampullin comun
-1.665;40.191;Laguna de Marquesado (CU);Cuenca;Castilla y Leon;2002;Feb;Animalia;Aves;Ardeidae;Nycticorax;Nycticorax nycticorax;Martinete comun
-2.739;39.369;Laguna de Navahonda (CU);Cuenca;Castilla y Leon;2000;Feb;Animalia;Aves;Podicipedidae;Tachybaptus;Tachybaptus ruficollis;Zampullin comun
-1.282;39.85;Laguna de Talayuelas (CU);Cuenca;Castilla y Leon;2001;Feb;Animalia;Aves;Podicipedidae;Tachybaptus;Tachybaptus ruficollis;Zampullin comun
-1.976;40.227;Laguna de Una (CU);Cuenca;Castilla y Leon;2000;Feb;Animalia;Aves;Podicipedidae;Tachybaptus;Tachybaptus ruficollis;Zampullin comun
-1.976;40.227;Laguna de Una (CU);Cuenca;Castilla y Leon;2001;Feb;Animalia;Aves;Podicipedidae;Tachybaptus;Tachybaptus ruficollis;Zampullin comun
-1.976;40.227;Laguna de Una (CU);Cuenca;Castilla y Leon;2002;Feb;Animalia;Aves;Ardeidae;Nycticorax;Nycticorax nycticorax;Martinete comun
-1.976;40.227;Laguna de Una (CU);Cuenca;Castilla y Leon;2002;Feb;Animalia;Aves;Podicipedidae;Tachybaptus;Tachybaptus ruficollis;Zampullin comun
-1.976;40.227;Laguna de Una (CU);Cuenca;Castilla y Leon;2004;Feb;Animalia;Aves;Podicipedidae;Tachybaptus;Tachybaptus ruficollis;Zampullin comun
-2.714;39.41;Laguna del Taray Chico (CU);Cuenca;Castilla y Leon;2000;Feb;Animalia;Aves;Podicipedidae;Tachybaptus;Tachybaptus ruficollis;Zampullin comun
-2.714;39.41;Laguna del Taray Chico (CU);Cuenca;Castilla y Leon;2002;Feb;Animalia;Aves;Podicipedidae;Tachybaptus;Tachybaptus ruficollis;Zampullin comun
-2.714;39.41;Laguna del Taray Chico (CU);Cuenca;Castilla y Leon;2004;Feb;Animalia;Aves;Podicipedidae;Tachybaptus;Tachybaptus ruficollis;Zampullin comun
-2.048;40.546;Laguna Grande de El Tobar (CU);Cuenca;Castilla y Leon;2000;Feb;Animalia;Aves;Podicipedidae;Tachybaptus;Tachybaptus ruficollis;Zampullin comun
-2.048;40.546;Laguna Grande de El Tobar (CU);Cuenca;Castilla y Leon;2001;Feb;Animalia;Aves;Podicipedidae;Tachybaptus;Tachybaptus ruficollis;Zampullin comun
-2.048;40.546;Laguna Grande de El Tobar (CU);Cuenca;Castilla y Leon;2002;Feb;Animalia;Aves;Podicipedidae;Tachybaptus;Tachybaptus ruficollis;Zampullin comun
-2.048;40.546;Laguna Grande de El Tobar (CU);Cuenca;Castilla y Leon;2002;Feb;Animalia;Aves;Ardeidae;Nycticorax;Nycticorax nycticorax;Martinete comun
-2.048;40.546;Laguna Grande de El Tobar (CU);Cuenca;Castilla y Leon;2004;Feb;Animalia;Aves;Podicipedidae;Tachybaptus;Tachybaptus ruficollis;Zampullin comun
-2.058;40.548;Laguna Pequena de El Tobar (CU);Cuenca;Castilla y Leon;2004;Feb;Animalia;Aves;Podicipedidae;Tachybaptus;Tachybaptus ruficollis;Zampullin comun
-1.893;40.429;Nacimiento del Rio Cuervo;Cuenca;Castilla y Leon;2019;Jul;Animalia;Actinopterygii;Salmonidae;Salmo;Salmo trutta;Atlantic trout
-2.144;40.064;Rio Jucar, Cuenca (CU);Cuenca;Castilla y Leon;2002;Feb;Animalia;Aves;Ardeidae;Nycticorax;Nycticorax nycticorax;Martinete comun
-3.07;40.158;Rio Tajo, Barajas de Melo (CU);Cuenca;Castilla y Leon;2000;Mar;Animalia;Aves;Podicipedidae;Podiceps;Podiceps cristatus;Somormujo lavanco
-3.07;40.158;Rio Tajo, Barajas de Melo (CU);Cuenca;Castilla y Leon;2000;Feb;Animalia;Aves;Podicipedidae;Tachybaptus;Tachybaptus ruficollis;Zampullin comun
-2.828;39.361;Rio Zancara-Muleteros, Las Mesas (CU);Cuenca;Castilla y Leon;2000;Feb;Animalia;Aves;Podicipedidae;Tachybaptus;Tachybaptus ruficollis;Zampullin comun
-2.828;39.361;Rio Zancara-Muleteros, Las Mesas (CU);Cuenca;Castilla y Leon;2001;Feb;Animalia;Aves;Podicipedidae;Tachybaptus;Tachybaptus ruficollis;Zampullin comun
-2.828;39.361;Rio Zancara-Muleteros, Las Mesas (CU);Cuenca;Castilla y Leon;2002;Feb;Animalia;Aves;Ardeidae;Nycticorax;Nycticorax nycticorax;Martinete comun
-2.828;39.361;Rio Zancara-Muleteros, Las Mesas (CU);Cuenca;Castilla y Leon;2004;Feb;Animalia;Aves;Podicipedidae;Tachybaptus;Tachybaptus ruficollis;Zampullin comun
-2.815;40.365;Salto de Bolarque (CU);Cuenca;Castilla y Leon;2000;Feb;Animalia;Aves;Podicipedidae;Tachybaptus;Tachybaptus ruficollis;Zampullin comun
-2.815;40.365;Salto de Bolarque (CU);Cuenca;Castilla y Leon;2001;Feb;Animalia;Aves;Podicipedidae;Tachybaptus;Tachybaptus ruficollis;Zampullin comun
-1.698;40.321;Valdecabriel - Las Tejeras;Cuenca;Castilla y Leon;2019;May;Animalia;Amphibia;Hylidae;Hyla;Hyla molleri;Iberian Tree Frog
-2.15;39.603;Embalse de Alarcon (CU);Cuenca;Castilla y Leon;2005;Mar;Animalia;Aves;Podicipedidae;Podiceps;Podiceps cristatus;Somormujo lavanco
-2.15;39.603;Embalse de Alarcon (CU);Cuenca;Castilla y Leon;2006;Mar;Animalia;Aves;Podicipedidae;Podiceps;Podiceps cristatus;Somormujo lavanco
-2.15;39.603;Embalse de Alarcon (CU);Cuenca;Castilla y Leon;2006;Sep;Animalia;Aves;Anatidae;Netta;Netta rufina;Pato colorado
-2.15;39.603;Embalse de Alarcon (CU);Cuenca;Castilla y Leon;2006;Mar;Animalia;Aves;Anatidae;Tadorna;Tadorna tadorna;Tarro blanco
-2.15;39.603;Embalse de Alarcon (CU);Cuenca;Castilla y Leon;2007;Mar;Animalia;Aves;Podicipedidae;Podiceps;Podiceps cristatus;Somormujo lavanco
-2.15;39.603;Embalse de Alarcon (CU);Cuenca;Castilla y Leon;2007;Mar;Animalia;Aves;Podicipedidae;Podiceps;Podiceps nigricollis;Zampullin cuellinegro
-2.15;39.603;Embalse de Alarcon (CU);Cuenca;Castilla y Leon;2008;Mar;Animalia;Aves;Podicipedidae;Podiceps;Podiceps cristatus;Somormujo lavanco
-2.15;39.603;Embalse de Alarcon (CU);Cuenca;Castilla y Leon;2009;Mar;Animalia;Aves;Podicipedidae;Podiceps;Podiceps cristatus;Somormujo lavanco
-2.15;39.603;Embalse de Alarcon (CU);Cuenca;Castilla y Leon;2009;Mar;Animalia;Aves;Podicipedidae;Podiceps;Podiceps nigricollis;Zampullin cuellinegro
-2.15;39.603;Embalse de Alarcon (CU);Cuenca;Castilla y Leon;2009;Sep;Animalia;Aves;Anatidae;Netta;Netta rufina;Pato colorado
-2.15;39.603;Embalse de Alarcon (CU);Cuenca;Castilla y Leon;2009;Mar;Animalia;Aves;Anatidae;Tadorna;Tadorna tadorna;Tarro blanco
-2.15;39.603;Embalse de Alarcon (CU);Cuenca;Castilla y Leon;2010;Mar;Animalia;Aves;Podicipedidae;Podiceps;Podiceps cristatus;Somormujo lavanco
-2.15;39.603;Embalse de Alarcon (CU);Cuenca;Castilla y Leon;2011;Mar;Animalia;Aves;Podicipedidae;Podiceps;Podiceps cristatus;Somormujo lavanco
-2.15;39.603;Embalse de Alarcon (CU);Cuenca;Castilla y Leon;2011;Sep;Animalia;Aves;Anatidae;Netta;Netta rufina;Pato colorado
-2.15;39.603;Embalse de Alarcon (CU);Cuenca;Castilla y Leon;2011;Mar;Animalia;Aves;Anatidae;Tadorna;Tadorna tadorna;Tarro blanco
-2.15;39.603;Embalse de Alarcon (CU);Cuenca;Castilla y Leon;2011;Mar;Animalia;Aves;Podicipedidae;Podiceps;Podiceps nigricollis;Zampullin cuellinegro
-2.15;39.603;Embalse de Alarcon (CU);Cuenca;Castilla y Leon;2012;Mar;Animalia;Aves;Podicipedidae;Podiceps;Podiceps cristatus;Somormujo lavanco
-2.15;39.603;Embalse de Alarcon (CU);Cuenca;Castilla y Leon;2012;Mar;Animalia;Aves;Podicipedidae;Podiceps;Podiceps nigricollis;Zampullin cuellinegro
-2.15;39.603;Embalse de Alarcon (CU);Cuenca;Castilla y Leon;2012;Sep;Animalia;Aves;Anatidae;Netta;Netta rufina;Pato colorado
-2.717;40.398;Embalse de Buendia (CU);Cuenca;Castilla y Leon;2005;Mar;Animalia;Aves;Podicipedidae;Podiceps;Podiceps cristatus;Somormujo lavanco
-2.717;40.398;Embalse de Buendia (CU);Cuenca;Castilla y Leon;2005;Mar;Animalia;Aves;Podicipedidae;Podiceps;Podiceps nigricollis;Zampullin cuellinegro
-2.717;40.398;Embalse de Buendia (CU);Cuenca;Castilla y Leon;2005;Sep;Animalia;Aves;Anatidae;Netta;Netta rufina;Pato colorado
-2.717;40.398;Embalse de Buendia (CU);Cuenca;Castilla y Leon;2006;Mar;Animalia;Aves;Podicipedidae;Podiceps;Podiceps cristatus;Somormujo lavanco
-2.717;40.398;Embalse de Buendia (CU);Cuenca;Castilla y Leon;2006;Mar;Animalia;Aves;Anatidae;Tadorna;Tadorna tadorna;Tarro blanco
-2.717;40.398;Embalse de Buendia (CU);Cuenca;Castilla y Leon;2006;Sep;Animalia;Aves;Anatidae;Netta;Netta rufina;Pato colorado
-2.717;40.398;Embalse de Buendia (CU);Cuenca;Castilla y Leon;2006;Mar;Animalia;Aves;Podicipedidae;Podiceps;Podiceps nigricollis;Zampullin cuellinegro
-2.717;40.398;Embalse de Buendia (CU);Cuenca;Castilla y Leon;2007;Mar;Animalia;Aves;Podicipedidae;Podiceps;Podiceps cristatus;Somormujo lavanco
-2.717;40.398;Embalse de Buendia (CU);Cuenca;Castilla y Leon;2007;Mar;Animalia;Aves;Podicipedidae;Podiceps;Podiceps nigricollis;Zampullin cuellinegro
-2.717;40.398;Embalse de Buendia (CU);Cuenca;Castilla y Leon;2007;Sep;Animalia;Aves;Anatidae;Netta;Netta rufina;Pato colorado
-2.717;40.398;Embalse de Buendia (CU);Cuenca;Castilla y Leon;2008;Mar;Animalia;Aves;Podicipedidae;Podiceps;Podiceps cristatus;Somormujo lavanco
-2.717;40.398;Embalse de Buendia (CU);Cuenca;Castilla y Leon;2008;Mar;Animalia;Aves;Podicipedidae;Podiceps;Podiceps nigricollis;Zampullin cuellinegro
-2.717;40.398;Embalse de Buendia (CU);Cuenca;Castilla y Leon;2008;Mar;Animalia;Aves;Anatidae;Tadorna;Tadorna tadorna;Tarro blanco
-2.717;40.398;Embalse de Buendia (CU);Cuenca;Castilla y Leon;2008;Sep;Animalia;Aves;Anatidae;Netta;Netta rufina;Pato colorado
-2.717;40.398;Embalse de Buendia (CU);Cuenca;Castilla y Leon;2008;Feb;Animalia;Aves;Podicipedidae;Tachybaptus;Tachybaptus ruficollis;Zampullin comun
-2.717;40.398;Embalse de Buendia (CU);Cuenca;Castilla y Leon;2009;Mar;Animalia;Aves;Podicipedidae;Podiceps;Podiceps cristatus;Somormujo lavanco
-2.717;40.398;Embalse de Buendia (CU);Cuenca;Castilla y Leon;2009;Mar;Animalia;Aves;Podicipedidae;Podiceps;Podiceps nigricollis;Zampullin cuellinegro
-2.717;40.398;Embalse de Buendia (CU);Cuenca;Castilla y Leon;2009;Sep;Animalia;Aves;Anatidae;Netta;Netta rufina;Pato colorado
-2.717;40.398;Embalse de Buendia (CU);Cuenca;Castilla y Leon;2009;Mar;Animalia;Aves;Anatidae;Tadorna;Tadorna tadorna;Tarro blanco
-2.717;40.398;Embalse de Buendia (CU);Cuenca;Castilla y Leon;2011;Mar;Animalia;Aves;Podicipedidae;Podiceps;Podiceps cristatus;Somormujo lavanco
-2.717;40.398;Embalse de Buendia (CU);Cuenca;Castilla y Leon;2011;Sep;Animalia;Aves;Anatidae;Netta;Netta rufina;Pato colorado
-2.717;40.398;Embalse de Buendia (CU);Cuenca;Castilla y Leon;2011;Mar;Animalia;Aves;Anatidae;Tadorna;Tadorna tadorna;Tarro blanco
-2.717;40.398;Embalse de Buendia (CU);Cuenca;Castilla y Leon;2011;Mar;Animalia;Aves;Podicipedidae;Podiceps;Podiceps nigricollis;Zampullin cuellinegro
-4.243;39.392;Embalse de La Torre de Abraham ;Cuidad Real;Castilla y Leon;2003;Mar;Animalia;Aves;Podicipedidae;Podiceps;Podiceps cristatus;Somormujo lavanco
-14.156;28.399;Espagne, Fuerteventura, Ajuy;Fuerteventura;Islas Canarias;2002;Mar;Animalia;Aves;Fringillidae;Bucanetes;Bucanetes githagineus;Trumpeter Finch
-14.031;28.51;Espagne, Fuerteventura, Barranco de Los Molinos;Fuerteventura;Islas Canarias;2002;Mar;Animalia;Aves;Fringillidae;Bucanetes;Bucanetes githagineus;Trumpeter Finch
-14.031;28.51;Espagne, Fuerteventura, Barranco de Los Molinos;Fuerteventura;Islas Canarias;2002;Jul;Animalia;Aves;Upupidae;Upupa;Upupa epops;Eurasian Hoopoe
-13.923;28.488;Espagne, Fuerteventura, carrefour FV-FV225;Fuerteventura;Islas Canarias;2002;Mar;Animalia;Aves;Fringillidae;Bucanetes;Bucanetes githagineus;Trumpeter Finch
-13.923;28.488;Espagne, Fuerteventura, carrefour FV-FV225;Fuerteventura;Islas Canarias;2002;Jul;Animalia;Aves;Upupidae;Upupa;Upupa epops;Eurasian Hoopoe
-14.019;28.296;Espagne, Fuerteventura, Catalina garcia;Fuerteventura;Islas Canarias;2002;Jul;Animalia;Aves;Upupidae;Upupa;Upupa epops;Eurasian Hoopoe
-14.019;28.296;Espagne, Fuerteventura, Catalina garcia;Fuerteventura;Islas Canarias;2002;Jun;Animalia;Aves;Hirundinidae;Hirundo;Hirundo rustica;Barn Swallow
-14.019;28.296;Espagne, Fuerteventura, Catalina garcia;Fuerteventura;Islas Canarias;2002;Feb;Animalia;Aves;Phasianidae;Alectoris;Alectoris barbara;Barbary Partridge
-13.868;28.425;Espagne, Fuerteventura, el Matoral;Fuerteventura;Islas Canarias;2002;Jun;Animalia;Aves;Hirundinidae;Hirundo;Hirundo rustica;Barn Swallow
-14.125;28.389;Espagne, Fuerteventura, entre Ajuy et Pajara;Fuerteventura;Islas Canarias;2002;Mar;Animalia;Aves;Fringillidae;Bucanetes;Bucanetes githagineus;Trumpeter Finch
-14.125;28.389;Espagne, Fuerteventura, entre Ajuy et Pajara;Fuerteventura;Islas Canarias;2002;Jul;Animalia;Aves;Upupidae;Upupa;Upupa epops;Eurasian Hoopoe
-14.125;28.389;Espagne, Fuerteventura, entre Ajuy et Pajara;Fuerteventura;Islas Canarias;2002;Feb;Animalia;Aves;Phasianidae;Alectoris;Alectoris barbara;Barbary Partridge
-13.912;28.407;Espagne, Fuerteventura, entre Triquivijate et la FV2;Fuerteventura;Islas Canarias;2002;Mar;Animalia;Aves;Fringillidae;Bucanetes;Bucanetes githagineus;Trumpeter Finch
-14.037;28.455;Espagne, Fuerteventura, entre Vega et Santa Ines (FV30);Fuerteventura;Islas Canarias;2002;Jul;Animalia;Aves;Upupidae;Upupa;Upupa epops;Eurasian Hoopoe
-14.084;28.344;Espagne, Fuerteventura, Pajara;Fuerteventura;Islas Canarias;2002;Mar;Animalia;Aves;Fringillidae;Bucanetes;Bucanetes githagineus;Trumpeter Finch
-14.084;28.344;Espagne, Fuerteventura, Pajara;Fuerteventura;Islas Canarias;2002;Jul;Animalia;Aves;Upupidae;Upupa;Upupa epops;Eurasian Hoopoe
-14.084;28.344;Espagne, Fuerteventura, Pajara;Fuerteventura;Islas Canarias;2002;Feb;Animalia;Aves;Phasianidae;Alectoris;Alectoris barbara;Barbary Partridge
-14.258;28.114;Espagne, Fuerteventura, plage de Risco del Paso;Fuerteventura;Islas Canarias;2002;Jun;Animalia;Aves;Hirundinidae;Hirundo;Hirundo rustica;Barn Swallow
-14.258;28.114;Espagne, Fuerteventura, plage de Risco del Paso;Fuerteventura;Islas Canarias;2002;Feb;Animalia;Aves;Threskiornithidae;Platalea;Platalea leucorodia;Eurasian Spoonbill
-14.228;28.2;Espagne, Fuerteventura, plaine de la Pared;Fuerteventura;Islas Canarias;2002;Jul;Animalia;Aves;Upupidae;Upupa;Upupa epops;Eurasian Hoopoe
-14.088;28.358;Espagne, Fuerteventura, Toto;Fuerteventura;Islas Canarias;2002;Mar;Animalia;Aves;Fringillidae;Bucanetes;Bucanetes githagineus;Trumpeter Finch
-14.088;28.358;Espagne, Fuerteventura, Toto;Fuerteventura;Islas Canarias;2002;Jul;Animalia;Aves;Upupidae;Upupa;Upupa epops;Eurasian Hoopoe
-14.088;28.388;Espagne, Fuerteventura, Vega de Rio Palma;Fuerteventura;Islas Canarias;2002;May;Animalia;Aves;Upupidae;Upupa;Upupa epops;Eurasian Hoopoe
-14.088;28.388;Espagne, Fuerteventura, Vega de Rio Palma;Fuerteventura;Islas Canarias;2002;Feb;Animalia;Aves;Phasianidae;Alectoris;Alectoris barbara;Barbary Partridge
3.158;42.004;Arrossars de Pals;Girona;Cataluna;2014;Feb;Animalia;Aves;Fringillidae;Fringilla;Fringilla coelebs;Common Chaffinch
3.158;42.004;Arrossars de Pals;Girona;Cataluna;2014;Feb;Animalia;Aves;Ardeidae;Ardea;Ardea alba;Great Egret
3.158;42.004;Arrossars de Pals;Girona;Cataluna;2019;Feb;Animalia;Aves;Ardeidae;Ardea;Ardea alba;Great Egret
-2.24;43.07;Arriaran;Gipuzkoa;Euskadi;2005;Feb;Animalia;Aves;Podicipedidae;Tachybaptus;Tachybaptus ruficollis;Zampullin comun
-2.24;43.07;Arriaran;Gipuzkoa;Euskadi;2006;Feb;Animalia;Aves;Podicipedidae;Tachybaptus;Tachybaptus ruficollis;Zampullin comun
-2.24;43.07;Arriaran;Gipuzkoa;Euskadi;2007;Feb;Animalia;Aves;Podicipedidae;Tachybaptus;Tachybaptus ruficollis;Zampullin comun
-2.24;43.07;Arriaran;Gipuzkoa;Euskadi;2008;Feb;Animalia;Aves;Podicipedidae;Tachybaptus;Tachybaptus ruficollis;Zampullin comun
-2.24;43.07;Arriaran;Gipuzkoa;Euskadi;2009;Feb;Animalia;Aves;Podicipedidae;Tachybaptus;Tachybaptus ruficollis;Zampullin comun
-2.24;43.07;Arriaran;Gipuzkoa;Euskadi;2010;Feb;Animalia;Aves;Podicipedidae;Tachybaptus;Tachybaptus ruficollis;Zampullin comun
-2.24;43.07;Arriaran;Gipuzkoa;Euskadi;2011;Feb;Animalia;Aves;Podicipedidae;Tachybaptus;Tachybaptus ruficollis;Zampullin comun
-2.24;43.07;Arriaran;Gipuzkoa;Euskadi;2012;Feb;Animalia;Aves;Podicipedidae;Tachybaptus;Tachybaptus ruficollis;Zampullin comun
-2.24;43.07;Arriaran;Gipuzkoa;Euskadi;2013;Feb;Animalia;Aves;Podicipedidae;Tachybaptus;Tachybaptus ruficollis;Zampullin comun
-2.24;43.07;Arriaran;Gipuzkoa;Euskadi;2014;Feb;Animalia;Aves;Podicipedidae;Tachybaptus;Tachybaptus ruficollis;Zampullin comun
-2.24;43.07;Arriaran;Gipuzkoa;Euskadi;2015;Feb;Animalia;Aves;Podicipedidae;Tachybaptus;Tachybaptus ruficollis;Zampullin comun
-2.115;43.197;Asteasu, dormidero de milanos reales;Gipuzkoa;Euskadi;2014;Mar;Animalia;Aves;Tytonidae;Tyto;Tyto alba;Barn Owl
-2.02;43.144;Berastegi;Gipuzkoa;Euskadi;2015;Jul;Animalia;Actinopterygii;Anguillidae;Anguilla;Anguilla anguilla;European eel
-2.368;43.297;Mutriku;Gipuzkoa;Euskadi;2020;Feb;Animalia;Mammalia;Sciuridae;Sciurus;Sciurus vulgaris;Eurasian Red Squirrel
-2.405;43.024;Onati--Berezao Auzoa;Gipuzkoa;Euskadi;2015;Feb;Animalia;Aves;Fringillidae;Fringilla;Fringilla coelebs;Common Chaffinch
-2.09;43.27;Oria bajo;Gipuzkoa;Euskadi;2003;Feb;Animalia;Aves;Ardeidae;Ardea;Ardea alba;Garceta grande
-2.09;43.27;Oria bajo;Gipuzkoa;Euskadi;2008;Feb;Animalia;Aves;Podicipedidae;Tachybaptus;Tachybaptus ruficollis;Zampullin comun
-2.09;43.27;Oria bajo;Gipuzkoa;Euskadi;2013;Feb;Animalia;Aves;Podicipedidae;Tachybaptus;Tachybaptus ruficollis;Zampullin comun
-2.022;43.264;Oria Bajo;Gipuzkoa;Euskadi;2013;Feb;Animalia;Aves;Podicipedidae;Tachybaptus;Tachybaptus ruficollis;Little Grebe
-2.022;43.264;Oria Bajo;Gipuzkoa;Euskadi;2014;Feb;Animalia;Aves;Fringillidae;Fringilla;Fringilla coelebs;Common Chaffinch
-2.022;43.264;Oria Bajo;Gipuzkoa;Euskadi;2015;Feb;Animalia;Aves;Fringillidae;Fringilla;Fringilla coelebs;Common Chaffinch
-2.07;43.15;Oria medio;Gipuzkoa;Euskadi;2001;Mar;Animalia;Aves;Podicipedidae;Podiceps;Podiceps cristatus;Somormujo lavanco
-2.07;43.15;Oria medio;Gipuzkoa;Euskadi;2011;Mar;Animalia;Aves;Podicipedidae;Podiceps;Podiceps cristatus;Somormujo lavanco
-2.07;43.15;Oria medio;Gipuzkoa;Euskadi;2012;Feb;Animalia;Aves;Podicipedidae;Tachybaptus;Tachybaptus ruficollis;Zampullin comun
-2.07;43.15;Oria medio;Gipuzkoa;Euskadi;2013;Feb;Animalia;Aves;Podicipedidae;Tachybaptus;Tachybaptus ruficollis;Zampullin comun
-2.07;43.15;Oria medio;Gipuzkoa;Euskadi;2013;Feb;Animalia;Aves;Ardeidae;Ardea;Ardea alba;Garceta grande
-2.07;43.15;Oria medio;Gipuzkoa;Euskadi;2014;Feb;Animalia;Aves;Podicipedidae;Tachybaptus;Tachybaptus ruficollis;Zampullin comun
-2.07;43.15;Oria medio;Gipuzkoa;Euskadi;2016;Feb;Animalia;Aves;Podicipedidae;Tachybaptus;Tachybaptus ruficollis;Zampullin comun
-2.13;43.287;Orio;Gipuzkoa;Euskadi;2015;Feb;Animalia;Aves;Fringillidae;Fringilla;Fringilla coelebs;Common Chaffinch
-2.13;43.287;Orio;Gipuzkoa;Euskadi;2016;Feb;Animalia;Aves;Podicipedidae;Tachybaptus;Tachybaptus ruficollis;Little Grebe
-2.13;43.287;Orio;Gipuzkoa;Euskadi;2017;Feb;Animalia;Aves;Podicipedidae;Tachybaptus;Tachybaptus ruficollis;Little Grebe
-2.25;43.29;Zumaia;Gipuzkoa;Euskadi;2001;Feb;Animalia;Aves;Podicipedidae;Tachybaptus;Tachybaptus ruficollis;Zampullin comun
-2.253;43.3;Zumaia;Gipuzkoa;Euskadi;2006;Feb;Animalia;Aves;Podicipedidae;Tachybaptus;Tachybaptus ruficollis;Zampullin comun
-2.25;43.29;Zumaia;Gipuzkoa;Euskadi;2006;Feb;Animalia;Aves;Podicipedidae;Tachybaptus;Tachybaptus ruficollis;Zampullin comun
-2.25;43.29;Zumaia;Gipuzkoa;Euskadi;2010;Feb;Animalia;Aves;Podicipedidae;Tachybaptus;Tachybaptus ruficollis;Zampullin comun
-2.253;43.3;Zumaia;Gipuzkoa;Euskadi;2011;Feb;Animalia;Aves;Podicipedidae;Tachybaptus;Tachybaptus ruficollis;Zampullin comun
-2.25;43.29;Zumaia;Gipuzkoa;Euskadi;2011;Feb;Animalia;Aves;Podicipedidae;Tachybaptus;Tachybaptus ruficollis;Zampullin comun
-2.253;43.295;Zumaia;Gipuzkoa;Euskadi;2012;Sep;Animalia;Aves;Anatidae;Anas;Mareca penelope;Eurasian Wigeon
-2.25;43.29;Zumaia;Gipuzkoa;Euskadi;2012;Feb;Animalia;Aves;Podicipedidae;Tachybaptus;Tachybaptus ruficollis;Zampullin comun
-2.25;43.29;Zumaia;Gipuzkoa;Euskadi;2013;Feb;Animalia;Aves;Podicipedidae;Tachybaptus;Tachybaptus ruficollis;Zampullin comun
-2.25;43.29;Zumaia;Gipuzkoa;Euskadi;2014;Feb;Animalia;Aves;Podicipedidae;Tachybaptus;Tachybaptus ruficollis;Zampullin comun
-2.252;43.294;Zumaia;Gipuzkoa;Euskadi;2015;Feb;Animalia;Aves;Fringillidae;Fringilla;Fringilla coelebs;Common Chaffinch
-2.25;43.29;Zumaia;Gipuzkoa;Euskadi;2015;Feb;Animalia;Aves;Podicipedidae;Tachybaptus;Tachybaptus ruficollis;Zampullin comun
-2.25;43.29;Zumaia;Gipuzkoa;Euskadi;2016;Feb;Animalia;Aves;Podicipedidae;Tachybaptus;Tachybaptus ruficollis;Zampullin comun
-2.36;43.29;Deba;Gipuzkoa;Euskadi;2000;Feb;Animalia;Aves;Podicipedidae;Tachybaptus;Tachybaptus ruficollis;Zampullin comun
-2.36;43.29;Deba;Gipuzkoa;Euskadi;2007;Feb;Animalia;Aves;Podicipedidae;Tachybaptus;Tachybaptus ruficollis;Zampullin comun
-2.36;43.29;Deba;Gipuzkoa;Euskadi;2008;Feb;Animalia;Aves;Podicipedidae;Tachybaptus;Tachybaptus ruficollis;Zampullin comun
-2.36;43.29;Deba;Gipuzkoa;Euskadi;2009;Feb;Animalia;Aves;Podicipedidae;Tachybaptus;Tachybaptus ruficollis;Zampullin comun
-2.36;43.29;Deba;Gipuzkoa;Euskadi;2010;Feb;Animalia;Aves;Podicipedidae;Tachybaptus;Tachybaptus ruficollis;Zampullin comun
-2.36;43.29;Deba;Gipuzkoa;Euskadi;2011;Feb;Animalia;Aves;Podicipedidae;Tachybaptus;Tachybaptus ruficollis;Zampullin comun
-2.36;43.29;Deba;Gipuzkoa;Euskadi;2013;Feb;Animalia;Aves;Podicipedidae;Tachybaptus;Tachybaptus ruficollis;Zampullin comun
-2.36;43.29;Deba;Gipuzkoa;Euskadi;2016;Feb;Animalia;Aves;Podicipedidae;Tachybaptus;Tachybaptus ruficollis;Zampullin comun
-1.988;43.31;Donostia;Gipuzkoa;Euskadi;2014;Feb;Animalia;Aves;Fringillidae;Fringilla;Fringilla coelebs;Common Chaffinch
-1.988;43.31;Donostia;Gipuzkoa;Euskadi;2015;Feb;Animalia;Aves;Fringillidae;Fringilla;Fringilla coelebs;Common Chaffinch
-1.994;43.328;Donostia/S. Sebastian;Gipuzkoa;Euskadi;2008;Feb;Animalia;Aves;Podicipedidae;Tachybaptus;Tachybaptus ruficollis;Zampullin comun
-1.994;43.328;Donostia/S. Sebastian;Gipuzkoa;Euskadi;2009;Mar;Animalia;Aves;Podicipedidae;Podiceps;Podiceps cristatus;Somormujo lavanco
-1.994;43.328;Donostia/S. Sebastian;Gipuzkoa;Euskadi;2009;Feb;Animalia;Aves;Podicipedidae;Tachybaptus;Tachybaptus ruficollis;Zampullin comun
-1.994;43.328;Donostia/S. Sebastian;Gipuzkoa;Euskadi;2011;Feb;Animalia;Aves;Podicipedidae;Tachybaptus;Tachybaptus ruficollis;Zampullin comun
-1.957;43.309;Donostia--Ametzagaina;Gipuzkoa;Euskadi;2014;Feb;Animalia;Aves;Fringillidae;Fringilla;Fringilla coelebs;Common Chaffinch
-1.957;43.309;Donostia--Ametzagaina;Gipuzkoa;Euskadi;2015;Feb;Animalia;Aves;Fringillidae;Fringilla;Fringilla coelebs;Common Chaffinch
-1.995;43.318;Donostia--Bahia de la Concha;Gipuzkoa;Euskadi;2016;Feb;Animalia;Aves;Fringillidae;Fringilla;Fringilla coelebs;Common Chaffinch
-1.976;43.313;Donostia--Cristina Enea;Gipuzkoa;Euskadi;2014;Feb;Animalia;Aves;Fringillidae;Fringilla;Fringilla coelebs;Common Chaffinch
-1.976;43.313;Donostia--Cristina Enea;Gipuzkoa;Euskadi;2015;Feb;Animalia;Aves;Fringillidae;Fringilla;Fringilla coelebs;Common Chaffinch
-1.967;43.321;Donostia--Jai Alai;Gipuzkoa;Euskadi;2015;Feb;Animalia;Aves;Fringillidae;Fringilla;Fringilla coelebs;Common Chaffinch
-1.989;43.327;Donostia--Paseo Nuevo;Gipuzkoa;Euskadi;2014;Feb;Animalia;Aves;Fringillidae;Fringilla;Fringilla coelebs;Common Chaffinch
-1.98;43.32;Donostia-San Sebastian;Gipuzkoa;Euskadi;2008;Feb;Animalia;Aves;Podicipedidae;Tachybaptus;Tachybaptus ruficollis;Zampullin comun
-1.98;43.32;Donostia-San Sebastian;Gipuzkoa;Euskadi;2009;Mar;Animalia;Aves;Podicipedidae;Podiceps;Podiceps cristatus;Somormujo lavanco
-1.98;43.32;Donostia-San Sebastian;Gipuzkoa;Euskadi;2009;Feb;Animalia;Aves;Podicipedidae;Tachybaptus;Tachybaptus ruficollis;Zampullin comun
-1.98;43.32;Donostia-San Sebastian;Gipuzkoa;Euskadi;2010;Feb;Animalia;Aves;Podicipedidae;Tachybaptus;Tachybaptus ruficollis;Zampullin comun
-1.98;43.32;Donostia-San Sebastian;Gipuzkoa;Euskadi;2011;Feb;Animalia;Aves;Podicipedidae;Tachybaptus;Tachybaptus ruficollis;Zampullin comun
-1.98;43.32;Donostia-San Sebastian;Gipuzkoa;Euskadi;2014;Feb;Animalia;Aves;Podicipedidae;Tachybaptus;Tachybaptus ruficollis;Zampullin comun
-1.98;43.32;Donostia-San Sebastian;Gipuzkoa;Euskadi;2016;Feb;Animalia;Aves;Podicipedidae;Tachybaptus;Tachybaptus ruficollis;Zampullin comun
-1.977;43.308;Donostia--Urumea;Gipuzkoa;Euskadi;2014;Feb;Animalia;Aves;Podicipedidae;Tachybaptus;Tachybaptus ruficollis;Little Grebe
2.69;41.91; Brunyola;Girona;Cataluna;2017;Mar;Animalia;Reptilia;Lacertidae;Timon;Timon lepidus;Ocellated Lizard
3.092;42.224; Castello d'Empuries ;Girona;Cataluna;2018;Feb;Animalia;Aves;Podicipedidae;Tachybaptus;Tachybaptus ruficollis;Little Grebe
3.12;42.28; Palau-saverdera;Girona;Cataluna;2016;Mar;Animalia;Reptilia;Lacertidae;Timon;Timon lepidus;Ocellated Lizard
3.104;42.246;Aiguamolls de l'EmpordA ;Girona;Cataluna;2014;Jul;Animalia;Actinopterygii;Anguillidae;Anguilla;Anguilla anguilla;European eel
2.194;42.201;Alt Ter, Ripolles ;Girona;Cataluna;2001;Feb;Animalia;Aves;Podicipedidae;Tachybaptus;Tachybaptus ruficollis;Zampullin comun
2.194;42.201;Alt Ter, Ripolles ;Girona;Cataluna;2002;Feb;Animalia;Aves;Podicipedidae;Tachybaptus;Tachybaptus ruficollis;Zampullin comun
3.187;42.006;Baix Ter-Pals ;Girona;Cataluna;2001;Mar;Animalia;Aves;Podicipedidae;Podiceps;Podiceps cristatus;Somormujo lavanco
3.187;42.006;Baix Ter-Pals ;Girona;Cataluna;2001;Feb;Animalia;Aves;Ardeidae;Nycticorax;Nycticorax nycticorax;Martinete comun
3.187;42.006;Baix Ter-Pals ;Girona;Cataluna;2001;Feb;Animalia;Aves;Podicipedidae;Tachybaptus;Tachybaptus ruficollis;Zampullin comun
3.187;42.006;Baix Ter-Pals ;Girona;Cataluna;2002;Mar;Animalia;Aves;Podicipedidae;Podiceps;Podiceps cristatus;Somormujo lavanco
3.187;42.006;Baix Ter-Pals ;Girona;Cataluna;2002;Mar;Animalia;Aves;Podicipedidae;Podiceps;Podiceps nigricollis;Zampullin cuellinegro
3.187;42.006;Baix Ter-Pals ;Girona;Cataluna;2002;Mar;Animalia;Aves;Anatidae;Tadorna;Tadorna tadorna;Tarro blanco
3.187;42.006;Baix Ter-Pals ;Girona;Cataluna;2002;Feb;Animalia;Aves;Ardeidae;Nycticorax;Nycticorax nycticorax;Martinete comun
3.187;42.006;Baix Ter-Pals ;Girona;Cataluna;2002;Feb;Animalia;Aves;Ardeidae;Ardea;Egretta alba;Garceta grande
3.187;42.006;Baix Ter-Pals ;Girona;Cataluna;2002;Feb;Animalia;Aves;Podicipedidae;Tachybaptus;Tachybaptus ruficollis;Zampullin comun
3.187;42.006;Baix Ter-Pals ;Girona;Cataluna;2003;Mar;Animalia;Aves;Podicipedidae;Podiceps;Podiceps cristatus;Somormujo lavanco
3.187;42.006;Baix Ter-Pals ;Girona;Cataluna;2003;Mar;Animalia;Aves;Anatidae;Tadorna;Tadorna tadorna;Tarro blanco
3.07;41.817;Castells-Platja dÂ´Aro ;Girona;Cataluna;2001;Feb;Animalia;Aves;Podicipedidae;Tachybaptus;Tachybaptus ruficollis;Zampullin comun
3.07;41.817;Castells-Platja dÂ´Aro ;Girona;Cataluna;2002;Feb;Animalia;Aves;Podicipedidae;Tachybaptus;Tachybaptus ruficollis;Zampullin comun
2.779;41.652;Delta de la Tordera ;Girona;Cataluna;2001;Mar;Animalia;Aves;Podicipedidae;Podiceps;Podiceps cristatus;Somormujo lavanco
2.779;41.652;Delta de la Tordera ;Girona;Cataluna;2001;Mar;Animalia;Aves;Podicipedidae;Podiceps;Podiceps nigricollis;Zampullin cuellinegro
2.779;41.652;Delta de la Tordera ;Girona;Cataluna;2002;Mar;Animalia;Aves;Podicipedidae;Podiceps;Podiceps cristatus;Somormujo lavanco
2.779;41.652;Delta de la Tordera ;Girona;Cataluna;2002;Mar;Animalia;Aves;Podicipedidae;Podiceps;Podiceps auritus;Zampullin cuellirrojo
2.779;41.652;Delta de la Tordera ;Girona;Cataluna;2002;Mar;Animalia;Aves;Podicipedidae;Podiceps;Podiceps nigricollis;Zampullin cuellinegro
2.779;41.652;Delta de la Tordera ;Girona;Cataluna;2003;Mar;Animalia;Aves;Podicipedidae;Podiceps;Podiceps cristatus;Somormujo lavanco
2.779;41.652;Delta de la Tordera ;Girona;Cataluna;2003;Mar;Animalia;Aves;Podicipedidae;Podiceps;Podiceps auritus;Zampullin cuellirrojo
2.83;42.352;Embalse de Boadella-Darnius ;Girona;Cataluna;2001;Mar;Animalia;Aves;Podicipedidae;Podiceps;Podiceps cristatus;Somormujo lavanco
2.83;42.352;Embalse de Boadella-Darnius ;Girona;Cataluna;2002;Mar;Animalia;Aves;Podicipedidae;Podiceps;Podiceps cristatus;Somormujo lavanco
2.83;42.352;Embalse de Boadella-Darnius ;Girona;Cataluna;2003;Mar;Animalia;Aves;Podicipedidae;Podiceps;Podiceps cristatus;Somormujo lavanco
2.2;42.15;Girona;Girona;Cataluna;2013;Jul;Animalia;Mammalia;Mustelidae;Meles;Meles meles;Eurasian Badger
2.823;41.99;Girona;Girona;Cataluna;2019;Feb;Animalia;Actinopterygii;Salmonidae;Salmo;Salmo trutta;Atlantic trout
2.756;42.127;Lago de Banolas ;Girona;Cataluna;2001;Mar;Animalia;Aves;Podicipedidae;Podiceps;Podiceps nigricollis;Zampullin cuellinegro
2.756;42.127;Lago de Banolas ;Girona;Cataluna;2002;Feb;Animalia;Aves;Podicipedidae;Tachybaptus;Tachybaptus ruficollis;Zampullin comun
2.508;42.188;Olot - Les Tries;Girona;Cataluna;2015;Feb;Animalia;Aves;Fringillidae;Fringilla;Fringilla coelebs;Common Chaffinch
3.323;42.322;Parque Natural Cabo de Creus ;Girona;Cataluna;2003;Mar;Animalia;Aves;Podicipedidae;Podiceps;Podiceps cristatus;Somormujo lavanco
3.092;42.226;Parque Natural dels Aiguamolls de l'Emporda;Girona;Cataluna;2001;May;Animalia;Aves;Upupidae;Upupa;Upupa epops;Eurasian Hoopoe
3.092;42.226;Parque Natural dels Aiguamolls de l'Emporda;Girona;Cataluna;2001;Mar;Animalia;Aves;Podicipedidae;Podiceps;Podiceps cristatus;Great Crested Grebe
3.092;42.226;Parque Natural dels Aiguamolls de l'Emporda;Girona;Cataluna;2001;Feb;Animalia;Aves;Fringillidae;Fringilla;Fringilla coelebs;Common Chaffinch
3.092;42.226;Parque Natural dels Aiguamolls de l'Emporda;Girona;Cataluna;2001;Mar;Animalia;Aves;Anatidae;Tadorna;Tadorna tadorna;Common Shelduck
3.092;42.226;Parque Natural dels Aiguamolls de l'Emporda;Girona;Cataluna;2001;Mar;Animalia;Aves;Podicipedidae;Podiceps;Podiceps nigricollis;Eared Grebe
3.092;42.226;Parque Natural dels Aiguamolls de l'Emporda;Girona;Cataluna;2001;Sep;Animalia;Aves;Anatidae;Anas;Mareca penelope;Eurasian Wigeon
3.092;42.226;Parque Natural dels Aiguamolls de l'Emporda;Girona;Cataluna;2001;Feb;Animalia;Aves;Podicipedidae;Tachybaptus;Tachybaptus ruficollis;Little Grebe
3.109;42.214;Parque Natural dels Aiguamolls de l'Emporda;Girona;Cataluna;2001;Mar;Animalia;Aves;Podicipedidae;Podiceps;Podiceps cristatus;Somormujo lavanco
3.109;42.214;Parque Natural dels Aiguamolls de l'Emporda;Girona;Cataluna;2001;Mar;Animalia;Aves;Anatidae;Tadorna;Tadorna tadorna;Tarro blanco
3.109;42.214;Parque Natural dels Aiguamolls de l'Emporda;Girona;Cataluna;2001;Mar;Animalia;Aves;Podicipedidae;Podiceps;Podiceps nigricollis;Zampullin cuellinegro
3.109;42.214;Parque Natural dels Aiguamolls de l'Emporda;Girona;Cataluna;2001;Feb;Animalia;Aves;Podicipedidae;Tachybaptus;Tachybaptus ruficollis;Zampullin comun
3.109;42.214;Parque Natural dels Aiguamolls de l'Emporda;Girona;Cataluna;2002;Mar;Animalia;Aves;Podicipedidae;Podiceps;Podiceps cristatus;Somormujo lavanco
3.109;42.214;Parque Natural dels Aiguamolls de l'Emporda;Girona;Cataluna;2002;Mar;Animalia;Aves;Podicipedidae;Podiceps;Podiceps nigricollis;Zampullin cuellinegro
3.109;42.214;Parque Natural dels Aiguamolls de l'Emporda;Girona;Cataluna;2002;Mar;Animalia;Aves;Anatidae;Tadorna;Tadorna tadorna;Tarro blanco
3.109;42.214;Parque Natural dels Aiguamolls de l'Emporda;Girona;Cataluna;2002;Feb;Animalia;Aves;Podicipedidae;Tachybaptus;Tachybaptus ruficollis;Zampullin comun
3.109;42.214;Parque Natural dels Aiguamolls de l'Emporda;Girona;Cataluna;2003;Mar;Animalia;Aves;Podicipedidae;Podiceps;Podiceps cristatus;Somormujo lavanco
3.109;42.214;Parque Natural dels Aiguamolls de l'Emporda;Girona;Cataluna;2003;Mar;Animalia;Aves;Anatidae;Tadorna;Tadorna tadorna;Tarro blanco
3.109;42.214;Parque Natural dels Aiguamolls de l'Emporda;Girona;Cataluna;2003;Mar;Animalia;Aves;Podicipedidae;Podiceps;Podiceps nigricollis;Zampullin cuellinegro
3.109;42.214;Parque Natural dels Aiguamolls de l'Emporda;Girona;Cataluna;2003;Feb;Animalia;Aves;Threskiornithidae;Plegadis;Plegadis falcinellus;Morito comun
3.092;42.226;Parque Natural dels Aiguamolls de l'Emporda;Girona;Cataluna;2004;Mar;Animalia;Aves;Anatidae;Tadorna;Tadorna tadorna;Common Shelduck
3.092;42.226;Parque Natural dels Aiguamolls de l'Emporda;Girona;Cataluna;2004;Feb;Animalia;Aves;Threskiornithidae;Platalea;Platalea leucorodia;Eurasian Spoonbill
1.83;41.792;Parque Natural dels Aiguamolls de l'Emporda;Girona;Cataluna;2005;Feb;Animalia;Aves;Podicipedidae;Tachybaptus;Tachybaptus ruficollis;Zampullin comun
3.109;42.214;Parque Natural dels Aiguamolls de l'Emporda;Girona;Cataluna;2005;Mar;Animalia;Aves;Podicipedidae;Podiceps;Podiceps cristatus;Somormujo lavanco
3.109;42.214;Parque Natural dels Aiguamolls de l'Emporda;Girona;Cataluna;2005;Mar;Animalia;Aves;Podicipedidae;Podiceps;Podiceps nigricollis;Zampullin cuellinegro
3.109;42.214;Parque Natural dels Aiguamolls de l'Emporda;Girona;Cataluna;2005;Mar;Animalia;Aves;Anatidae;Tadorna;Tadorna tadorna;Tarro blanco
3.109;42.214;Parque Natural dels Aiguamolls de l'Emporda;Girona;Cataluna;2005;Feb;Animalia;Aves;Podicipedidae;Tachybaptus;Tachybaptus ruficollis;Zampullin comun
3.109;42.214;Parque Natural dels Aiguamolls de l'Emporda;Girona;Cataluna;2006;Mar;Animalia;Aves;Podicipedidae;Podiceps;Podiceps cristatus;Somormujo lavanco
3.109;42.214;Parque Natural dels Aiguamolls de l'Emporda;Girona;Cataluna;2006;Mar;Animalia;Aves;Podicipedidae;Podiceps;Podiceps nigricollis;Zampullin cuellinegro
3.109;42.214;Parque Natural dels Aiguamolls de l'Emporda;Girona;Cataluna;2006;Mar;Animalia;Aves;Anatidae;Tadorna;Tadorna tadorna;Tarro blanco
3.109;42.214;Parque Natural dels Aiguamolls de l'Emporda;Girona;Cataluna;2008;Mar;Animalia;Aves;Podicipedidae;Podiceps;Podiceps cristatus;Somormujo lavanco
3.109;42.214;Parque Natural dels Aiguamolls de l'Emporda;Girona;Cataluna;2008;Mar;Animalia;Aves;Anatidae;Tadorna;Tadorna tadorna;Tarro blanco
3.109;42.214;Parque Natural dels Aiguamolls de l'Emporda;Girona;Cataluna;2008;Mar;Animalia;Aves;Podicipedidae;Podiceps;Podiceps nigricollis;Zampullin cuellinegro
3.109;42.214;Parque Natural dels Aiguamolls de l'Emporda;Girona;Cataluna;2009;Mar;Animalia;Aves;Podicipedidae;Podiceps;Podiceps cristatus;Somormujo lavanco
3.109;42.214;Parque Natural dels Aiguamolls de l'Emporda;Girona;Cataluna;2009;Mar;Animalia;Aves;Podicipedidae;Podiceps;Podiceps nigricollis;Zampullin cuellinegro
3.109;42.214;Parque Natural dels Aiguamolls de l'Emporda;Girona;Cataluna;2009;Mar;Animalia;Aves;Anatidae;Tadorna;Tadorna tadorna;Tarro blanco
3.109;42.214;Parque Natural dels Aiguamolls de l'Emporda;Girona;Cataluna;2009;Feb;Animalia;Aves;Threskiornithidae;Plegadis;Plegadis falcinellus;Morito comun
3.092;42.226;Parque Natural dels Aiguamolls de l'Emporda;Girona;Cataluna;2013;Feb;Animalia;Aves;Fringillidae;Fringilla;Fringilla coelebs;Common Chaffinch
3.092;42.226;Parque Natural dels Aiguamolls de l'Emporda;Girona;Cataluna;2013;Mar;Animalia;Aves;Podicipedidae;Podiceps;Podiceps cristatus;Great Crested Grebe
3.092;42.226;Parque Natural dels Aiguamolls de l'Emporda;Girona;Cataluna;2013;May;Animalia;Aves;Upupidae;Upupa;Upupa epops;Eurasian Hoopoe
3.092;42.226;Parque Natural dels Aiguamolls de l'Emporda;Girona;Cataluna;2013;Feb;Animalia;Aves;Threskiornithidae;Platalea;Platalea leucorodia;Eurasian Spoonbill
3.092;42.226;Parque Natural dels Aiguamolls de l'Emporda;Girona;Cataluna;2013;Sep;Animalia;Aves;Anatidae;Anas;Mareca penelope;Eurasian Wigeon
3.092;42.226;Parque Natural dels Aiguamolls de l'Emporda;Girona;Cataluna;2013;Mar;Animalia;Aves;Anatidae;Tadorna;Tadorna tadorna;Common Shelduck
3.092;42.226;Parque Natural dels Aiguamolls de l'Emporda;Girona;Cataluna;2013;Feb;Animalia;Aves;Ardeidae;Ardea;Ardea alba;Great Egret
3.092;42.226;Parque Natural dels Aiguamolls de l'Emporda;Girona;Cataluna;2013;Feb;Animalia;Aves;Podicipedidae;Tachybaptus;Tachybaptus ruficollis;Little Grebe
3.092;42.226;Parque Natural dels Aiguamolls de l'Emporda;Girona;Cataluna;2014;Feb;Animalia;Aves;Fringillidae;Fringilla;Fringilla coelebs;Common Chaffinch
3.092;42.226;Parque Natural dels Aiguamolls de l'Emporda;Girona;Cataluna;2014;May;Animalia;Aves;Upupidae;Upupa;Upupa epops;Eurasian Hoopoe
3.092;42.226;Parque Natural dels Aiguamolls de l'Emporda;Girona;Cataluna;2014;Sep;Animalia;Aves;Anatidae;Anas;Mareca penelope;Eurasian Wigeon
3.092;42.226;Parque Natural dels Aiguamolls de l'Emporda;Girona;Cataluna;2014;Feb;Animalia;Aves;Threskiornithidae;Platalea;Platalea leucorodia;Eurasian Spoonbill
3.092;42.226;Parque Natural dels Aiguamolls de l'Emporda;Girona;Cataluna;2014;Mar;Animalia;Aves;Anatidae;Tadorna;Tadorna tadorna;Common Shelduck
3.092;42.226;Parque Natural dels Aiguamolls de l'Emporda;Girona;Cataluna;2014;Feb;Animalia;Aves;Podicipedidae;Tachybaptus;Tachybaptus ruficollis;Little Grebe
3.092;42.226;Parque Natural dels Aiguamolls de l'Emporda;Girona;Cataluna;2014;Feb;Animalia;Aves;Ardeidae;Ardea;Ardea alba;Great Egret
3.092;42.226;Parque Natural dels Aiguamolls de l'Emporda;Girona;Cataluna;2015;Feb;Animalia;Aves;Fringillidae;Fringilla;Fringilla coelebs;Common Chaffinch
3.092;42.226;Parque Natural dels Aiguamolls de l'Emporda;Girona;Cataluna;2015;Mar;Animalia;Aves;Podicipedidae;Podiceps;Podiceps cristatus;Great Crested Grebe
3.092;42.226;Parque Natural dels Aiguamolls de l'Emporda;Girona;Cataluna;2015;May;Animalia;Aves;Upupidae;Upupa;Upupa epops;Eurasian Hoopoe
3.092;42.226;Parque Natural dels Aiguamolls de l'Emporda;Girona;Cataluna;2015;Sep;Animalia;Aves;Anatidae;Anas;Mareca penelope;Eurasian Wigeon
3.092;42.226;Parque Natural dels Aiguamolls de l'Emporda;Girona;Cataluna;2015;Dec;Animalia;Aves;Anatidae;Tadorna;Tadorna tadorna;Common Shelduck
3.092;42.226;Parque Natural dels Aiguamolls de l'Emporda;Girona;Cataluna;2015;Dec;Animalia;Aves;Podicipedidae;Podiceps;Podiceps nigricollis;Eared Grebe
3.092;42.226;Parque Natural dels Aiguamolls de l'Emporda;Girona;Cataluna;2015;Sep;Animalia;Aves;Anatidae;Netta;Netta rufina;Red-crested Pochard
3.092;42.226;Parque Natural dels Aiguamolls de l'Emporda;Girona;Cataluna;2015;Feb;Animalia;Aves;Ardeidae;Ardea;Ardea alba;Great Egret
3.092;42.226;Parque Natural dels Aiguamolls de l'Emporda;Girona;Cataluna;2015;Feb;Animalia;Aves;Podicipedidae;Tachybaptus;Tachybaptus ruficollis;Little Grebe
3.092;42.226;Parque Natural dels Aiguamolls de l'Emporda;Girona;Cataluna;2016;Dec;Animalia;Aves;Anatidae;Tadorna;Tadorna tadorna;Common Shelduck
3.092;42.226;Parque Natural dels Aiguamolls de l'Emporda;Girona;Cataluna;2016;Sep;Animalia;Aves;Anatidae;Anas;Mareca penelope;Eurasian Wigeon
3.092;42.226;Parque Natural dels Aiguamolls de l'Emporda;Girona;Cataluna;2016;Feb;Animalia;Aves;Ardeidae;Ardea;Ardea alba;Great Egret
3.092;42.226;Parque Natural dels Aiguamolls de l'Emporda;Girona;Cataluna;2016;Feb;Animalia;Aves;Podicipedidae;Tachybaptus;Tachybaptus ruficollis;Little Grebe
3.096;42.224;Parque Natural dels Aiguamolls de l'Emporda;Girona;Cataluna;2016;Dec;Animalia;Aves;Anatidae;Tadorna;Tadorna tadorna;Common Shelduck
3.096;42.224;Parque Natural dels Aiguamolls de l'Emporda;Girona;Cataluna;2016;Sep;Animalia;Aves;Anatidae;Anas;Mareca penelope;Eurasian Wigeon
3.093;42.225;Parque Natural dels Aiguamolls de l'Emporda;Girona;Cataluna;2018;Dec;Animalia;Aves;Anatidae;Tadorna;Tadorna tadorna;Common Shelduck
3.102;42.211;Parque Natural dels Aiguamolls de l'Emporda;Girona;Cataluna;2018;Feb;Animalia;Aves;Ardeidae;Ardea;Ardea alba;Great Egret
3.095;42.222;Parque Natural dels Aiguamolls de l'Emporda;Girona;Cataluna;2019;Dec;Animalia;Aves;Anatidae;Tadorna;Tadorna tadorna;Common Shelduck
3.095;42.222;Parque Natural dels Aiguamolls de l'Emporda;Girona;Cataluna;2019;Feb;Animalia;Aves;Threskiornithidae;Platalea;Platalea leucorodia;Eurasian Spoonbill
2.15;42.3;Ribes de Freser;Girona;Cataluna;2015;Apr;Animalia;Amphibia;Salamandridae;Salamandra;Salamandra salamandra;Fire Salamander
2.813;41.99;Ribes del Ter, Girona ;Girona;Cataluna;2001;Feb;Animalia;Aves;Ardeidae;Ardea;Egretta alba;Garceta grande
2.813;41.99;Ribes del Ter, Girona ;Girona;Cataluna;2002;Feb;Animalia;Aves;Podicipedidae;Tachybaptus;Tachybaptus ruficollis;Zampullin comun
2.988;42.083;Rio Fluvia-Colomers ;Girona;Cataluna;2002;Feb;Animalia;Aves;Podicipedidae;Tachybaptus;Tachybaptus ruficollis;Zampullin comun
2.734;42.194;RNFS Illa del FluviA  ;Girona;Cataluna;2001;Feb;Animalia;Aves;Ardeidae;Ardea;Egretta alba;Garceta grande
2.734;42.194;RNFS Illa del FluviA  ;Girona;Cataluna;2002;Dec;Animalia;Aves;Anatidae;Tadorna;Tadorna tadorna;Tarro blanco
2.734;42.194;RNFS Illa del FluviA  ;Girona;Cataluna;2002;Feb;Animalia;Aves;Podicipedidae;Tachybaptus;Tachybaptus ruficollis;Zampullin comun
2.669;41.881;Santa Coloma de Farners;Girona;Cataluna;2016;Feb;Animalia;Amphibia;Bufonidae;Bufo;Bufo spinosus;Spiny Toad
3.101;42.228;Aiguamolls de l'EmpordA ;Girona;Cataluna;2009;Apr;Animalia;Amphibia;Hylidae;Hyla;Hyla meridionalis;Mediterranean Tree Frog
3.104;42.243;Aiguamolls de l'EmpordA ;Girona;Cataluna;2009;Apr;Animalia;Amphibia;Hylidae;Hyla;Hyla meridionalis;Mediterranean Tree Frog
3.105;42.242;Aiguamolls de l'EmpordA ;Girona;Cataluna;2009;Apr;Animalia;Amphibia;Hylidae;Hyla;Hyla meridionalis;Mediterranean Tree Frog
3.105;42.206;Aiguamolls de l'EmpordA ;Girona;Cataluna;2010;Jul;Animalia;Amphibia;Hylidae;Hyla;Hyla meridionalis;Mediterranean Tree Frog
3.106;42.205;Aiguamolls de l'EmpordA ;Girona;Cataluna;2010;Jul;Animalia;Amphibia;Hylidae;Hyla;Hyla meridionalis;Mediterranean Tree Frog
3.106;42.206;Aiguamolls de l'EmpordA ;Girona;Cataluna;2010;Jul;Animalia;Amphibia;Hylidae;Hyla;Hyla meridionalis;Mediterranean Tree Frog
3.106;42.22;Aiguamolls de l'EmpordA ;Girona;Cataluna;2014;Apr;Animalia;Amphibia;Hylidae;Hyla;Hyla meridionalis;Mediterranean Tree Frog
3.187;42.006;Baix Ter-Pals ;Girona;Cataluna;2005;Dec;Animalia;Aves;Podicipedidae;Podiceps;Podiceps cristatus;Somormujo lavanco
3.187;42.006;Baix Ter-Pals ;Girona;Cataluna;2005;Feb;Animalia;Aves;Ardeidae;Nycticorax;Nycticorax nycticorax;Martinete comun
3.187;42.006;Baix Ter-Pals ;Girona;Cataluna;2005;Feb;Animalia;Aves;Podicipedidae;Tachybaptus;Tachybaptus ruficollis;Zampullin comun
3.187;42.006;Baix Ter-Pals ;Girona;Cataluna;2005;Feb;Animalia;Aves;Ardeidae;Ardea;Egretta alba;Garceta grande
3.187;42.006;Baix Ter-Pals ;Girona;Cataluna;2006;Dec;Animalia;Aves;Podicipedidae;Podiceps;Podiceps cristatus;Somormujo lavanco
3.187;42.006;Baix Ter-Pals ;Girona;Cataluna;2006;Feb;Animalia;Aves;Threskiornithidae;Platalea;Platalea leucorodia;Espatula comun
3.187;42.006;Baix Ter-Pals ;Girona;Cataluna;2008;Dec;Animalia;Aves;Podicipedidae;Podiceps;Podiceps cristatus;Somormujo lavanco
3.187;42.006;Baix Ter-Pals ;Girona;Cataluna;2008;Dec;Animalia;Aves;Podicipedidae;Podiceps;Podiceps nigricollis;Zampullin cuellinegro
3.187;42.006;Baix Ter-Pals ;Girona;Cataluna;2009;Dec;Animalia;Aves;Podicipedidae;Podiceps;Podiceps cristatus;Somormujo lavanco
2.83;42.352;Embalse de Boadella-Darnius ;Girona;Cataluna;2005;Dec;Animalia;Aves;Podicipedidae;Podiceps;Podiceps cristatus;Somormujo lavanco
2.83;42.352;Embalse de Boadella-Darnius ;Girona;Cataluna;2006;Dec;Animalia;Aves;Podicipedidae;Podiceps;Podiceps cristatus;Somormujo lavanco
2.83;42.352;Embalse de Boadella-Darnius ;Girona;Cataluna;2008;Dec;Animalia;Aves;Podicipedidae;Podiceps;Podiceps cristatus;Somormujo lavanco
2.83;42.352;Embalse de Boadella-Darnius ;Girona;Cataluna;2009;Dec;Animalia;Aves;Podicipedidae;Podiceps;Podiceps cristatus;Somormujo lavanco
-3.542;36.726; Charca Suarez;Granada;Andalucia;2019;Feb;Animalia;Reptilia;Chamaeleonidae;Chamaeleo;Chamaeleo chamaeleon;Common Chameleon
-3.54;36.724; Charca Suarez;Granada;Andalucia;2019;Dec;Animalia;Reptilia;Chamaeleonidae;Chamaeleo;Chamaeleo chamaeleon;Common Chameleon
-3.605;37.007; Padul;Granada;Andalucia;2018;Feb;Animalia;Aves;Podicipedidae;Tachybaptus;Tachybaptus ruficollis;Little Grebe
-3.594;36.772; Salobrena;Granada;Andalucia;2013;Apr;Animalia;Reptilia;Colubridae;Hemorrhois;Hemorrhois hippocrepis;Horseshoe Whip Snake
-2.634;42.861;Balsa de Zurbano ;Granada;Andalucia;2003;Dec;Animalia;Aves;Podicipedidae;Podiceps;Podiceps cristatus;Somormujo lavanco
-3.336;37.024;Capileira;Granada;Andalucia;2017;Mar;Animalia;Mammalia;Bovidae;Capra;Capra pyrenaica;Iberian Ibex
-3.347;36.999;Capileira;Granada;Andalucia;2018;Feb;Animalia;Mammalia;Bovidae;Capra;Capra pyrenaica;Iberian Ibex
-3.318;37.021;Capileira;Granada;Andalucia;2020;Feb;Animalia;Mammalia;Bovidae;Capra;Capra pyrenaica;South-eastern Spanish Ibex
-3.524;36.829;Cortijo de la Torre ;Granada;Andalucia;2003;Dec;Animalia;Aves;Podicipedidae;Podiceps;Podiceps nigricollis;Zampullin cuellinegro
-3.985;37.004;Embalse de Alhama ;Granada;Andalucia;2003;Feb;Animalia;Aves;Podicipedidae;Tachybaptus;Tachybaptus ruficollis;Zampullin comun
-3.968;37.192;Embalse de Canales ;Granada;Andalucia;2003;Dec;Animalia;Aves;Podicipedidae;Podiceps;Podiceps cristatus;Somormujo lavanco
-3.968;37.192;Embalse de Canales ;Granada;Andalucia;2003;Feb;Animalia;Aves;Podicipedidae;Tachybaptus;Tachybaptus ruficollis;Zampullin comun
-3.885;36.989;Embalse de los Bermejales ;Granada;Andalucia;2003;Dec;Animalia;Aves;Podicipedidae;Podiceps;Podiceps cristatus;Somormujo lavanco
-3.885;36.989;Embalse de los Bermejales ;Granada;Andalucia;2003;Feb;Animalia;Aves;Podicipedidae;Tachybaptus;Tachybaptus ruficollis;Zampullin comun
-2.642;37.875;Embalse de San Clemente ;Granada;Andalucia;2003;Dec;Animalia;Aves;Podicipedidae;Podiceps;Podiceps cristatus;Somormujo lavanco
-2.642;37.875;Embalse de San Clemente ;Granada;Andalucia;2003;Feb;Animalia;Aves;Podicipedidae;Tachybaptus;Tachybaptus ruficollis;Zampullin comun
-3.723;37.414;Embalse del Negratin ;Granada;Andalucia;2003;Dec;Animalia;Aves;Podicipedidae;Podiceps;Podiceps cristatus;Somormujo lavanco
-3.723;37.414;Embalse del Negratin ;Granada;Andalucia;2003;Feb;Animalia;Aves;Podicipedidae;Tachybaptus;Tachybaptus ruficollis;Zampullin comun
-3.535;36.727;Embalse del Portillo ;Granada;Andalucia;2003;Dec;Animalia;Aves;Podicipedidae;Podiceps;Podiceps cristatus;Somormujo lavanco
-3.535;36.727;Embalse del Portillo ;Granada;Andalucia;2003;Feb;Animalia;Aves;Podicipedidae;Tachybaptus;Tachybaptus ruficollis;Zampullin comun
-3.417;36.865;Granada;Granada;Andalucia;2013;May;Animalia;Mammalia;Bovidae;Capra;Capra pyrenaica;South-eastern Spanish Ibex
-3.415;36.868;Granada;Granada;Andalucia;2013;May;Animalia;Mammalia;Bovidae;Capra;Capra pyrenaica;Iberian Ibex
-3.418;36.88;Granada;Granada;Andalucia;2014;Mar;Animalia;Mammalia;Bovidae;Capra;Capra pyrenaica;South-eastern Spanish Ibex
-3.414;36.911;Granada;Granada;Andalucia;2014;Mar;Animalia;Mammalia;Bovidae;Capra;Capra pyrenaica;South-eastern Spanish Ibex
-3.498;37.205;Granada;Granada;Andalucia;2016;Feb;Animalia;Mammalia;Bovidae;Capra;Capra pyrenaica;South-eastern Spanish Ibex
-3.484;36.91;Granada;Granada;Andalucia;2016;Feb;Animalia;Mammalia;Bovidae;Capra;Capra pyrenaica;Iberian Ibex
-3.1;37.3;Granada;Granada;Andalucia;2016;Feb;Animalia;Mammalia;Canidae;Vulpes;Vulpes vulpes;Red Fox
-3.594;37.178;Granada;Granada;Andalucia;2017;Nov;Animalia;Actinopterygii;Salmonidae;Salmo;Salmo trutta;Atlantic trout
-3.282;37.271;La Peza;Granada;Andalucia;2010;Jul;Animalia;Mammalia;Bovidae;Capra;Capra pyrenaica;Iberian Ibex
-3.5;36.9;Lanjaron;Granada;Andalucia;2016;Apr;Animalia;Mammalia;Canidae;Vulpes;Vulpes vulpes;Red Fox
-3.394;37.091;Monachil;Granada;Andalucia;2000;Jul;Animalia;Mammalia;Bovidae;Capra;Capra pyrenaica;Iberian Ibex
-3.394;37.091;Monachil;Granada;Andalucia;2001;Jul;Animalia;Mammalia;Bovidae;Capra;Capra pyrenaica;Iberian Ibex
-3.394;37.091;Monachil;Granada;Andalucia;2010;Jul;Animalia;Mammalia;Bovidae;Capra;Capra pyrenaica;Iberian Ibex
-3.388;37.097;Monachil;Granada;Andalucia;2017;Mar;Animalia;Mammalia;Bovidae;Capra;Capra pyrenaica;South-eastern Spanish Ibex
-3.521;37.128;Monachil;Granada;Andalucia;2018;Feb;Animalia;Mammalia;Bovidae;Capra;Capra pyrenaica;Iberian Ibex
-3.392;37.085;Monachil;Granada;Andalucia;2019;Feb;Animalia;Mammalia;Bovidae;Capra;Capra pyrenaica;Iberian Ibex
-3.39;37.083;Monachil;Granada;Andalucia;2019;Feb;Animalia;Mammalia;Bovidae;Capra;Capra pyrenaica;Iberian Ibex
-3.504;36.73;Motril;Granada;Andalucia;2010;Jul;Animalia;Mammalia;Bovidae;Capra;Capra pyrenaica;Iberian Ibex
-3.742;36.846;Otivar;Granada;Andalucia;2017;Feb;Animalia;Mammalia;Bovidae;Capra;Capra pyrenaica;Iberian Ibex
-3.742;36.845;Otivar;Granada;Andalucia;2018;Feb;Animalia;Mammalia;Bovidae;Capra;Capra pyrenaica;Iberian Ibex
-3.319;37.533;Pantaneta Rio Cacin ;Granada;Andalucia;2009;Dec;Animalia;Aves;Podicipedidae;Podiceps;Podiceps cristatus;Somormujo lavanco
-3.319;37.533;Pantaneta Rio Cacin ;Granada;Andalucia;2009;Feb;Animalia;Aves;Podicipedidae;Tachybaptus;Tachybaptus ruficollis;Zampullin comun
-3.319;37.533;Pantaneta Rio Cacin ;Granada;Andalucia;2011;Dec;Animalia;Aves;Podicipedidae;Podiceps;Podiceps nigricollis;Zampullin cuellinegro
-3.319;37.533;Pantaneta Rio Cacin ;Granada;Andalucia;2012;Feb;Animalia;Aves;Podicipedidae;Tachybaptus;Tachybaptus ruficollis;Zampullin comun
-3.281;37.091;Terevelez;Granada;Andalucia;2001;Jul;Animalia;Mammalia;Bovidae;Capra;Capra pyrenaica;Iberian Ibex
-3.281;37.091;Terevelez;Granada;Andalucia;2003;Jul;Animalia;Mammalia;Bovidae;Capra;Capra pyrenaica;Iberian Ibex
-3.281;37.091;Terevelez;Granada;Andalucia;2010;Jul;Animalia;Mammalia;Bovidae;Capra;Capra pyrenaica;Iberian Ibex
-3.609;37.013;Turberas de Padul ;Granada;Andalucia;2003;Feb;Animalia;Aves;Podicipedidae;Tachybaptus;Tachybaptus ruficollis;Zampullin comun
-3.359;36.965; Sierra Nevada P.N.;Granada;Andalucia;2013;Sep;Animalia;Reptilia;Colubridae;Hemorrhois;Hemorrhois hippocrepis;Horseshoe Whip Snake
-3.353;36.982; Sierra Nevada P.N.;Granada;Andalucia;2014;May;Animalia;Reptilia;Lacertidae;Timon;Timon nevadensis;Sierra Nevada Ocellated Lizard
-3.319;37.533;Charca de Suarez ;Granada;Andalucia;2006;Feb;Animalia;Aves;Podicipedidae;Tachybaptus;Tachybaptus ruficollis;Zampullin comun
-3.319;37.533;Charca de Suarez ;Granada;Andalucia;2007;Feb;Animalia;Aves;Ardeidae;Nycticorax;Nycticorax nycticorax;Martinete comun
-3.319;37.533;Charca de Suarez ;Granada;Andalucia;2007;Feb;Animalia;Aves;Podicipedidae;Tachybaptus;Tachybaptus ruficollis;Zampullin comun
-3.319;37.533;Charca de Suarez ;Granada;Andalucia;2009;Feb;Animalia;Aves;Ardeidae;Nycticorax;Nycticorax nycticorax;Martinete comun
-3.319;37.533;Charca de Suarez ;Granada;Andalucia;2009;Feb;Animalia;Aves;Podicipedidae;Tachybaptus;Tachybaptus ruficollis;Zampullin comun
-3.319;37.533;Charca de Suarez ;Granada;Andalucia;2010;Dec;Animalia;Aves;Podicipedidae;Podiceps;Podiceps nigricollis;Zampullin cuellinegro
-3.319;37.533;Charca de Suarez ;Granada;Andalucia;2010;Sep;Animalia;Aves;Anatidae;Netta;Netta rufina;Pato colorado
-3.319;37.533;Charca de Suarez ;Granada;Andalucia;2010;Feb;Animalia;Aves;Threskiornithidae;Plegadis;Plegadis falcinellus;Morito comun
-3.319;37.533;Charca de Suarez ;Granada;Andalucia;2011;Dec;Animalia;Aves;Podicipedidae;Podiceps;Podiceps nigricollis;Zampullin cuellinegro
-3.319;37.533;Charca de Suarez ;Granada;Andalucia;2011;Feb;Animalia;Aves;Podicipedidae;Tachybaptus;Tachybaptus ruficollis;Zampullin comun
-3.319;37.533;Charca de Suarez ;Granada;Andalucia;2012;Feb;Animalia;Aves;Podicipedidae;Tachybaptus;Tachybaptus ruficollis;Zampullin comun
-3.319;37.533;Charca de Suarez ;Granada;Andalucia;2013;Dec;Animalia;Aves;Anatidae;Tadorna;Tadorna tadorna;Tarro blanco
-3.319;37.533;Charca de Suarez ;Granada;Andalucia;2013;Feb;Animalia;Aves;Ardeidae;Ixobrychus;Ixobrychus minutus;Avetorillo comun
-3.319;37.533;Charca de Suarez ;Granada;Andalucia;2013;Feb;Animalia;Aves;Threskiornithidae;Plegadis;Plegadis falcinellus;Morito comun
-3.319;37.533;Charca de Suarez ;Granada;Andalucia;2014;Dec;Animalia;Aves;Podicipedidae;Podiceps;Podiceps nigricollis;Zampullin cuellinegro
-3.319;37.533;Charca de Suarez ;Granada;Andalucia;2014;Sep;Animalia;Aves;Anatidae;Netta;Netta rufina;Pato colorado
-3.541;36.725;Charca de Suarez ;Granada;Andalucia;2019;Sep;Animalia;Aves;Anatidae;Anas;Mareca penelope;Eurasian Wigeon
-3.541;36.725;Charca de Suarez ;Granada;Andalucia;2014;Sep;Animalia;Aves;Anatidae;Netta;Netta rufina;Red-crested Pochard
-3.541;36.725;Charca de Suarez ;Granada;Andalucia;2014;Feb;Animalia;Aves;Podicipedidae;Tachybaptus;Tachybaptus ruficollis;Little Grebe
-3.541;36.725;Charca de Suarez ;Granada;Andalucia;2018;Sep;Animalia;Aves;Anatidae;Anas;Mareca penelope;Eurasian Wigeon
-3.249;40.653;Charcas Campo Golf Cabanillas (GU);Guadalajara;Castilla y Leon;2003;Feb;Animalia;Aves;Podicipedidae;Tachybaptus;Tachybaptus ruficollis;Zampullin comun
-2.623;40.783;Depuradora de Cifuentes (GU);Guadalajara;Castilla y Leon;2001;Feb;Animalia;Aves;Podicipedidae;Tachybaptus;Tachybaptus ruficollis;Zampullin comun
-2.623;40.783;Depuradora de Cifuentes (GU);Guadalajara;Castilla y Leon;2002;Feb;Animalia;Aves;Podicipedidae;Tachybaptus;Tachybaptus ruficollis;Zampullin comun
-3.024;41.02;Embalse de Alcorlo (GU);Guadalajara;Castilla y Leon;2000;Dec;Animalia;Aves;Podicipedidae;Podiceps;Podiceps cristatus;Somormujo lavanco
-3.024;41.02;Embalse de Alcorlo (GU);Guadalajara;Castilla y Leon;2001;Dec;Animalia;Aves;Podicipedidae;Podiceps;Podiceps cristatus;Somormujo lavanco
-3.024;41.02;Embalse de Alcorlo (GU);Guadalajara;Castilla y Leon;2002;Dec;Animalia;Aves;Podicipedidae;Podiceps;Podiceps cristatus;Somormujo lavanco
-3.024;41.02;Embalse de Alcorlo (GU);Guadalajara;Castilla y Leon;2003;Dec;Animalia;Aves;Podicipedidae;Podiceps;Podiceps cristatus;Somormujo lavanco
-3.024;41.02;Embalse de Alcorlo (GU);Guadalajara;Castilla y Leon;2004;Dec;Animalia;Aves;Podicipedidae;Podiceps;Podiceps cristatus;Somormujo lavanco
-2.944;40.277;Embalse de Almoguera (GU);Guadalajara;Castilla y Leon;2000;Dec;Animalia;Aves;Podicipedidae;Podiceps;Podiceps cristatus;Somormujo lavanco
-2.944;40.277;Embalse de Almoguera (GU);Guadalajara;Castilla y Leon;2000;Sep;Animalia;Aves;Anatidae;Netta;Netta rufina;Pato colorado
-2.944;40.277;Embalse de Almoguera (GU);Guadalajara;Castilla y Leon;2000;Feb;Animalia;Aves;Podicipedidae;Tachybaptus;Tachybaptus ruficollis;Zampullin comun
-2.944;40.277;Embalse de Almoguera (GU);Guadalajara;Castilla y Leon;2001;Dec;Animalia;Aves;Podicipedidae;Podiceps;Podiceps cristatus;Somormujo lavanco
-2.944;40.277;Embalse de Almoguera (GU);Guadalajara;Castilla y Leon;2001;Feb;Animalia;Aves;Podicipedidae;Tachybaptus;Tachybaptus ruficollis;Zampullin comun
-2.944;40.277;Embalse de Almoguera (GU);Guadalajara;Castilla y Leon;2002;Dec;Animalia;Aves;Podicipedidae;Podiceps;Podiceps cristatus;Somormujo lavanco
-2.944;40.277;Embalse de Almoguera (GU);Guadalajara;Castilla y Leon;2002;Sep;Animalia;Aves;Anatidae;Netta;Netta rufina;Pato colorado
-2.944;40.277;Embalse de Almoguera (GU);Guadalajara;Castilla y Leon;2002;Feb;Animalia;Aves;Podicipedidae;Tachybaptus;Tachybaptus ruficollis;Zampullin comun
-2.944;40.277;Embalse de Almoguera (GU);Guadalajara;Castilla y Leon;2003;Dec;Animalia;Aves;Podicipedidae;Podiceps;Podiceps cristatus;Somormujo lavanco
-2.944;40.277;Embalse de Almoguera (GU);Guadalajara;Castilla y Leon;2003;Feb;Animalia;Aves;Podicipedidae;Tachybaptus;Tachybaptus ruficollis;Zampullin comun
-2.944;40.277;Embalse de Almoguera (GU);Guadalajara;Castilla y Leon;2004;Dec;Animalia;Aves;Podicipedidae;Podiceps;Podiceps cristatus;Somormujo lavanco
-2.944;40.277;Embalse de Almoguera (GU);Guadalajara;Castilla y Leon;2004;Sep;Animalia;Aves;Anatidae;Netta;Netta rufina;Pato colorado
-2.882;40.353;Embalse de Almonacid de Zorita (GU);Guadalajara;Castilla y Leon;2000;Dec;Animalia;Aves;Podicipedidae;Podiceps;Podiceps cristatus;Somormujo lavanco
-2.882;40.353;Embalse de Almonacid de Zorita (GU);Guadalajara;Castilla y Leon;2000;Feb;Animalia;Aves;Podicipedidae;Tachybaptus;Tachybaptus ruficollis;Zampullin comun
-2.882;40.353;Embalse de Almonacid de Zorita (GU);Guadalajara;Castilla y Leon;2001;Dec;Animalia;Aves;Podicipedidae;Podiceps;Podiceps cristatus;Somormujo lavanco
-2.882;40.353;Embalse de Almonacid de Zorita (GU);Guadalajara;Castilla y Leon;2001;Feb;Animalia;Aves;Podicipedidae;Tachybaptus;Tachybaptus ruficollis;Zampullin comun
-2.882;40.353;Embalse de Almonacid de Zorita (GU);Guadalajara;Castilla y Leon;2002;Dec;Animalia;Aves;Podicipedidae;Podiceps;Podiceps cristatus;Somormujo lavanco
-2.882;40.353;Embalse de Almonacid de Zorita (GU);Guadalajara;Castilla y Leon;2002;Feb;Animalia;Aves;Podicipedidae;Tachybaptus;Tachybaptus ruficollis;Zampullin comun
-2.882;40.353;Embalse de Almonacid de Zorita (GU);Guadalajara;Castilla y Leon;2003;Dec;Animalia;Aves;Podicipedidae;Podiceps;Podiceps cristatus;Somormujo lavanco
-2.882;40.353;Embalse de Almonacid de Zorita (GU);Guadalajara;Castilla y Leon;2003;Feb;Animalia;Aves;Podicipedidae;Tachybaptus;Tachybaptus ruficollis;Zampullin comun
-2.882;40.353;Embalse de Almonacid de Zorita (GU);Guadalajara;Castilla y Leon;2004;Dec;Animalia;Aves;Podicipedidae;Podiceps;Podiceps cristatus;Somormujo lavanco
-3.202;40.952;Embalse de Belena (GU);Guadalajara;Castilla y Leon;2000;Dec;Animalia;Aves;Podicipedidae;Podiceps;Podiceps cristatus;Somormujo lavanco
-3.202;40.952;Embalse de Belena (GU);Guadalajara;Castilla y Leon;2000;Feb;Animalia;Aves;Podicipedidae;Tachybaptus;Tachybaptus ruficollis;Zampullin comun
-3.202;40.952;Embalse de Belena (GU);Guadalajara;Castilla y Leon;2001;Dec;Animalia;Aves;Podicipedidae;Podiceps;Podiceps cristatus;Somormujo lavanco
-3.202;40.952;Embalse de Belena (GU);Guadalajara;Castilla y Leon;2002;Dec;Animalia;Aves;Podicipedidae;Podiceps;Podiceps cristatus;Somormujo lavanco
-3.202;40.952;Embalse de Belena (GU);Guadalajara;Castilla y Leon;2003;Dec;Animalia;Aves;Podicipedidae;Podiceps;Podiceps cristatus;Somormujo lavanco
-3.202;40.952;Embalse de Belena (GU);Guadalajara;Castilla y Leon;2003;Feb;Animalia;Aves;Podicipedidae;Tachybaptus;Tachybaptus ruficollis;Zampullin comun
-3.202;40.952;Embalse de Belena (GU);Guadalajara;Castilla y Leon;2004;Dec;Animalia;Aves;Podicipedidae;Podiceps;Podiceps cristatus;Somormujo lavanco
-2.782;40.466;Embalse de Bolarque (GU);Guadalajara;Castilla y Leon;2000;Dec;Animalia;Aves;Podicipedidae;Podiceps;Podiceps cristatus;Somormujo lavanco
-2.782;40.466;Embalse de Bolarque (GU);Guadalajara;Castilla y Leon;2000;Sep;Animalia;Aves;Anatidae;Netta;Netta rufina;Pato colorado
-2.782;40.466;Embalse de Bolarque (GU);Guadalajara;Castilla y Leon;2000;Feb;Animalia;Aves;Podicipedidae;Tachybaptus;Tachybaptus ruficollis;Zampullin comun
-2.782;40.466;Embalse de Bolarque (GU);Guadalajara;Castilla y Leon;2001;Dec;Animalia;Aves;Podicipedidae;Podiceps;Podiceps cristatus;Somormujo lavanco
-2.782;40.466;Embalse de Bolarque (GU);Guadalajara;Castilla y Leon;2001;Sep;Animalia;Aves;Anatidae;Netta;Netta rufina;Pato colorado
-2.782;40.466;Embalse de Bolarque (GU);Guadalajara;Castilla y Leon;2001;Dec;Animalia;Aves;Podicipedidae;Podiceps;Podiceps nigricollis;Zampullin cuellinegro
-2.782;40.466;Embalse de Bolarque (GU);Guadalajara;Castilla y Leon;2001;Feb;Animalia;Aves;Podicipedidae;Tachybaptus;Tachybaptus ruficollis;Zampullin comun
-2.782;40.466;Embalse de Bolarque (GU);Guadalajara;Castilla y Leon;2002;Dec;Animalia;Aves;Podicipedidae;Podiceps;Podiceps cristatus;Somormujo lavanco
-2.782;40.466;Embalse de Bolarque (GU);Guadalajara;Castilla y Leon;2002;Feb;Animalia;Aves;Podicipedidae;Tachybaptus;Tachybaptus ruficollis;Zampullin comun
-2.782;40.466;Embalse de Bolarque (GU);Guadalajara;Castilla y Leon;2003;Dec;Animalia;Aves;Podicipedidae;Podiceps;Podiceps cristatus;Somormujo lavanco
-2.782;40.466;Embalse de Bolarque (GU);Guadalajara;Castilla y Leon;2003;Dec;Animalia;Aves;Podicipedidae;Podiceps;Podiceps nigricollis;Zampullin cuellinegro
-2.782;40.466;Embalse de Bolarque (GU);Guadalajara;Castilla y Leon;2003;Feb;Animalia;Aves;Podicipedidae;Tachybaptus;Tachybaptus ruficollis;Zampullin comun
-2.782;40.466;Embalse de Bolarque (GU);Guadalajara;Castilla y Leon;2004;Dec;Animalia;Aves;Podicipedidae;Podiceps;Podiceps cristatus;Somormujo lavanco
-2.787;41.071;Embalse de El Atance (GU);Guadalajara;Castilla y Leon;2001;Dec;Animalia;Aves;Podicipedidae;Podiceps;Podiceps cristatus;Somormujo lavanco
-2.787;41.071;Embalse de El Atance (GU);Guadalajara;Castilla y Leon;2002;Feb;Animalia;Aves;Podicipedidae;Tachybaptus;Tachybaptus ruficollis;Zampullin comun
-2.787;41.071;Embalse de El Atance (GU);Guadalajara;Castilla y Leon;2003;Dec;Animalia;Aves;Podicipedidae;Podiceps;Podiceps cristatus;Somormujo lavanco
-2.787;41.071;Embalse de El Atance (GU);Guadalajara;Castilla y Leon;2003;Feb;Animalia;Aves;Podicipedidae;Tachybaptus;Tachybaptus ruficollis;Zampullin comun
-2.787;41.071;Embalse de El Atance (GU);Guadalajara;Castilla y Leon;2004;Dec;Animalia;Aves;Podicipedidae;Podiceps;Podiceps cristatus;Somormujo lavanco
-2.712;40.556;Embalse de EntrePenas (GU);Guadalajara;Castilla y Leon;2000;Dec;Animalia;Aves;Podicipedidae;Podiceps;Podiceps cristatus;Somormujo lavanco
-2.712;40.556;Embalse de EntrePenas (GU);Guadalajara;Castilla y Leon;2000;Feb;Animalia;Aves;Podicipedidae;Tachybaptus;Tachybaptus ruficollis;Zampullin comun
-2.712;40.556;Embalse de EntrePenas (GU);Guadalajara;Castilla y Leon;2001;Dec;Animalia;Aves;Podicipedidae;Podiceps;Podiceps cristatus;Somormujo lavanco
-2.712;40.556;Embalse de EntrePenas (GU);Guadalajara;Castilla y Leon;2002;Dec;Animalia;Aves;Podicipedidae;Podiceps;Podiceps cristatus;Somormujo lavanco
-2.712;40.556;Embalse de EntrePenas (GU);Guadalajara;Castilla y Leon;2003;Dec;Animalia;Aves;Podicipedidae;Podiceps;Podiceps cristatus;Somormujo lavanco
-3.006;40.205;Embalse de Estremera (GU-CU);Guadalajara;Castilla y Leon;2000;Feb;Animalia;Aves;Podicipedidae;Tachybaptus;Tachybaptus ruficollis;Zampullin comun
-3.006;40.205;Embalse de Estremera (GU-CU);Guadalajara;Castilla y Leon;2001;Dec;Animalia;Aves;Podicipedidae;Podiceps;Podiceps cristatus;Somormujo lavanco
-3.006;40.205;Embalse de Estremera (GU-CU);Guadalajara;Castilla y Leon;2001;Feb;Animalia;Aves;Podicipedidae;Tachybaptus;Tachybaptus ruficollis;Zampullin comun
-3.006;40.205;Embalse de Estremera (GU-CU);Guadalajara;Castilla y Leon;2002;Dec;Animalia;Aves;Podicipedidae;Podiceps;Podiceps cristatus;Somormujo lavanco
-3.006;40.205;Embalse de Estremera (GU-CU);Guadalajara;Castilla y Leon;2002;Feb;Animalia;Aves;Podicipedidae;Tachybaptus;Tachybaptus ruficollis;Zampullin comun
-3.006;40.205;Embalse de Estremera (GU-CU);Guadalajara;Castilla y Leon;2003;Dec;Animalia;Aves;Podicipedidae;Podiceps;Podiceps cristatus;Somormujo lavanco
-3.006;40.205;Embalse de Estremera (GU-CU);Guadalajara;Castilla y Leon;2003;Sep;Animalia;Aves;Anatidae;Netta;Netta rufina;Pato colorado
-3.006;40.205;Embalse de Estremera (GU-CU);Guadalajara;Castilla y Leon;2003;Feb;Animalia;Aves;Podicipedidae;Tachybaptus;Tachybaptus ruficollis;Zampullin comun
-3.006;40.205;Embalse de Estremera (GU-CU);Guadalajara;Castilla y Leon;2004;Dec;Animalia;Aves;Podicipedidae;Podiceps;Podiceps cristatus;Somormujo lavanco
-2.833;40.238;Embalse de la Bujeda (GU);Guadalajara;Castilla y Leon;2001;Dec;Animalia;Aves;Podicipedidae;Podiceps;Podiceps cristatus;Somormujo lavanco
-2.833;40.238;Embalse de la Bujeda (GU);Guadalajara;Castilla y Leon;2002;Dec;Animalia;Aves;Podicipedidae;Podiceps;Podiceps cristatus;Somormujo lavanco
-2.833;40.238;Embalse de la Bujeda (GU);Guadalajara;Castilla y Leon;2003;Dec;Animalia;Aves;Podicipedidae;Podiceps;Podiceps cristatus;Somormujo lavanco
-2.833;40.238;Embalse de la Bujeda (GU);Guadalajara;Castilla y Leon;2004;Dec;Animalia;Aves;Podicipedidae;Podiceps;Podiceps cristatus;Somormujo lavanco
-2.609;40.844;Embalse de la Tajera (GU);Guadalajara;Castilla y Leon;2000;Dec;Animalia;Aves;Podicipedidae;Podiceps;Podiceps cristatus;Somormujo lavanco
-2.609;40.844;Embalse de la Tajera (GU);Guadalajara;Castilla y Leon;2000;Feb;Animalia;Aves;Podicipedidae;Tachybaptus;Tachybaptus ruficollis;Zampullin comun
-2.609;40.844;Embalse de la Tajera (GU);Guadalajara;Castilla y Leon;2001;Feb;Animalia;Aves;Podicipedidae;Tachybaptus;Tachybaptus ruficollis;Zampullin comun
-2.609;40.844;Embalse de la Tajera (GU);Guadalajara;Castilla y Leon;2002;Feb;Animalia;Aves;Podicipedidae;Tachybaptus;Tachybaptus ruficollis;Zampullin comun
-2.609;40.844;Embalse de la Tajera (GU);Guadalajara;Castilla y Leon;2003;Dec;Animalia;Aves;Podicipedidae;Podiceps;Podiceps cristatus;Somormujo lavanco
-2.609;40.844;Embalse de la Tajera (GU);Guadalajara;Castilla y Leon;2003;Sep;Animalia;Aves;Anatidae;Netta;Netta rufina;Pato colorado
-2.609;40.844;Embalse de la Tajera (GU);Guadalajara;Castilla y Leon;2003;Feb;Animalia;Aves;Podicipedidae;Tachybaptus;Tachybaptus ruficollis;Zampullin comun
-2.609;40.844;Embalse de la Tajera (GU);Guadalajara;Castilla y Leon;2004;Dec;Animalia;Aves;Podicipedidae;Podiceps;Podiceps cristatus;Somormujo lavanco
-2.912;41.061;Embalse de Palmaces (GU);Guadalajara;Castilla y Leon;2000;Dec;Animalia;Aves;Podicipedidae;Podiceps;Podiceps cristatus;Somormujo lavanco
-2.912;41.061;Embalse de Palmaces (GU);Guadalajara;Castilla y Leon;2000;Feb;Animalia;Aves;Podicipedidae;Tachybaptus;Tachybaptus ruficollis;Zampullin comun
-2.912;41.061;Embalse de Palmaces (GU);Guadalajara;Castilla y Leon;2001;Dec;Animalia;Aves;Podicipedidae;Podiceps;Podiceps cristatus;Somormujo lavanco
-2.912;41.061;Embalse de Palmaces (GU);Guadalajara;Castilla y Leon;2001;Feb;Animalia;Aves;Podicipedidae;Tachybaptus;Tachybaptus ruficollis;Zampullin comun
-2.912;41.061;Embalse de Palmaces (GU);Guadalajara;Castilla y Leon;2002;Dec;Animalia;Aves;Podicipedidae;Podiceps;Podiceps cristatus;Somormujo lavanco
-2.912;41.061;Embalse de Palmaces (GU);Guadalajara;Castilla y Leon;2002;Feb;Animalia;Aves;Podicipedidae;Tachybaptus;Tachybaptus ruficollis;Zampullin comun
-2.912;41.061;Embalse de Palmaces (GU);Guadalajara;Castilla y Leon;2003;Dec;Animalia;Aves;Podicipedidae;Podiceps;Podiceps cristatus;Somormujo lavanco
-2.912;41.061;Embalse de Palmaces (GU);Guadalajara;Castilla y Leon;2003;Feb;Animalia;Aves;Podicipedidae;Tachybaptus;Tachybaptus ruficollis;Zampullin comun
-2.912;41.061;Embalse de Palmaces (GU);Guadalajara;Castilla y Leon;2004;Dec;Animalia;Aves;Podicipedidae;Podiceps;Podiceps cristatus;Somormujo lavanco
-3.2;41.027;Embalse de Pozo de los Ramos (GU);Guadalajara;Castilla y Leon;2001;Feb;Animalia;Aves;Podicipedidae;Tachybaptus;Tachybaptus ruficollis;Zampullin comun
-3.297;41.011;Embalse del Vado (GU);Guadalajara;Castilla y Leon;2000;Dec;Animalia;Aves;Podicipedidae;Podiceps;Podiceps cristatus;Somormujo lavanco
-3.297;41.011;Embalse del Vado (GU);Guadalajara;Castilla y Leon;2001;Dec;Animalia;Aves;Podicipedidae;Podiceps;Podiceps cristatus;Somormujo lavanco
-3.297;41.011;Embalse del Vado (GU);Guadalajara;Castilla y Leon;2002;Dec;Animalia;Aves;Podicipedidae;Podiceps;Podiceps cristatus;Somormujo lavanco
-3.297;41.011;Embalse del Vado (GU);Guadalajara;Castilla y Leon;2003;Dec;Animalia;Aves;Podicipedidae;Podiceps;Podiceps cristatus;Somormujo lavanco
-3.297;41.011;Embalse del Vado (GU);Guadalajara;Castilla y Leon;2003;Feb;Animalia;Aves;Podicipedidae;Tachybaptus;Tachybaptus ruficollis;Zampullin comun
-3.297;41.011;Embalse del Vado (GU);Guadalajara;Castilla y Leon;2004;Dec;Animalia;Aves;Podicipedidae;Podiceps;Podiceps cristatus;Somormujo lavanco
-2.482;40.704;Gravera de Morillejo (Rio Tajo) (GU);Guadalajara;Castilla y Leon;2002;Feb;Animalia;Aves;Podicipedidae;Tachybaptus;Tachybaptus ruficollis;Zampullin comun
-2.482;40.704;Gravera de Morillejo (Rio Tajo) (GU);Guadalajara;Castilla y Leon;2003;Feb;Animalia;Aves;Podicipedidae;Tachybaptus;Tachybaptus ruficollis;Zampullin comun
-2.628;40.748;Laguna de la Gargola, Cifuentes (GU);Guadalajara;Castilla y Leon;2001;Feb;Animalia;Aves;Podicipedidae;Tachybaptus;Tachybaptus ruficollis;Zampullin comun
-3.063;41.254;Laguna de Somolinos (GU);Guadalajara;Castilla y Leon;2000;Feb;Animalia;Aves;Podicipedidae;Tachybaptus;Tachybaptus ruficollis;Zampullin comun
-3.063;41.254;Laguna de Somolinos (GU);Guadalajara;Castilla y Leon;2001;Feb;Animalia;Aves;Podicipedidae;Tachybaptus;Tachybaptus ruficollis;Zampullin comun
-3.063;41.254;Laguna de Somolinos (GU);Guadalajara;Castilla y Leon;2002;Feb;Animalia;Aves;Podicipedidae;Tachybaptus;Tachybaptus ruficollis;Zampullin comun
-3.063;41.254;Laguna de Somolinos (GU);Guadalajara;Castilla y Leon;2003;Feb;Animalia;Aves;Podicipedidae;Tachybaptus;Tachybaptus ruficollis;Zampullin comun
-3.279;40.707;Laguna de Usanos (GU);Guadalajara;Castilla y Leon;2001;Dec;Animalia;Aves;Podicipedidae;Podiceps;Podiceps cristatus;Somormujo lavanco
-3.279;40.707;Laguna de Usanos (GU);Guadalajara;Castilla y Leon;2003;Feb;Animalia;Aves;Podicipedidae;Tachybaptus;Tachybaptus ruficollis;Zampullin comun
-3.279;40.707;Laguna de Usanos (GU);Guadalajara;Castilla y Leon;2004;Dec;Animalia;Aves;Podicipedidae;Podiceps;Podiceps cristatus;Somormujo lavanco
-2.801;41.236;Laguna del Madrigal (GU);Guadalajara;Castilla y Leon;2000;Feb;Animalia;Aves;Podicipedidae;Tachybaptus;Tachybaptus ruficollis;Zampullin comun
-1.653;40.86;Laguna Honda (GU);Guadalajara;Castilla y Leon;2000;Dec;Animalia;Aves;Podicipedidae;Podiceps;Podiceps cristatus;Somormujo lavanco
-1.653;40.86;Laguna Honda (GU);Guadalajara;Castilla y Leon;2000;Feb;Animalia;Aves;Podicipedidae;Tachybaptus;Tachybaptus ruficollis;Zampullin comun
-1.653;40.86;Laguna Honda (GU);Guadalajara;Castilla y Leon;2001;Dec;Animalia;Aves;Podicipedidae;Podiceps;Podiceps cristatus;Somormujo lavanco
-1.653;40.86;Laguna Honda (GU);Guadalajara;Castilla y Leon;2001;Feb;Animalia;Aves;Podicipedidae;Tachybaptus;Tachybaptus ruficollis;Zampullin comun
-1.653;40.86;Laguna Honda (GU);Guadalajara;Castilla y Leon;2003;Feb;Animalia;Aves;Podicipedidae;Tachybaptus;Tachybaptus ruficollis;Zampullin comun
-3.256;40.887;Lagunas Grande y Chica de Belena (GU);Guadalajara;Castilla y Leon;2001;Feb;Animalia;Aves;Podicipedidae;Tachybaptus;Tachybaptus ruficollis;Zampullin comun
-3.177;40.64;Minizoo de Guadalajara (GU);Guadalajara;Castilla y Leon;2002;Feb;Animalia;Aves;Ardeidae;Nycticorax;Nycticorax nycticorax;Martinete comun
-3.177;40.64;Minizoo de Guadalajara (GU);Guadalajara;Castilla y Leon;2003;Feb;Animalia;Aves;Ardeidae;Nycticorax;Nycticorax nycticorax;Martinete comun
-3.267;40.538;Rio Henares, tramo Guadalajara-limite Madrid (GU);Guadalajara;Castilla y Leon;2000;Feb;Animalia;Aves;Podicipedidae;Tachybaptus;Tachybaptus ruficollis;Zampullin comun
-3.267;40.538;Rio Henares, tramo Guadalajara-limite Madrid (GU);Guadalajara;Castilla y Leon;2001;Feb;Animalia;Aves;Podicipedidae;Tachybaptus;Tachybaptus ruficollis;Zampullin comun
-3.267;40.538;Rio Henares, tramo Guadalajara-limite Madrid (GU);Guadalajara;Castilla y Leon;2002;Feb;Animalia;Aves;Podicipedidae;Tachybaptus;Tachybaptus ruficollis;Zampullin comun
-3.267;40.538;Rio Henares, tramo Guadalajara-limite Madrid (GU);Guadalajara;Castilla y Leon;2003;Feb;Animalia;Aves;Podicipedidae;Tachybaptus;Tachybaptus ruficollis;Zampullin comun
-3.25;40.55;AZUQUECA DE HENARES;Guadalajara;Castilla y Leon;2017;Sep;Animalia;Aves;Anatidae;Netta;Netta rufina;Pato colorado
-3.024;41.02;Embalse de Alcorlo (GU);Guadalajara;Castilla y Leon;2005;Dec;Animalia;Aves;Podicipedidae;Podiceps;Podiceps cristatus;Somormujo lavanco
-3.024;41.02;Embalse de Alcorlo (GU);Guadalajara;Castilla y Leon;2006;Dec;Animalia;Aves;Podicipedidae;Podiceps;Podiceps cristatus;Somormujo lavanco
-3.024;41.02;Embalse de Alcorlo (GU);Guadalajara;Castilla y Leon;2009;Dec;Animalia;Aves;Podicipedidae;Podiceps;Podiceps cristatus;Somormujo lavanco
-3.024;41.02;Embalse de Alcorlo (GU);Guadalajara;Castilla y Leon;2010;Dec;Animalia;Aves;Podicipedidae;Podiceps;Podiceps cristatus;Somormujo lavanco
-2.944;40.277;Embalse de Almoguera (GU);Guadalajara;Castilla y Leon;2005;Dec;Animalia;Aves;Podicipedidae;Podiceps;Podiceps cristatus;Somormujo lavanco
-2.944;40.277;Embalse de Almoguera (GU);Guadalajara;Castilla y Leon;2005;Sep;Animalia;Aves;Anatidae;Netta;Netta rufina;Pato colorado
-2.944;40.277;Embalse de Almoguera (GU);Guadalajara;Castilla y Leon;2006;Dec;Animalia;Aves;Podicipedidae;Podiceps;Podiceps cristatus;Somormujo lavanco
-2.944;40.277;Embalse de Almoguera (GU);Guadalajara;Castilla y Leon;2007;Dec;Animalia;Aves;Podicipedidae;Podiceps;Podiceps cristatus;Somormujo lavanco
-2.944;40.277;Embalse de Almoguera (GU);Guadalajara;Castilla y Leon;2008;Dec;Animalia;Aves;Podicipedidae;Podiceps;Podiceps cristatus;Somormujo lavanco
-2.944;40.277;Embalse de Almoguera (GU);Guadalajara;Castilla y Leon;2008;Sep;Animalia;Aves;Anatidae;Netta;Netta rufina;Pato colorado
-2.944;40.277;Embalse de Almoguera (GU);Guadalajara;Castilla y Leon;2008;Feb;Animalia;Aves;Podicipedidae;Tachybaptus;Tachybaptus ruficollis;Zampullin comun
-2.944;40.277;Embalse de Almoguera (GU);Guadalajara;Castilla y Leon;2009;Dec;Animalia;Aves;Podicipedidae;Podiceps;Podiceps cristatus;Somormujo lavanco
-2.944;40.277;Embalse de Almoguera (GU);Guadalajara;Castilla y Leon;2010;Dec;Animalia;Aves;Podicipedidae;Podiceps;Podiceps cristatus;Somormujo lavanco
-2.882;40.353;Embalse de Almonacid de Zorita (GU);Guadalajara;Castilla y Leon;2005;Dec;Animalia;Aves;Podicipedidae;Podiceps;Podiceps cristatus;Somormujo lavanco
-2.882;40.353;Embalse de Almonacid de Zorita (GU);Guadalajara;Castilla y Leon;2005;Sep;Animalia;Aves;Anatidae;Netta;Netta rufina;Pato colorado
-2.882;40.353;Embalse de Almonacid de Zorita (GU);Guadalajara;Castilla y Leon;2006;Dec;Animalia;Aves;Podicipedidae;Podiceps;Podiceps cristatus;Somormujo lavanco
-2.882;40.353;Embalse de Almonacid de Zorita (GU);Guadalajara;Castilla y Leon;2007;Dec;Animalia;Aves;Podicipedidae;Podiceps;Podiceps nigricollis;Zampullin cuellinegro
-2.882;40.353;Embalse de Almonacid de Zorita (GU);Guadalajara;Castilla y Leon;2008;Sep;Animalia;Aves;Podicipedidae;Tachybaptus;Tachybaptus ruficollis;Zampullin comun
-3.202;40.952;Embalse de Belena (GU);Guadalajara;Castilla y Leon;2006;Dec;Animalia;Aves;Podicipedidae;Podiceps;Podiceps cristatus;Somormujo lavanco
-3.202;40.952;Embalse de Belena (GU);Guadalajara;Castilla y Leon;2007;Dec;Animalia;Aves;Podicipedidae;Podiceps;Podiceps cristatus;Somormujo lavanco
-3.202;40.952;Embalse de Belena (GU);Guadalajara;Castilla y Leon;2009;Dec;Animalia;Aves;Podicipedidae;Podiceps;Podiceps cristatus;Somormujo lavanco
-3.202;40.952;Embalse de Belena (GU);Guadalajara;Castilla y Leon;2010;Dec;Animalia;Aves;Podicipedidae;Podiceps;Podiceps cristatus;Somormujo lavanco
-2.782;40.466;Embalse de Bolarque (GU);Guadalajara;Castilla y Leon;2005;Dec;Animalia;Aves;Podicipedidae;Podiceps;Podiceps cristatus;Somormujo lavanco
-2.782;40.466;Embalse de Bolarque (GU);Guadalajara;Castilla y Leon;2005;Sep;Animalia;Aves;Anatidae;Netta;Netta rufina;Pato colorado
-2.782;40.466;Embalse de Bolarque (GU);Guadalajara;Castilla y Leon;2006;Dec;Animalia;Aves;Podicipedidae;Podiceps;Podiceps cristatus;Somormujo lavanco
-2.782;40.466;Embalse de Bolarque (GU);Guadalajara;Castilla y Leon;2006;Dec;Animalia;Aves;Podicipedidae;Podiceps;Podiceps nigricollis;Zampullin cuellinegro
-2.782;40.466;Embalse de Bolarque (GU);Guadalajara;Castilla y Leon;2006;Sep;Animalia;Aves;Anatidae;Netta;Netta rufina;Pato colorado
-2.782;40.466;Embalse de Bolarque (GU);Guadalajara;Castilla y Leon;2007;Dec;Animalia;Aves;Podicipedidae;Podiceps;Podiceps cristatus;Somormujo lavanco
-2.782;40.466;Embalse de Bolarque (GU);Guadalajara;Castilla y Leon;2007;Sep;Animalia;Aves;Anatidae;Netta;Netta rufina;Pato colorado
-2.782;40.466;Embalse de Bolarque (GU);Guadalajara;Castilla y Leon;2008;Dec;Animalia;Aves;Podicipedidae;Podiceps;Podiceps cristatus;Somormujo lavanco
-2.782;40.466;Embalse de Bolarque (GU);Guadalajara;Castilla y Leon;2008;Sep;Animalia;Aves;Anatidae;Netta;Netta rufina;Pato colorado
-2.782;40.466;Embalse de Bolarque (GU);Guadalajara;Castilla y Leon;2008;Sep;Animalia;Aves;Podicipedidae;Tachybaptus;Tachybaptus ruficollis;Zampullin comun
-2.782;40.466;Embalse de Bolarque (GU);Guadalajara;Castilla y Leon;2009;Dec;Animalia;Aves;Podicipedidae;Podiceps;Podiceps cristatus;Somormujo lavanco
-2.782;40.466;Embalse de Bolarque (GU);Guadalajara;Castilla y Leon;2009;Dec;Animalia;Aves;Podicipedidae;Podiceps;Podiceps nigricollis;Zampullin cuellinegro
-2.782;40.466;Embalse de Bolarque (GU);Guadalajara;Castilla y Leon;2009;Sep;Animalia;Aves;Anatidae;Netta;Netta rufina;Pato colorado
-2.782;40.466;Embalse de Bolarque (GU);Guadalajara;Castilla y Leon;2010;Dec;Animalia;Aves;Podicipedidae;Podiceps;Podiceps cristatus;Somormujo lavanco
-2.782;40.466;Embalse de Bolarque (GU);Guadalajara;Castilla y Leon;2010;Sep;Animalia;Aves;Anatidae;Netta;Netta rufina;Pato colorado
-2.787;41.071;Embalse de El Atance (GU);Guadalajara;Castilla y Leon;2005;Dec;Animalia;Aves;Podicipedidae;Podiceps;Podiceps cristatus;Somormujo lavanco
-2.787;41.071;Embalse de El Atance (GU);Guadalajara;Castilla y Leon;2006;Dec;Animalia;Aves;Podicipedidae;Podiceps;Podiceps cristatus;Somormujo lavanco
-2.787;41.071;Embalse de El Atance (GU);Guadalajara;Castilla y Leon;2007;Dec;Animalia;Aves;Podicipedidae;Podiceps;Podiceps cristatus;Somormujo lavanco
-2.787;41.071;Embalse de El Atance (GU);Guadalajara;Castilla y Leon;2007;Dec;Animalia;Aves;Podicipedidae;Podiceps;Podiceps nigricollis;Zampullin cuellinegro
-2.787;41.071;Embalse de El Atance (GU);Guadalajara;Castilla y Leon;2008;Sep;Animalia;Aves;Podicipedidae;Tachybaptus;Tachybaptus ruficollis;Zampullin comun
-2.787;41.071;Embalse de El Atance (GU);Guadalajara;Castilla y Leon;2009;Dec;Animalia;Aves;Podicipedidae;Podiceps;Podiceps cristatus;Somormujo lavanco
-2.787;41.071;Embalse de El Atance (GU);Guadalajara;Castilla y Leon;2010;Dec;Animalia;Aves;Podicipedidae;Podiceps;Podiceps cristatus;Somormujo lavanco
-2.712;40.556;Embalse de EntrePenas (GU);Guadalajara;Castilla y Leon;2006;Dec;Animalia;Aves;Podicipedidae;Podiceps;Podiceps cristatus;Somormujo lavanco
-2.712;40.556;Embalse de EntrePenas (GU);Guadalajara;Castilla y Leon;2007;Dec;Animalia;Aves;Podicipedidae;Podiceps;Podiceps cristatus;Somormujo lavanco
-2.712;40.556;Embalse de EntrePenas (GU);Guadalajara;Castilla y Leon;2008;Dec;Animalia;Aves;Podicipedidae;Podiceps;Podiceps cristatus;Somormujo lavanco
-2.712;40.556;Embalse de EntrePenas (GU);Guadalajara;Castilla y Leon;2009;Dec;Animalia;Aves;Podicipedidae;Podiceps;Podiceps cristatus;Somormujo lavanco
-2.712;40.556;Embalse de EntrePenas (GU);Guadalajara;Castilla y Leon;2010;Dec;Animalia;Aves;Podicipedidae;Podiceps;Podiceps cristatus;Somormujo lavanco
-2.712;40.556;Embalse de EntrePenas (GU);Guadalajara;Castilla y Leon;2010;Sep;Animalia;Aves;Anatidae;Netta;Netta rufina;Pato colorado
-2.833;40.238;Embalse de la Bujeda (GU);Guadalajara;Castilla y Leon;2009;Dec;Animalia;Aves;Podicipedidae;Podiceps;Podiceps cristatus;Somormujo lavanco
-2.833;40.238;Embalse de la Bujeda (GU);Guadalajara;Castilla y Leon;2010;Dec;Animalia;Aves;Podicipedidae;Podiceps;Podiceps cristatus;Somormujo lavanco
-2.912;41.061;Embalse de Palmaces (GU);Guadalajara;Castilla y Leon;2005;Dec;Animalia;Aves;Podicipedidae;Podiceps;Podiceps cristatus;Somormujo lavanco
-2.912;41.061;Embalse de Palmaces (GU);Guadalajara;Castilla y Leon;2006;Dec;Animalia;Aves;Podicipedidae;Podiceps;Podiceps cristatus;Somormujo lavanco
-2.912;41.061;Embalse de Palmaces (GU);Guadalajara;Castilla y Leon;2009;Dec;Animalia;Aves;Podicipedidae;Podiceps;Podiceps cristatus;Somormujo lavanco
-2.912;41.061;Embalse de Palmaces (GU);Guadalajara;Castilla y Leon;2010;Dec;Animalia;Aves;Podicipedidae;Podiceps;Podiceps cristatus;Somormujo lavanco
-3.257;40.549;Reserva Ornitologica de Azuqueca de Henares, Guadalajara.;Guadalajara;Castilla y Leon;2012;Sep;Animalia;Aves;Fringillidae;Fringilla;Fringilla coelebs;Common Chaffinch
-3.257;40.549;Reserva Ornitologica de Azuqueca de Henares, Guadalajara.;Guadalajara;Castilla y Leon;2012;Sep;Animalia;Aves;Podicipedidae;Tachybaptus;Tachybaptus ruficollis;Little Grebe
-3.257;40.549;Reserva Ornitologica de Azuqueca de Henares, Guadalajara.;Guadalajara;Castilla y Leon;2012;Sep;Animalia;Aves;Ardeidae;Ardea;Ardea alba;Great Egret
-2.51;43.16;Aixola;Gipuzkoa;Euskadi;2002;Sep;Animalia;Aves;Podicipedidae;Tachybaptus;Tachybaptus ruficollis;Zampullin comun
-2.51;43.16;Aixola;Gipuzkoa;Euskadi;2003;Sep;Animalia;Aves;Podicipedidae;Tachybaptus;Tachybaptus ruficollis;Zampullin comun
-2.51;43.16;Aixola;Gipuzkoa;Euskadi;2005;Sep;Animalia;Aves;Podicipedidae;Tachybaptus;Tachybaptus ruficollis;Zampullin comun
-2.51;43.16;Aixola;Gipuzkoa;Euskadi;2009;Dec;Animalia;Aves;Podicipedidae;Podiceps;Podiceps cristatus;Somormujo lavanco
-1.788;43.281;Parque Natural Aiako Harria;Gipuzkoa;Euskadi;2015;Sep;Animalia;Aves;Fringillidae;Fringilla;Fringilla coelebs;Common Chaffinch
-1.788;43.281;Parque Natural Aiako Harria;Gipuzkoa;Euskadi;2016;Sep;Animalia;Aves;Fringillidae;Fringilla;Fringilla coelebs;Common Chaffinch
-6.566;37.046; Acebuche de la Poleosa;Huelva;Andalucia;2019;Feb;Animalia;Reptilia;Blanidae;Blanus;Blanus cinereus;Mediterranean Worm Lizard
-6.851;37.858; Almonaster la Real;Huelva;Andalucia;2019;Oct;Animalia;Reptilia;Blanidae;Blanus;Blanus cinereus;Mediterranean Worm Lizard
-6.568;37.009; Almonte;Huelva;Andalucia;2017;Sep;Animalia;Reptilia;Chamaeleonidae;Chamaeleo;Chamaeleo chamaeleon;Common Chameleon
-6.568;37.009; Almonte;Huelva;Andalucia;2019;Aug;Animalia;Reptilia;Chamaeleonidae;Chamaeleo;Chamaeleo chamaeleon;Common Chameleon
-6.565;37.011; Almonte;Huelva;Andalucia;2019;Sep;Animalia;Reptilia;Chamaeleonidae;Chamaeleo;Chamaeleo chamaeleon;Common Chameleon
-6.526;36.99; Almonte;Huelva;Andalucia;2019;Sep;Animalia;Reptilia;Blanidae;Blanus;Blanus cinereus;Mediterranean Worm Lizard
-6.724;37.099; Almonte;Huelva;Andalucia;2020;Feb;Animalia;Reptilia;Blanidae;Blanus;Blanus cinereus;Mediterranean Worm Lizard
-6.58;37.02; Almonte;Huelva;Andalucia;2020;Mar;Animalia;Reptilia;Blanidae;Blanus;Blanus cinereus;Mediterranean Worm Lizard
-6.526;37.079; Almonte;Huelva;Andalucia;2020;Feb;Animalia;Reptilia;Blanidae;Blanus;Blanus cinereus;Mediterranean Worm Lizard
-6.551;37.339; Bollullos Par del Condado;Huelva;Andalucia;2020;Feb;Animalia;Reptilia;Blanidae;Blanus;Blanus cinereus;Mediterranean Worm Lizard
-7.071;37.804; Cabezas Rubias;Huelva;Andalucia;2020;Feb;Animalia;Reptilia;Blanidae;Blanus;Blanus cinereus;Mediterranean Worm Lizard
-7.068;37.829; Cabezas Rubias;Huelva;Andalucia;2020;Feb;Animalia;Reptilia;Colubridae;Hemorrhois;Hemorrhois hippocrepis;Horseshoe Whip Snake
-7.149;37.276; Cartaya;Huelva;Andalucia;2019;Sep;Animalia;Reptilia;Chamaeleonidae;Chamaeleo;Chamaeleo chamaeleon;Common Chameleon
-7.14;37.26; Cartaya;Huelva;Andalucia;2019;Jul;Animalia;Reptilia;Chamaeleonidae;Chamaeleo;Chamaeleo chamaeleon;Common Chameleon
-7.1;37.217; Cartaya;Huelva;Andalucia;2019;Aug;Animalia;Reptilia;Chamaeleonidae;Chamaeleo;Chamaeleo chamaeleon;Common Chameleon
-7.085;37.216; Cartaya;Huelva;Andalucia;2019;Aug;Animalia;Reptilia;Chamaeleonidae;Chamaeleo;Chamaeleo chamaeleon;Common Chameleon
-7.08;37.21; Cartaya;Huelva;Andalucia;2019;Aug;Animalia;Reptilia;Chamaeleonidae;Chamaeleo;Chamaeleo chamaeleon;Common Chameleon
-7.07;37.22; Cartaya;Huelva;Andalucia;2019;Jul;Animalia;Reptilia;Chamaeleonidae;Chamaeleo;Chamaeleo chamaeleon;Common Chameleon
-7.07;37.22; Cartaya;Huelva;Andalucia;2019;Aug;Animalia;Reptilia;Chamaeleonidae;Chamaeleo;Chamaeleo chamaeleon;Common Chameleon
-7.067;37.213; Cartaya;Huelva;Andalucia;2019;Oct;Animalia;Reptilia;Chamaeleonidae;Chamaeleo;Chamaeleo chamaeleon;Common Chameleon
-7.064;37.213; Cartaya;Huelva;Andalucia;2019;Aug;Animalia;Reptilia;Chamaeleonidae;Chamaeleo;Chamaeleo chamaeleon;Common Chameleon
-7.061;37.228; Cartaya;Huelva;Andalucia;2019;Aug;Animalia;Reptilia;Chamaeleonidae;Chamaeleo;Chamaeleo chamaeleon;Common Chameleon
-7.06;37.22; Cartaya;Huelva;Andalucia;2019;Jul;Animalia;Reptilia;Chamaeleonidae;Chamaeleo;Chamaeleo chamaeleon;Common Chameleon
-7.06;37.21; Cartaya;Huelva;Andalucia;2019;Aug;Animalia;Reptilia;Chamaeleonidae;Chamaeleo;Chamaeleo chamaeleon;Common Chameleon
-7.057;37.21; Cartaya;Huelva;Andalucia;2019;Aug;Animalia;Reptilia;Chamaeleonidae;Chamaeleo;Chamaeleo chamaeleon;Common Chameleon
-7.056;37.223; Cartaya;Huelva;Andalucia;2019;Aug;Animalia;Reptilia;Chamaeleonidae;Chamaeleo;Chamaeleo chamaeleon;Common Chameleon
-7.055;37.215; Cartaya;Huelva;Andalucia;2019;Aug;Animalia;Reptilia;Chamaeleonidae;Chamaeleo;Chamaeleo chamaeleon;Common Chameleon
-7.055;37.211; Cartaya;Huelva;Andalucia;2019;Oct;Animalia;Reptilia;Blanidae;Blanus;Blanus cinereus;Mediterranean Worm Lizard
-7.054;37.219; Cartaya;Huelva;Andalucia;2019;Sep;Animalia;Reptilia;Blanidae;Blanus;Blanus cinereus;Mediterranean Worm Lizard
-7.27;37.2; Isla Cristina;Huelva;Andalucia;2016;Jun;Animalia;Reptilia;Chamaeleonidae;Chamaeleo;Chamaeleo chamaeleon;Common Chameleon
-7.24;37.204; Isla Cristina;Huelva;Andalucia;2017;Jul;Animalia;Reptilia;Chamaeleonidae;Chamaeleo;Chamaeleo chamaeleon;Common Chameleon
-6.774;37.925; Jabugo;Huelva;Andalucia;2019;Nov;Animalia;Reptilia;Blanidae;Blanus;Blanus cinereus;Mediterranean Worm Lizard
-6.83;37.13; Moguer;Huelva;Andalucia;2015;Sep;Animalia;Reptilia;Chamaeleonidae;Chamaeleo;Chamaeleo chamaeleon;Common Chameleon
-6.94;37.2; Moguer;Huelva;Andalucia;2019;Sep;Animalia;Reptilia;Colubridae;Hemorrhois;Hemorrhois hippocrepis;Horseshoe Whip Snake
-6.881;37.16; Moguer;Huelva;Andalucia;2019;Jul;Animalia;Reptilia;Chamaeleonidae;Chamaeleo;Chamaeleo chamaeleon;Common Chameleon
-6.933;37.203; Moguer;Huelva;Andalucia;2020;Feb;Animalia;Reptilia;Lacertidae;Timon;Timon lepidus;Ocellated Lizard
-6.933;37.203; Moguer;Huelva;Andalucia;2020;Feb;Animalia;Reptilia;Blanidae;Blanus;Blanus cinereus;Mediterranean Worm Lizard
-6.538;37.691; Nerva;Huelva;Andalucia;2018;May;Animalia;Reptilia;Colubridae;Hemorrhois;Hemorrhois hippocrepis;Horseshoe Whip Snake
-6.996;37.192; Punta Umbria;Huelva;Andalucia;2013;Mar;Animalia;Reptilia;Chamaeleonidae;Chamaeleo;Chamaeleo chamaeleon;Common Chameleon
-6.986;37.189; Punta Umbria;Huelva;Andalucia;2015;Aug;Animalia;Reptilia;Chamaeleonidae;Chamaeleo;Chamaeleo chamaeleon;Common Chameleon
-6.985;37.189; Punta Umbria;Huelva;Andalucia;2015;Aug;Animalia;Reptilia;Chamaeleonidae;Chamaeleo;Chamaeleo chamaeleon;Common Chameleon
-6.984;37.189; Punta Umbria;Huelva;Andalucia;2015;Aug;Animalia;Reptilia;Chamaeleonidae;Chamaeleo;Chamaeleo chamaeleon;Common Chameleon
-7.05;37.21; Punta Umbria;Huelva;Andalucia;2016;Aug;Animalia;Reptilia;Chamaeleonidae;Chamaeleo;Chamaeleo chamaeleon;Common Chameleon
-7.045;37.211; Punta Umbria;Huelva;Andalucia;2017;Aug;Animalia;Reptilia;Chamaeleonidae;Chamaeleo;Chamaeleo chamaeleon;Common Chameleon
-6.974;37.19; Punta Umbria;Huelva;Andalucia;2018;Sep;Animalia;Reptilia;Chamaeleonidae;Chamaeleo;Chamaeleo chamaeleon;Common Chameleon
-7.05;37.21; Punta Umbria;Huelva;Andalucia;2019;Aug;Animalia;Reptilia;Chamaeleonidae;Chamaeleo;Chamaeleo chamaeleon;Common Chameleon
-7.05;37.2; Punta Umbria;Huelva;Andalucia;2019;Aug;Animalia;Reptilia;Chamaeleonidae;Chamaeleo;Chamaeleo chamaeleon;Common Chameleon
-7.038;37.209; Punta Umbria;Huelva;Andalucia;2019;Aug;Animalia;Reptilia;Chamaeleonidae;Chamaeleo;Chamaeleo chamaeleon;Common Chameleon
-7.037;37.208; Punta Umbria;Huelva;Andalucia;2019;Aug;Animalia;Reptilia;Chamaeleonidae;Chamaeleo;Chamaeleo chamaeleon;Common Chameleon
-7.035;37.208; Punta Umbria;Huelva;Andalucia;2019;Aug;Animalia;Reptilia;Chamaeleonidae;Chamaeleo;Chamaeleo chamaeleon;Common Chameleon
-7.035;37.208; Punta Umbria;Huelva;Andalucia;2019;Oct;Animalia;Reptilia;Chamaeleonidae;Chamaeleo;Chamaeleo chamaeleon;Common Chameleon
-7.031;37.206; Punta Umbria;Huelva;Andalucia;2019;Aug;Animalia;Reptilia;Chamaeleonidae;Chamaeleo;Chamaeleo chamaeleon;Common Chameleon
-7.031;37.206; Punta Umbria;Huelva;Andalucia;2019;Sep;Animalia;Reptilia;Chamaeleonidae;Chamaeleo;Chamaeleo chamaeleon;Common Chameleon
-7.03;37.206; Punta Umbria;Huelva;Andalucia;2019;Aug;Animalia;Reptilia;Chamaeleonidae;Chamaeleo;Chamaeleo chamaeleon;Common Chameleon
-7.029;37.206; Punta Umbria;Huelva;Andalucia;2019;Oct;Animalia;Reptilia;Blanidae;Blanus;Blanus cinereus;Mediterranean Worm Lizard
-6.974;37.19; Punta Umbria;Huelva;Andalucia;2019;Feb;Animalia;Reptilia;Chamaeleonidae;Chamaeleo;Chamaeleo chamaeleon;Common Chameleon
-6.974;37.19; Punta Umbria;Huelva;Andalucia;2019;Mar;Animalia;Reptilia;Chamaeleonidae;Chamaeleo;Chamaeleo chamaeleon;Common Chameleon
-7.05;37.21; Punta Umbria;Huelva;Andalucia;2020;Mar;Animalia;Reptilia;Chamaeleonidae;Chamaeleo;Chamaeleo chamaeleon;Common Chameleon
-6.493;37.126;Almonte;Huelva;Andalucia;2018;Sep;Animalia;Aves;Threskiornithidae;Plegadis;Plegadis falcinellus;Glossy Ibis
-6.481;37.128;Almonte;Huelva;Andalucia;2018;Sep;Animalia;Aves;Threskiornithidae;Plegadis;Plegadis falcinellus;Glossy Ibis
-6.493;37.126;Almonte ;Huelva;Andalucia;2018;Sep;Animalia;Aves;Threskiornithidae;Platalea;Platalea leucorodia;Eurasian Spoonbill
-6.36;37.129;Arrozal de Hato Blanco;Huelva;Andalucia;2010;Dec;Animalia;Aves;Podicipedidae;Podiceps;Podiceps cristatus;Somormujo lavanco
-6.36;37.129;Arrozal de Hato Blanco;Huelva;Andalucia;2010;Sep;Animalia;Aves;Threskiornithidae;Platalea;Platalea leucorodia;Espatula comun
-6.36;37.129;Arrozal de Hato Blanco;Huelva;Andalucia;2010;Sep;Animalia;Aves;Anatidae;Netta;Netta rufina;Pato colorado
-6.36;37.129;Arrozal de Hato Blanco;Huelva;Andalucia;2010;Sep;Animalia;Aves;Ardeidae;Ardea;Egretta alba;Garceta grande
-6.36;37.129;Arrozal de Hato Blanco;Huelva;Andalucia;2010;Sep;Animalia;Aves;Podicipedidae;Tachybaptus;Tachybaptus ruficollis;Zampullin comun
-6.354;36.985;Cabo del Guadiamar PND ;Huelva;Andalucia;2000;Sep;Animalia;Aves;Anatidae;Netta;Netta rufina;Pato colorado
-6.354;36.985;Cabo del Guadiamar PND ;Huelva;Andalucia;2001;Dec;Animalia;Aves;Podicipedidae;Podiceps;Podiceps cristatus;Somormujo lavanco
-6.354;36.985;Cabo del Guadiamar PND ;Huelva;Andalucia;2001;Dec;Animalia;Aves;Podicipedidae;Podiceps;Podiceps nigricollis;Zampullin cuellinegro
-6.354;36.985;Cabo del Guadiamar PND ;Huelva;Andalucia;2001;Sep;Animalia;Aves;Podicipedidae;Tachybaptus;Tachybaptus ruficollis;Zampullin comun
-6.636;37.131;Complejo lagunar de El Abalario ;Huelva;Andalucia;2001;Sep;Animalia;Aves;Podicipedidae;Tachybaptus;Tachybaptus ruficollis;Zampullin comun
-6.409;36.914;De Aguas Rubias al Lucio del Hondon ;Huelva;Andalucia;2001;Sep;Animalia;Aves;Anatidae;Netta;Netta rufina;Pato colorado
-6.446;37.091;De la Algaida a Hato Villa ;Huelva;Andalucia;2002;Sep;Animalia;Aves;Threskiornithidae;Platalea;Platalea leucorodia;Espatula comun
-6.446;37.091;De la Algaida a Hato Villa ;Huelva;Andalucia;2002;Dec;Animalia;Aves;Anatidae;Tadorna;Tadorna tadorna;Tarro blanco
-6.446;37.091;De la Algaida a Hato Villa ;Huelva;Andalucia;2002;Sep;Animalia;Aves;Threskiornithidae;Plegadis;Plegadis falcinellus;Morito comun
-6.446;37.091;De la Algaida a Hato Villa ;Huelva;Andalucia;2003;Dec;Animalia;Aves;Anatidae;Tadorna;Tadorna tadorna;Tarro blanco
-6.446;37.091;De la Algaida a Hato Villa ;Huelva;Andalucia;2003;Sep;Animalia;Aves;Threskiornithidae;Plegadis;Plegadis falcinellus;Morito comun
-6.446;37.091;De la Algaida a Hato Villa ;Huelva;Andalucia;2003;Sep;Animalia;Aves;Threskiornithidae;Platalea;Platalea leucorodia;Espatula comun
-6.446;37.091;De la Algaida a Hato Villa ;Huelva;Andalucia;2004;Sep;Animalia;Aves;Threskiornithidae;Platalea;Platalea leucorodia;Espatula comun
-6.446;37.091;De la Algaida a Hato Villa ;Huelva;Andalucia;2004;Sep;Animalia;Aves;Threskiornithidae;Plegadis;Plegadis falcinellus;Morito comun
-6.432;37.009;Del Palacio a la Algaida ;Huelva;Andalucia;2000;Dec;Animalia;Aves;Podicipedidae;Podiceps;Podiceps cristatus;Somormujo lavanco
-6.432;37.009;Del Palacio a la Algaida ;Huelva;Andalucia;2000;Dec;Animalia;Aves;Podicipedidae;Podiceps;Podiceps nigricollis;Zampullin cuellinegro
-6.432;37.009;Del Palacio a la Algaida ;Huelva;Andalucia;2000;Sep;Animalia;Aves;Ardeidae;Ardea;Egretta alba;Garceta grande
-6.432;37.009;Del Palacio a la Algaida ;Huelva;Andalucia;2000;Sep;Animalia;Aves;Podicipedidae;Tachybaptus;Tachybaptus ruficollis;Zampullin comun
-6.432;37.009;Del Palacio a la Algaida ;Huelva;Andalucia;2001;Dec;Animalia;Aves;Podicipedidae;Podiceps;Podiceps cristatus;Somormujo lavanco
-6.432;37.009;Del Palacio a la Algaida ;Huelva;Andalucia;2001;Dec;Animalia;Aves;Podicipedidae;Podiceps;Podiceps nigricollis;Zampullin cuellinegro
-6.432;37.009;Del Palacio a la Algaida ;Huelva;Andalucia;2001;Sep;Animalia;Aves;Threskiornithidae;Platalea;Platalea leucorodia;Espatula comun
-6.432;37.009;Del Palacio a la Algaida ;Huelva;Andalucia;2001;Dec;Animalia;Aves;Anatidae;Tadorna;Tadorna tadorna;Tarro blanco
-6.432;37.009;Del Palacio a la Algaida ;Huelva;Andalucia;2001;Sep;Animalia;Aves;Podicipedidae;Tachybaptus;Tachybaptus ruficollis;Zampullin comun
-6.432;37.009;Del Palacio a la Algaida ;Huelva;Andalucia;2002;Sep;Animalia;Aves;Threskiornithidae;Platalea;Platalea leucorodia;Espatula comun
-6.432;37.009;Del Palacio a la Algaida ;Huelva;Andalucia;2003;Sep;Animalia;Aves;Threskiornithidae;Platalea;Platalea leucorodia;Espatula comun
-6.432;37.009;Del Palacio a la Algaida ;Huelva;Andalucia;2004;Sep;Animalia;Aves;Threskiornithidae;Platalea;Platalea leucorodia;Espatula comun
-6.432;37.009;Del Palacio a la Algaida ;Huelva;Andalucia;2004;Sep;Animalia;Aves;Threskiornithidae;Plegadis;Plegadis falcinellus;Morito comun
-6.432;37.009;Del Palacio a la Algaida ;Huelva;Andalucia;2004;Sep;Animalia;Aves;Podicipedidae;Tachybaptus;Tachybaptus ruficollis;Zampullin comun
-6.438;36.983;Del Puntal al Palacio de Donana ;Huelva;Andalucia;2000;Dec;Animalia;Aves;Podicipedidae;Podiceps;Podiceps nigricollis;Zampullin cuellinegro
-6.438;36.983;Del Puntal al Palacio de Donana ;Huelva;Andalucia;2000;Sep;Animalia;Aves;Podicipedidae;Tachybaptus;Tachybaptus ruficollis;Zampullin comun
-6.438;36.983;Del Puntal al Palacio de Donana ;Huelva;Andalucia;2001;Sep;Animalia;Aves;Podicipedidae;Tachybaptus;Tachybaptus ruficollis;Zampullin comun
-6.438;36.983;Del Puntal al Palacio de Donana ;Huelva;Andalucia;2002;Dec;Animalia;Aves;Podicipedidae;Podiceps;Podiceps nigricollis;Zampullin cuellinegro
-6.438;36.983;Del Puntal al Palacio de Donana ;Huelva;Andalucia;2003;Sep;Animalia;Aves;Anatidae;Netta;Netta rufina;Pato colorado
-6.438;36.983;Del Puntal al Palacio de Donana ;Huelva;Andalucia;2004;Sep;Animalia;Aves;Anatidae;Netta;Netta rufina;Pato colorado
-6.438;36.983;Del Puntal al Palacio de Donana ;Huelva;Andalucia;2004;Sep;Animalia;Aves;Podicipedidae;Tachybaptus;Tachybaptus ruficollis;Zampullin comun
-6.499;37.126;Donana PN--Centro de Visitantes La Rocina;Huelva;Andalucia;2002;Dec;Animalia;Aves;Podicipedidae;Podiceps;Podiceps cristatus;Great Crested Grebe
-6.499;37.126;Donana PN--Centro de Visitantes La Rocina;Huelva;Andalucia;2002;Sep;Animalia;Aves;Fringillidae;Fringilla;Fringilla coelebs;Common Chaffinch
-6.499;37.126;Donana PN--Centro de Visitantes La Rocina;Huelva;Andalucia;2002;Jun;Animalia;Aves;Hirundinidae;Hirundo;Hirundo rustica;Barn Swallow
-6.499;37.126;Donana PN--Centro de Visitantes La Rocina;Huelva;Andalucia;2002;Sep;Animalia;Aves;Threskiornithidae;Platalea;Platalea leucorodia;Eurasian Spoonbill
-6.499;37.126;Donana PN--Centro de Visitantes La Rocina;Huelva;Andalucia;2002;Sep;Animalia;Aves;Threskiornithidae;Plegadis;Plegadis falcinellus;Glossy Ibis
-6.499;37.126;Donana PN--Centro de Visitantes La Rocina;Huelva;Andalucia;2002;Sep;Animalia;Aves;Podicipedidae;Tachybaptus;Tachybaptus ruficollis;Little Grebe
-6.486;37.126;Donana PN--Marisma de El Rocio;Huelva;Andalucia;2002;Dec;Animalia;Aves;Tytonidae;Tyto;Tyto alba;Barn Owl
-6.5;37;EL ACEBUCHE;Huelva;Andalucia;2000;Dec;Animalia;Aves;Tytonidae;Tyto;Tyto alba;Lechuza comun
-6.564;37.052;El Acebuche ;Huelva;Andalucia;2000;Sep;Animalia;Aves;Anatidae;Netta;Netta rufina;Pato colorado
-6.564;37.052;El Acebuche ;Huelva;Andalucia;2000;Sep;Animalia;Aves;Podicipedidae;Tachybaptus;Tachybaptus ruficollis;Zampullin comun
-6.564;37.052;El Acebuche ;Huelva;Andalucia;2001;Sep;Animalia;Aves;Podicipedidae;Tachybaptus;Tachybaptus ruficollis;Zampullin comun
-6.564;37.052;El Acebuche ;Huelva;Andalucia;2004;Sep;Animalia;Aves;Podicipedidae;Tachybaptus;Tachybaptus ruficollis;Zampullin comun
-6.433;39.154;Embalse de los Conejos ;Huelva;Andalucia;2003;Dec;Animalia;Aves;Podicipedidae;Podiceps;Podiceps cristatus;Somormujo lavanco
-6.898;37.203;Estero de Domingo Rubio ;Huelva;Andalucia;2002;Sep;Animalia;Aves;Threskiornithidae;Platalea;Platalea leucorodia;Espatula comun
-6.898;37.203;Estero de Domingo Rubio ;Huelva;Andalucia;2003;Sep;Animalia;Aves;Threskiornithidae;Platalea;Platalea leucorodia;Espatula comun
-6.898;37.203;Estero de Domingo Rubio ;Huelva;Andalucia;2004;Dec;Animalia;Aves;Podicipedidae;Podiceps;Podiceps nigricollis;Zampullin cuellinegro
-6.898;37.203;Estero de Domingo Rubio ;Huelva;Andalucia;2004;Sep;Animalia;Aves;Ardeidae;Nycticorax;Nycticorax nycticorax;Martinete comun
-6.898;37.203;Estero de Domingo Rubio ;Huelva;Andalucia;2004;Sep;Animalia;Aves;Podicipedidae;Tachybaptus;Tachybaptus ruficollis;Zampullin comun
-7;37.35;Gibraleon;Huelva;Andalucia;2020;Feb;Animalia;Mammalia;Canidae;Vulpes;Vulpes vulpes;Red Fox
-6.367;37.098;Guadiamar encauzado ;Huelva;Andalucia;2001;Dec;Animalia;Aves;Podicipedidae;Podiceps;Podiceps cristatus;Somormujo lavanco
-6.367;37.098;Guadiamar encauzado ;Huelva;Andalucia;2001;Dec;Animalia;Aves;Podicipedidae;Podiceps;Podiceps nigricollis;Zampullin cuellinegro
-6.367;37.098;Guadiamar encauzado ;Huelva;Andalucia;2001;Sep;Animalia;Aves;Podicipedidae;Tachybaptus;Tachybaptus ruficollis;Zampullin comun
-6.367;37.098;Guadiamar encauzado ;Huelva;Andalucia;2002;Dec;Animalia;Aves;Podicipedidae;Podiceps;Podiceps cristatus;Somormujo lavanco
-6.367;37.098;Guadiamar encauzado ;Huelva;Andalucia;2002;Sep;Animalia;Aves;Threskiornithidae;Platalea;Platalea leucorodia;Espatula comun
-6.367;37.098;Guadiamar encauzado ;Huelva;Andalucia;2002;Sep;Animalia;Aves;Anatidae;Netta;Netta rufina;Pato colorado
-6.367;37.098;Guadiamar encauzado ;Huelva;Andalucia;2002;Dec;Animalia;Aves;Podicipedidae;Podiceps;Podiceps nigricollis;Zampullin cuellinegro
-6.367;37.098;Guadiamar encauzado ;Huelva;Andalucia;2003;Dec;Animalia;Aves;Podicipedidae;Podiceps;Podiceps cristatus;Somormujo lavanco
-6.367;37.098;Guadiamar encauzado ;Huelva;Andalucia;2004;Dec;Animalia;Aves;Podicipedidae;Podiceps;Podiceps cristatus;Somormujo lavanco
-6.367;37.098;Guadiamar encauzado ;Huelva;Andalucia;2004;Sep;Animalia;Aves;Anatidae;Netta;Netta rufina;Pato colorado
-6.367;37.098;Guadiamar encauzado ;Huelva;Andalucia;2004;Sep;Animalia;Aves;Ardeidae;Ardeola;Ardeola ralloides;Garcilla cangrejera
-6.367;37.098;Guadiamar encauzado ;Huelva;Andalucia;2004;Sep;Animalia;Aves;Ardeidae;Ardea;Egretta alba;Garceta grande
-6.367;37.098;Guadiamar encauzado ;Huelva;Andalucia;2004;Sep;Animalia;Aves;Podicipedidae;Tachybaptus;Tachybaptus ruficollis;Zampullin comun
-6.411;36.964;Junquera a Veta Carrizosa ;Huelva;Andalucia;2000;Dec;Animalia;Aves;Anatidae;Tadorna;Tadorna tadorna;Tarro blanco
-6.5;37;LA F.A.O.;Huelva;Andalucia;2000;Feb;Animalia;Aves;Threskiornithidae;Plegadis;Plegadis falcinellus;Morito comun
-6.5;37.131;La Rocina ;Huelva;Andalucia;2000;Sep;Animalia;Aves;Podicipedidae;Tachybaptus;Tachybaptus ruficollis;Zampullin comun
-6.5;37.131;La Rocina ;Huelva;Andalucia;2001;Sep;Animalia;Aves;Threskiornithidae;Plegadis;Plegadis falcinellus;Morito comun
-6.5;37.131;La Rocina ;Huelva;Andalucia;2001;Sep;Animalia;Aves;Podicipedidae;Tachybaptus;Tachybaptus ruficollis;Zampullin comun
-6.5;37.131;La Rocina ;Huelva;Andalucia;2002;Sep;Animalia;Aves;Threskiornithidae;Plegadis;Plegadis falcinellus;Morito comun
-6.5;37.131;La Rocina ;Huelva;Andalucia;2003;Sep;Animalia;Aves;Threskiornithidae;Plegadis;Plegadis falcinellus;Morito comun
-6.5;37.131;La Rocina ;Huelva;Andalucia;2004;Sep;Animalia;Aves;Threskiornithidae;Plegadis;Plegadis falcinellus;Morito comun
-6.5;37.131;La Rocina ;Huelva;Andalucia;2004;Sep;Animalia;Aves;Ardeidae;Ardeola;Ardeola ralloides;Garcilla cangrejera
-6.5;37.131;La Rocina ;Huelva;Andalucia;2004;Sep;Animalia;Aves;Podicipedidae;Tachybaptus;Tachybaptus ruficollis;Zampullin comun
-6.891;37.174;Laguna de Palos y Las Madres ;Huelva;Andalucia;2003;Sep;Animalia;Aves;Podicipedidae;Tachybaptus;Tachybaptus ruficollis;Zampullin comun
-6.891;37.174;Laguna de Palos y Las Madres ;Huelva;Andalucia;2004;Sep;Animalia;Aves;Ardeidae;Ardeola;Ardeola ralloides;Garcilla cangrejera
-6.891;37.174;Laguna de Palos y Las Madres ;Huelva;Andalucia;2004;Sep;Animalia;Aves;Podicipedidae;Tachybaptus;Tachybaptus ruficollis;Zampullin comun
-7.043;37.215;Laguna del Portil ;Huelva;Andalucia;2003;Dec;Animalia;Aves;Podicipedidae;Podiceps;Podiceps nigricollis;Zampullin cuellinegro
-7.043;37.215;Laguna del Portil ;Huelva;Andalucia;2003;Sep;Animalia;Aves;Anatidae;Netta;Netta rufina;Pato colorado
-7.043;37.215;Laguna del Portil ;Huelva;Andalucia;2003;Sep;Animalia;Aves;Podicipedidae;Tachybaptus;Tachybaptus ruficollis;Zampullin comun
-7.043;37.215;Laguna del Portil ;Huelva;Andalucia;2004;Sep;Animalia;Aves;Podicipedidae;Tachybaptus;Tachybaptus ruficollis;Zampullin comun
-6.478;36.981;Lagunas de Santa Olalla y Dulce ;Huelva;Andalucia;2000;Sep;Animalia;Aves;Podicipedidae;Tachybaptus;Tachybaptus ruficollis;Zampullin comun
-6.478;36.981;Lagunas de Santa Olalla y Dulce ;Huelva;Andalucia;2001;Sep;Animalia;Aves;Anatidae;Netta;Netta rufina;Pato colorado
-6.478;36.981;Lagunas de Santa Olalla y Dulce ;Huelva;Andalucia;2002;Dec;Animalia;Aves;Podicipedidae;Podiceps;Podiceps cristatus;Somormujo lavanco
-6.478;36.981;Lagunas de Santa Olalla y Dulce ;Huelva;Andalucia;2003;Sep;Animalia;Aves;Anatidae;Netta;Netta rufina;Pato colorado
-6.478;36.981;Lagunas de Santa Olalla y Dulce ;Huelva;Andalucia;2004;Dec;Animalia;Aves;Podicipedidae;Podiceps;Podiceps cristatus;Somormujo lavanco
-6.478;36.981;Lagunas de Santa Olalla y Dulce ;Huelva;Andalucia;2004;Sep;Animalia;Aves;Podicipedidae;Tachybaptus;Tachybaptus ruficollis;Zampullin comun
-6.65;37;Lagunas Peridunares de Donana;Huelva;Andalucia;2017;Mar;Animalia;Mammalia;Mustelidae;Meles;Meles meles;Eurasian Badger
-6.451;37.079;Lagunas Peridunares de Donana;Huelva;Andalucia;2017;Sep;Animalia;Mammalia;Herpestidae;Herpestes;Herpestes ichneumon;Egyptian Mongoose
-6.55;37;Lagunas Peridunares de Donana;Huelva;Andalucia;2020;Sep;Animalia;Mammalia;Canidae;Vulpes;Vulpes vulpes;Red Fox
-6.747;37.149;Lucena del Puerto;Huelva;Andalucia;2017;Apr;Animalia;Amphibia;Pelobatidae;Pelobates;Pelobates cultripes;Western Spadefoot
-6.747;37.15;Lucena del Puerto;Huelva;Andalucia;2017;May;Animalia;Amphibia;Pelobatidae;Pelobates;Pelobates cultripes;Western Spadefoot
-6.745;37.152;Lucena del Puerto;Huelva;Andalucia;2017;May;Animalia;Amphibia;Pelobatidae;Pelobates;Pelobates cultripes;Western Spadefoot
-6.744;37.154;Lucena del Puerto;Huelva;Andalucia;2017;Apr;Animalia;Amphibia;Pelobatidae;Pelobates;Pelobates cultripes;Western Spadefoot
-6.742;37.156;Lucena del Puerto;Huelva;Andalucia;2017;Apr;Animalia;Amphibia;Pelobatidae;Pelobates;Pelobates cultripes;Western Spadefoot
-6.74;37.158;Lucena del Puerto;Huelva;Andalucia;2017;May;Animalia;Amphibia;Pelobatidae;Pelobates;Pelobates cultripes;Western Spadefoot
-6.739;37.159;Lucena del Puerto;Huelva;Andalucia;2017;Apr;Animalia;Amphibia;Pelobatidae;Pelobates;Pelobates cultripes;Western Spadefoot
-6.738;37.16;Lucena del Puerto;Huelva;Andalucia;2017;Apr;Animalia;Amphibia;Pelobatidae;Pelobates;Pelobates cultripes;Western Spadefoot
-6.379;36.918;Lucios de Veta Lengua y Aguas Rubias ;Huelva;Andalucia;2001;Sep;Animalia;Aves;Anatidae;Netta;Netta rufina;Pato colorado
-6.382;36.99;Marisma de Hinojos ;Huelva;Andalucia;2000;Sep;Animalia;Aves;Anatidae;Netta;Netta rufina;Pato colorado
-6.382;36.99;Marisma de Hinojos ;Huelva;Andalucia;2001;Dec;Animalia;Aves;Anatidae;Tadorna;Tadorna tadorna;Tarro blanco
-6.382;36.99;Marisma de Hinojos ;Huelva;Andalucia;2001;Dec;Animalia;Aves;Podicipedidae;Podiceps;Podiceps nigricollis;Zampullin cuellinegro
-6.382;36.99;Marisma de Hinojos ;Huelva;Andalucia;2001;Sep;Animalia;Aves;Podicipedidae;Tachybaptus;Tachybaptus ruficollis;Zampullin comun
-6.382;36.99;Marisma de Hinojos ;Huelva;Andalucia;2002;Dec;Animalia;Aves;Podicipedidae;Podiceps;Podiceps cristatus;Somormujo lavanco
-6.382;36.99;Marisma de Hinojos ;Huelva;Andalucia;2002;Sep;Animalia;Aves;Threskiornithidae;Plegadis;Plegadis falcinellus;Morito comun
-6.382;36.99;Marisma de Hinojos ;Huelva;Andalucia;2002;Dec;Animalia;Aves;Anatidae;Tadorna;Tadorna tadorna;Tarro blanco
-6.382;36.99;Marisma de Hinojos ;Huelva;Andalucia;2002;Dec;Animalia;Aves;Podicipedidae;Podiceps;Podiceps nigricollis;Zampullin cuellinegro
-6.382;36.99;Marisma de Hinojos ;Huelva;Andalucia;2002;Sep;Animalia;Aves;Anatidae;Netta;Netta rufina;Pato colorado
-6.382;36.99;Marisma de Hinojos ;Huelva;Andalucia;2003;Dec;Animalia;Aves;Podicipedidae;Podiceps;Podiceps nigricollis;Zampullin cuellinegro
-6.382;36.99;Marisma de Hinojos ;Huelva;Andalucia;2003;Dec;Animalia;Aves;Anatidae;Tadorna;Tadorna tadorna;Tarro blanco
-6.382;36.99;Marisma de Hinojos ;Huelva;Andalucia;2004;Dec;Animalia;Aves;Podicipedidae;Podiceps;Podiceps cristatus;Somormujo lavanco
-6.382;36.99;Marisma de Hinojos ;Huelva;Andalucia;2004;Sep;Animalia;Aves;Anatidae;Netta;Netta rufina;Pato colorado
-6.382;36.99;Marisma de Hinojos ;Huelva;Andalucia;2004;Dec;Animalia;Aves;Podicipedidae;Podiceps;Podiceps nigricollis;Zampullin cuellinegro
-6.382;36.99;Marisma de Hinojos ;Huelva;Andalucia;2004;Sep;Animalia;Aves;Ardeidae;Ardeola;Ardeola ralloides;Garcilla cangrejera
-6.382;36.99;Marisma de Hinojos ;Huelva;Andalucia;2004;Sep;Animalia;Aves;Ardeidae;Ardea;Egretta alba;Garceta grande
-6.382;36.99;Marisma de Hinojos ;Huelva;Andalucia;2004;Sep;Animalia;Aves;Podicipedidae;Tachybaptus;Tachybaptus ruficollis;Zampullin comun
-7.332;37.201;Marisma de Isla Cristina ;Huelva;Andalucia;2002;Dec;Animalia;Aves;Podicipedidae;Podiceps;Podiceps cristatus;Somormujo lavanco
-7.332;37.201;Marisma de Isla Cristina ;Huelva;Andalucia;2002;Sep;Animalia;Aves;Threskiornithidae;Platalea;Platalea leucorodia;Espatula comun
-7.332;37.201;Marisma de Isla Cristina ;Huelva;Andalucia;2002;Dec;Animalia;Aves;Podicipedidae;Podiceps;Podiceps nigricollis;Zampullin cuellinegro
-7.332;37.201;Marisma de Isla Cristina ;Huelva;Andalucia;2003;Dec;Animalia;Aves;Podicipedidae;Podiceps;Podiceps nigricollis;Zampullin cuellinegro
-7.332;37.201;Marisma de Isla Cristina ;Huelva;Andalucia;2003;Sep;Animalia;Aves;Threskiornithidae;Platalea;Platalea leucorodia;Espatula comun
-7.332;37.201;Marisma de Isla Cristina ;Huelva;Andalucia;2004;Dec;Animalia;Aves;Podicipedidae;Podiceps;Podiceps nigricollis;Zampullin cuellinegro
-7.332;37.201;Marisma de Isla Cristina ;Huelva;Andalucia;2004;Sep;Animalia;Aves;Threskiornithidae;Platalea;Platalea leucorodia;Espatula comun
-7.332;37.201;Marisma de Isla Cristina ;Huelva;Andalucia;2004;Sep;Animalia;Aves;Podicipedidae;Tachybaptus;Tachybaptus ruficollis;Zampullin comun
-6.484;37.128;Marismas de El Rocio ;Huelva;Andalucia;2000;Sep;Animalia;Aves;Podicipedidae;Tachybaptus;Tachybaptus ruficollis;Zampullin comun
-6.484;37.128;Marismas de El Rocio ;Huelva;Andalucia;2001;Dec;Animalia;Aves;Anatidae;Tadorna;Tadorna tadorna;Tarro blanco
-6.484;37.128;Marismas de El Rocio ;Huelva;Andalucia;2001;Sep;Animalia;Aves;Podicipedidae;Tachybaptus;Tachybaptus ruficollis;Zampullin comun
-6.484;37.128;Marismas de El Rocio ;Huelva;Andalucia;2002;Dec;Animalia;Aves;Podicipedidae;Podiceps;Podiceps nigricollis;Zampullin cuellinegro
-6.484;37.128;Marismas de El Rocio ;Huelva;Andalucia;2002;Sep;Animalia;Aves;Threskiornithidae;Platalea;Platalea leucorodia;Espatula comun
-6.484;37.128;Marismas de El Rocio ;Huelva;Andalucia;2003;Sep;Animalia;Aves;Threskiornithidae;Platalea;Platalea leucorodia;Espatula comun
-6.484;37.128;Marismas de El Rocio ;Huelva;Andalucia;2004;Sep;Animalia;Aves;Threskiornithidae;Plegadis;Plegadis falcinellus;Morito comun
-6.484;37.128;Marismas de El Rocio ;Huelva;Andalucia;2004;Sep;Animalia;Aves;Threskiornithidae;Platalea;Platalea leucorodia;Espatula comun
-6.484;37.128;Marismas de El Rocio ;Huelva;Andalucia;2004;Sep;Animalia;Aves;Podicipedidae;Tachybaptus;Tachybaptus ruficollis;Zampullin comun
-6.388;37.135;Marismas del Coto del Rey ;Huelva;Andalucia;2009;Sep;Animalia;Aves;Threskiornithidae;Plegadis;Plegadis falcinellus;Morito comun
-6.388;37.135;Marismas del Coto del Rey ;Huelva;Andalucia;2010;Sep;Animalia;Aves;Threskiornithidae;Plegadis;Plegadis falcinellus;Morito comun
-6.967;37.253;Marismas del Odiel;Huelva;Andalucia;2017;Feb;Animalia;Amphibia;Hylidae;Hyla;Hyla meridionalis;Mediterranean Tree Frog
-6.97;37.254;Marismas del Odiel;Huelva;Andalucia;2018;Sep;Animalia;Amphibia;Hylidae;Hyla;Hyla meridionalis;Mediterranean Tree Frog
-6.969;37.252;Marismas del Odiel;Huelva;Andalucia;2018;Sep;Animalia;Amphibia;Hylidae;Hyla;Hyla meridionalis;Mediterranean Tree Frog
-6.968;37.254;Marismas del Odiel;Huelva;Andalucia;2018;Sep;Animalia;Amphibia;Hylidae;Hyla;Hyla meridionalis;Mediterranean Tree Frog
-6.988;37.236;Marismas del Odiel ;Huelva;Andalucia;2002;Dec;Animalia;Aves;Podicipedidae;Podiceps;Podiceps cristatus;Somormujo lavanco
-6.988;37.236;Marismas del Odiel ;Huelva;Andalucia;2002;Sep;Animalia;Aves;Threskiornithidae;Platalea;Platalea leucorodia;Espatula comun
-6.988;37.236;Marismas del Odiel ;Huelva;Andalucia;2002;Dec;Animalia;Aves;Podicipedidae;Podiceps;Podiceps nigricollis;Zampullin cuellinegro
-6.988;37.236;Marismas del Odiel ;Huelva;Andalucia;2002;Dec;Animalia;Aves;Anatidae;Tadorna;Tadorna tadorna;Tarro blanco
-6.988;37.236;Marismas del Odiel ;Huelva;Andalucia;2002;Sep;Animalia;Aves;Anatidae;Netta;Netta rufina;Pato colorado
-6.988;37.236;Marismas del Odiel ;Huelva;Andalucia;2003;Dec;Animalia;Aves;Podicipedidae;Podiceps;Podiceps cristatus;Somormujo lavanco
-6.988;37.236;Marismas del Odiel ;Huelva;Andalucia;2003;Dec;Animalia;Aves;Podicipedidae;Podiceps;Podiceps nigricollis;Zampullin cuellinegro
-6.988;37.236;Marismas del Odiel ;Huelva;Andalucia;2003;Sep;Animalia;Aves;Threskiornithidae;Platalea;Platalea leucorodia;Espatula comun
-6.988;37.236;Marismas del Odiel ;Huelva;Andalucia;2003;Sep;Animalia;Aves;Podicipedidae;Tachybaptus;Tachybaptus ruficollis;Zampullin comun
-6.988;37.236;Marismas del Odiel ;Huelva;Andalucia;2004;Dec;Animalia;Aves;Podicipedidae;Podiceps;Podiceps cristatus;Somormujo lavanco
-6.988;37.236;Marismas del Odiel ;Huelva;Andalucia;2004;Dec;Animalia;Aves;Podicipedidae;Podiceps;Podiceps nigricollis;Zampullin cuellinegro
-6.988;37.236;Marismas del Odiel ;Huelva;Andalucia;2004;Sep;Animalia;Aves;Threskiornithidae;Platalea;Platalea leucorodia;Espatula comun
-6.988;37.236;Marismas del Odiel ;Huelva;Andalucia;2004;Dec;Animalia;Aves;Anatidae;Tadorna;Tadorna tadorna;Tarro blanco
-6.988;37.236;Marismas del Odiel ;Huelva;Andalucia;2004;Sep;Animalia;Aves;Ardeidae;Ardea;Egretta alba;Garceta grande
-6.988;37.236;Marismas del Odiel ;Huelva;Andalucia;2004;Sep;Animalia;Aves;Podicipedidae;Tachybaptus;Tachybaptus ruficollis;Zampullin comun
-6.988;37.236;Marismas del Odiel ;Huelva;Andalucia;2005;Dec;Animalia;Aves;Podicipedidae;Podiceps;Podiceps cristatus;Somormujo lavanco
-6.988;37.236;Marismas del Odiel ;Huelva;Andalucia;2006;Dec;Animalia;Aves;Podicipedidae;Podiceps;Podiceps cristatus;Somormujo lavanco
-6.988;37.236;Marismas del Odiel ;Huelva;Andalucia;2006;Dec;Animalia;Aves;Podicipedidae;Podiceps;Podiceps nigricollis;Zampullin cuellinegro
-6.988;37.236;Marismas del Odiel ;Huelva;Andalucia;2006;Dec;Animalia;Aves;Anatidae;Tadorna;Tadorna tadorna;Tarro blanco
-6.988;37.236;Marismas del Odiel ;Huelva;Andalucia;2006;Sep;Animalia;Aves;Threskiornithidae;Platalea;Platalea leucorodia;Espatula comun
-6.988;37.236;Marismas del Odiel ;Huelva;Andalucia;2007;Dec;Animalia;Aves;Podicipedidae;Podiceps;Podiceps cristatus;Somormujo lavanco
-6.988;37.236;Marismas del Odiel ;Huelva;Andalucia;2007;Dec;Animalia;Aves;Anatidae;Tadorna;Tadorna tadorna;Tarro blanco
-6.988;37.236;Marismas del Odiel ;Huelva;Andalucia;2007;Sep;Animalia;Aves;Threskiornithidae;Platalea;Platalea leucorodia;Espatula comun
-6.988;37.236;Marismas del Odiel ;Huelva;Andalucia;2007;Sep;Animalia;Aves;Anatidae;Netta;Netta rufina;Pato colorado
-6.988;37.236;Marismas del Odiel ;Huelva;Andalucia;2007;Dec;Animalia;Aves;Podicipedidae;Podiceps;Podiceps nigricollis;Zampullin cuellinegro
-6.988;37.236;Marismas del Odiel ;Huelva;Andalucia;2007;Sep;Animalia;Aves;Ardeidae;Ardea;Egretta alba;Garceta grande
-6.988;37.236;Marismas del Odiel ;Huelva;Andalucia;2007;Sep;Animalia;Aves;Podicipedidae;Tachybaptus;Tachybaptus ruficollis;Zampullin comun
-6.988;37.236;Marismas del Odiel ;Huelva;Andalucia;2008;Dec;Animalia;Aves;Podicipedidae;Podiceps;Podiceps cristatus;Somormujo lavanco
-6.988;37.236;Marismas del Odiel ;Huelva;Andalucia;2008;Apr;Animalia;Aves;Podicipedidae;Podiceps;Podiceps nigricollis;Zampullin cuellinegro
-6.988;37.236;Marismas del Odiel ;Huelva;Andalucia;2008;Apr;Animalia;Aves;Anatidae;Tadorna;Tadorna tadorna;Tarro blanco
-6.988;37.236;Marismas del Odiel ;Huelva;Andalucia;2008;Sep;Animalia;Aves;Threskiornithidae;Platalea;Platalea leucorodia;Espatula comun
-6.988;37.236;Marismas del Odiel ;Huelva;Andalucia;2009;Apr;Animalia;Aves;Podicipedidae;Podiceps;Podiceps cristatus;Somormujo lavanco
-6.988;37.236;Marismas del Odiel ;Huelva;Andalucia;2009;Apr;Animalia;Aves;Podicipedidae;Podiceps;Podiceps nigricollis;Zampullin cuellinegro
-6.988;37.236;Marismas del Odiel ;Huelva;Andalucia;2009;Sep;Animalia;Aves;Threskiornithidae;Platalea;Platalea leucorodia;Espatula comun
-6.988;37.236;Marismas del Odiel ;Huelva;Andalucia;2009;Apr;Animalia;Aves;Anatidae;Tadorna;Tadorna tadorna;Tarro blanco
-6.988;37.236;Marismas del Odiel ;Huelva;Andalucia;2009;Sep;Animalia;Aves;Ardeidae;Ardea;Egretta alba;Garceta grande
-6.988;37.236;Marismas del Odiel ;Huelva;Andalucia;2009;Sep;Animalia;Aves;Podicipedidae;Tachybaptus;Tachybaptus ruficollis;Zampullin comun
-6.988;37.236;Marismas del Odiel ;Huelva;Andalucia;2010;Apr;Animalia;Aves;Podicipedidae;Podiceps;Podiceps cristatus;Somormujo lavanco
-6.988;37.236;Marismas del Odiel ;Huelva;Andalucia;2011;Apr;Animalia;Aves;Podicipedidae;Podiceps;Podiceps cristatus;Somormujo lavanco
-6.988;37.236;Marismas del Odiel ;Huelva;Andalucia;2011;Apr;Animalia;Aves;Anatidae;Tadorna;Tadorna tadorna;Tarro blanco
-6.988;37.236;Marismas del Odiel ;Huelva;Andalucia;2011;Apr;Animalia;Aves;Podicipedidae;Podiceps;Podiceps nigricollis;Zampullin cuellinegro
-6.988;37.236;Marismas del Odiel ;Huelva;Andalucia;2011;Sep;Animalia;Aves;Threskiornithidae;Platalea;Platalea leucorodia;Espatula comun
-6.988;37.236;Marismas del Odiel ;Huelva;Andalucia;2011;Sep;Animalia;Aves;Anatidae;Netta;Netta rufina;Pato colorado
-6.988;37.236;Marismas del Odiel ;Huelva;Andalucia;2012;Apr;Animalia;Aves;Podicipedidae;Podiceps;Podiceps cristatus;Somormujo lavanco
-6.988;37.236;Marismas del Odiel ;Huelva;Andalucia;2012;Sep;Animalia;Aves;Threskiornithidae;Platalea;Platalea leucorodia;Espatula comun
-6.988;37.236;Marismas del Odiel ;Huelva;Andalucia;2012;Apr;Animalia;Aves;Anatidae;Tadorna;Tadorna tadorna;Tarro blanco
-6.988;37.236;Marismas del Odiel ;Huelva;Andalucia;2012;Apr;Animalia;Aves;Podicipedidae;Podiceps;Podiceps nigricollis;Zampullin cuellinegro
-6.988;37.236;Marismas del Odiel ;Huelva;Andalucia;2013;Apr;Animalia;Aves;Podicipedidae;Podiceps;Podiceps cristatus;Somormujo lavanco
-6.988;37.236;Marismas del Odiel ;Huelva;Andalucia;2013;Apr;Animalia;Aves;Anatidae;Tadorna;Tadorna tadorna;Tarro blanco
-6.988;37.236;Marismas del Odiel ;Huelva;Andalucia;2013;Sep;Animalia;Aves;Threskiornithidae;Platalea;Platalea leucorodia;Espatula comun
-6.988;37.236;Marismas del Odiel ;Huelva;Andalucia;2013;Apr;Animalia;Aves;Podicipedidae;Podiceps;Podiceps nigricollis;Zampullin cuellinegro
-6.988;37.236;Marismas del Odiel ;Huelva;Andalucia;2013;Sep;Animalia;Aves;Threskiornithidae;Plegadis;Plegadis falcinellus;Morito comun
-6.988;37.236;Marismas del Odiel ;Huelva;Andalucia;2014;Apr;Animalia;Aves;Podicipedidae;Podiceps;Podiceps nigricollis;Zampullin cuellinegro
-6.988;37.236;Marismas del Odiel ;Huelva;Andalucia;2014;Apr;Animalia;Aves;Anatidae;Tadorna;Tadorna tadorna;Tarro blanco
-6.988;37.236;Marismas del Odiel ;Huelva;Andalucia;2014;Sep;Animalia;Aves;Threskiornithidae;Platalea;Platalea leucorodia;Espatula comun
-6.988;37.236;Marismas del Odiel ;Huelva;Andalucia;2014;Sep;Animalia;Aves;Anatidae;Netta;Netta rufina;Pato colorado
-6.968;37.253;Marismas del Odiel PNat--Centro de visitantes;Huelva;Andalucia;2019;Apr;Animalia;Aves;Anatidae;Tadorna;Tadorna tadorna;Common Shelduck
-6.965;37.239;Marismas del Odiel PNat--General;Huelva;Andalucia;2015;Sep;Animalia;Aves;Threskiornithidae;Platalea;Platalea leucorodia;Eurasian Spoonbill
-6.965;37.239;Marismas del Odiel PNat--General;Huelva;Andalucia;2016;Sep;Animalia;Aves;Threskiornithidae;Platalea;Platalea leucorodia;Eurasian Spoonbill
-6.965;37.239;Marismas del Odiel PNat--General;Huelva;Andalucia;2016;Sep;Animalia;Aves;Podicipedidae;Tachybaptus;Tachybaptus ruficollis;Little Grebe
-6.965;37.239;Marismas del Odiel PNat--General;Huelva;Andalucia;2017;Sep;Animalia;Aves;Threskiornithidae;Platalea;Platalea leucorodia;Eurasian Spoonbill
-6.965;37.239;Marismas del Odiel PNat--General;Huelva;Andalucia;2017;Sep;Animalia;Aves;Podicipedidae;Tachybaptus;Tachybaptus ruficollis;Little Grebe
-6.965;37.239;Marismas del Odiel PNat--General;Huelva;Andalucia;2018;Sep;Animalia;Aves;Ardeidae;Ardea;Ardea alba;Great Egret
-6.965;37.239;Marismas del Odiel PNat--General;Huelva;Andalucia;2019;Sep;Animalia;Aves;Ardeidae;Ardea;Ardea alba;Great Egret
-7.162;37.257;Marismas del Piedras ;Huelva;Andalucia;2002;Sep;Animalia;Aves;Threskiornithidae;Platalea;Platalea leucorodia;Espatula comun
-7.162;37.257;Marismas del Piedras ;Huelva;Andalucia;2008;Apr;Animalia;Aves;Podicipedidae;Podiceps;Podiceps cristatus;Somormujo lavanco
-7.162;37.257;Marismas del Piedras ;Huelva;Andalucia;2008;Apr;Animalia;Aves;Podicipedidae;Podiceps;Podiceps nigricollis;Zampullin cuellinegro
-7.162;37.257;Marismas del Piedras ;Huelva;Andalucia;2008;Sep;Animalia;Aves;Threskiornithidae;Platalea;Platalea leucorodia;Espatula comun
-7.162;37.257;Marismas del Piedras ;Huelva;Andalucia;2009;Apr;Animalia;Aves;Podicipedidae;Podiceps;Podiceps cristatus;Somormujo lavanco
-7.162;37.257;Marismas del Piedras ;Huelva;Andalucia;2009;Apr;Animalia;Aves;Podicipedidae;Podiceps;Podiceps nigricollis;Zampullin cuellinegro
-7.162;37.257;Marismas del Piedras ;Huelva;Andalucia;2009;Sep;Animalia;Aves;Threskiornithidae;Platalea;Platalea leucorodia;Espatula comun
-7.162;37.257;Marismas del Piedras ;Huelva;Andalucia;2009;Sep;Animalia;Aves;Ardeidae;Ardea;Egretta alba;Garceta grande
-7.162;37.257;Marismas del Piedras ;Huelva;Andalucia;2009;Sep;Animalia;Aves;Podicipedidae;Tachybaptus;Tachybaptus ruficollis;Zampullin comun
-7.162;37.257;Marismas del Piedras y Barra del Rompido ;Huelva;Andalucia;2003;Apr;Animalia;Aves;Podicipedidae;Podiceps;Podiceps cristatus;Somormujo lavanco
-7.162;37.257;Marismas del Piedras y Barra del Rompido ;Huelva;Andalucia;2003;Apr;Animalia;Aves;Podicipedidae;Podiceps;Podiceps nigricollis;Zampullin cuellinegro
-7.162;37.257;Marismas del Piedras y Barra del Rompido ;Huelva;Andalucia;2003;Sep;Animalia;Aves;Threskiornithidae;Platalea;Platalea leucorodia;Espatula comun
-7.162;37.257;Marismas del Piedras y Barra del Rompido ;Huelva;Andalucia;2004;Apr;Animalia;Aves;Podicipedidae;Podiceps;Podiceps cristatus;Somormujo lavanco
-7.162;37.257;Marismas del Piedras y Barra del Rompido ;Huelva;Andalucia;2004;Apr;Animalia;Aves;Podicipedidae;Podiceps;Podiceps nigricollis;Zampullin cuellinegro
-7.162;37.257;Marismas del Piedras y Barra del Rompido ;Huelva;Andalucia;2004;Sep;Animalia;Aves;Threskiornithidae;Platalea;Platalea leucorodia;Espatula comun
-7.162;37.257;Marismas del Piedras y Barra del Rompido ;Huelva;Andalucia;2004;Sep;Animalia;Aves;Podicipedidae;Tachybaptus;Tachybaptus ruficollis;Zampullin comun
-7.162;37.257;Marismas del Piedras y Barra del Rompido ;Huelva;Andalucia;2005;Apr;Animalia;Aves;Podicipedidae;Podiceps;Podiceps cristatus;Somormujo lavanco
-7.162;37.257;Marismas del Piedras y Barra del Rompido ;Huelva;Andalucia;2006;Apr;Animalia;Aves;Podicipedidae;Podiceps;Podiceps cristatus;Somormujo lavanco
-7.162;37.257;Marismas del Piedras y Barra del Rompido ;Huelva;Andalucia;2006;Apr;Animalia;Aves;Podicipedidae;Podiceps;Podiceps nigricollis;Zampullin cuellinegro
-7.162;37.257;Marismas del Piedras y Barra del Rompido ;Huelva;Andalucia;2006;Sep;Animalia;Aves;Threskiornithidae;Platalea;Platalea leucorodia;Espatula comun
-7.162;37.257;Marismas del Piedras y Barra del Rompido ;Huelva;Andalucia;2007;Apr;Animalia;Aves;Podicipedidae;Podiceps;Podiceps cristatus;Somormujo lavanco
-7.162;37.257;Marismas del Piedras y Barra del Rompido ;Huelva;Andalucia;2007;Apr;Animalia;Aves;Podicipedidae;Podiceps;Podiceps nigricollis;Zampullin cuellinegro
-7.162;37.257;Marismas del Piedras y Barra del Rompido ;Huelva;Andalucia;2007;Sep;Animalia;Aves;Threskiornithidae;Platalea;Platalea leucorodia;Espatula comun
-7.162;37.257;Marismas del Piedras y Barra del Rompido ;Huelva;Andalucia;2007;Sep;Animalia;Aves;Podicipedidae;Tachybaptus;Tachybaptus ruficollis;Zampullin comun
-7.162;37.257;Marismas del Piedras y Barra del Rompido ;Huelva;Andalucia;2010;Apr;Animalia;Aves;Podicipedidae;Podiceps;Podiceps cristatus;Somormujo lavanco
-7.162;37.257;Marismas del Piedras y Barra del Rompido ;Huelva;Andalucia;2011;Apr;Animalia;Aves;Podicipedidae;Podiceps;Podiceps cristatus;Somormujo lavanco
-7.162;37.257;Marismas del Piedras y Barra del Rompido ;Huelva;Andalucia;2011;Sep;Animalia;Aves;Threskiornithidae;Platalea;Platalea leucorodia;Espatula comun
-7.162;37.257;Marismas del Piedras y Barra del Rompido ;Huelva;Andalucia;2011;Apr;Animalia;Aves;Podicipedidae;Podiceps;Podiceps nigricollis;Zampullin cuellinegro
-7.162;37.257;Marismas del Piedras y Barra del Rompido ;Huelva;Andalucia;2012;Apr;Animalia;Aves;Podicipedidae;Podiceps;Podiceps cristatus;Somormujo lavanco
-7.162;37.257;Marismas del Piedras y Barra del Rompido ;Huelva;Andalucia;2012;Sep;Animalia;Aves;Threskiornithidae;Platalea;Platalea leucorodia;Espatula comun
-7.162;37.257;Marismas del Piedras y Barra del Rompido ;Huelva;Andalucia;2012;Apr;Animalia;Aves;Podicipedidae;Podiceps;Podiceps nigricollis;Zampullin cuellinegro
-7.162;37.257;Marismas del Piedras y Barra del Rompido ;Huelva;Andalucia;2013;Apr;Animalia;Aves;Podicipedidae;Podiceps;Podiceps cristatus;Somormujo lavanco
-7.162;37.257;Marismas del Piedras y Barra del Rompido ;Huelva;Andalucia;2013;Apr;Animalia;Aves;Podicipedidae;Podiceps;Podiceps nigricollis;Zampullin cuellinegro
-7.162;37.257;Marismas del Piedras y Barra del Rompido ;Huelva;Andalucia;2013;Sep;Animalia;Aves;Threskiornithidae;Platalea;Platalea leucorodia;Espatula comun
-7.162;37.257;Marismas del Piedras y Barra del Rompido ;Huelva;Andalucia;2014;Apr;Animalia;Aves;Podicipedidae;Podiceps;Podiceps nigricollis;Zampullin cuellinegro
-7.162;37.257;Marismas del Piedras y Barra del Rompido ;Huelva;Andalucia;2014;Sep;Animalia;Aves;Threskiornithidae;Platalea;Platalea leucorodia;Espatula comun
-6.88;37.271;Marismas del Rio Tinto ;Huelva;Andalucia;2006;Apr;Animalia;Aves;Anatidae;Tadorna;Tadorna tadorna;Tarro blanco
-6.88;37.271;Marismas del Rio Tinto ;Huelva;Andalucia;2006;Apr;Animalia;Aves;Podicipedidae;Podiceps;Podiceps nigricollis;Zampullin cuellinegro
-6.88;37.271;Marismas del Rio Tinto ;Huelva;Andalucia;2006;Sep;Animalia;Aves;Threskiornithidae;Platalea;Platalea leucorodia;Espatula comun
-6.88;37.271;Marismas del Rio Tinto ;Huelva;Andalucia;2008;Apr;Animalia;Aves;Anatidae;Tadorna;Tadorna tadorna;Tarro blanco
-6.88;37.271;Marismas del Rio Tinto ;Huelva;Andalucia;2008;Apr;Animalia;Aves;Podicipedidae;Podiceps;Podiceps nigricollis;Zampullin cuellinegro
-6.88;37.271;Marismas del Rio Tinto ;Huelva;Andalucia;2009;Apr;Animalia;Aves;Anatidae;Tadorna;Tadorna tadorna;Tarro blanco
-6.88;37.271;Marismas del Rio Tinto ;Huelva;Andalucia;2011;Apr;Animalia;Aves;Podicipedidae;Podiceps;Podiceps cristatus;Somormujo lavanco
-6.88;37.271;Marismas del Rio Tinto ;Huelva;Andalucia;2011;Sep;Animalia;Aves;Threskiornithidae;Platalea;Platalea leucorodia;Espatula comun
-6.88;37.271;Marismas del Rio Tinto ;Huelva;Andalucia;2011;Apr;Animalia;Aves;Podicipedidae;Podiceps;Podiceps nigricollis;Zampullin cuellinegro
-6.88;37.271;Marismas del Rio Tinto ;Huelva;Andalucia;2011;Apr;Animalia;Aves;Anatidae;Tadorna;Tadorna tadorna;Tarro blanco
-6.88;37.271;Marismas del Rio Tinto ;Huelva;Andalucia;2012;Apr;Animalia;Aves;Anatidae;Tadorna;Tadorna tadorna;Tarro blanco
-6.88;37.271;Marismas del Rio Tinto ;Huelva;Andalucia;2013;Apr;Animalia;Aves;Podicipedidae;Podiceps;Podiceps nigricollis;Zampullin cuellinegro
-6.88;37.271;Marismas del Rio Tinto ;Huelva;Andalucia;2013;Apr;Animalia;Aves;Anatidae;Tadorna;Tadorna tadorna;Tarro blanco
-6.88;37.271;Marismas del Rio Tinto ;Huelva;Andalucia;2014;Apr;Animalia;Aves;Podicipedidae;Podiceps;Podiceps nigricollis;Zampullin cuellinegro
-6.88;37.271;Marismas del Rio Tinto ;Huelva;Andalucia;2014;Apr;Animalia;Aves;Anatidae;Tadorna;Tadorna tadorna;Tarro blanco
-6.88;37.271;Marismas del Rio Tinto ;Huelva;Andalucia;2014;Sep;Animalia;Aves;Threskiornithidae;Platalea;Platalea leucorodia;Espatula comun
-6.374;36.882;Marismillas ;Huelva;Andalucia;2000;Sep;Animalia;Aves;Anatidae;Netta;Netta rufina;Pato colorado
-6.374;36.882;Marismillas ;Huelva;Andalucia;2000;Apr;Animalia;Aves;Anatidae;Tadorna;Tadorna tadorna;Tarro blanco
-6.374;36.882;Marismillas ;Huelva;Andalucia;2001;Apr;Animalia;Aves;Podicipedidae;Podiceps;Podiceps cristatus;Somormujo lavanco
-6.374;36.882;Marismillas ;Huelva;Andalucia;2001;Apr;Animalia;Aves;Anatidae;Tadorna;Tadorna tadorna;Tarro blanco
-6.374;36.882;Marismillas ;Huelva;Andalucia;2001;Sep;Animalia;Aves;Anatidae;Netta;Netta rufina;Pato colorado
-6.374;36.882;Marismillas ;Huelva;Andalucia;2001;Sep;Animalia;Aves;Podicipedidae;Tachybaptus;Tachybaptus ruficollis;Zampullin comun
-6.374;36.882;Marismillas ;Huelva;Andalucia;2002;Apr;Animalia;Aves;Podicipedidae;Podiceps;Podiceps cristatus;Somormujo lavanco
-6.374;36.882;Marismillas ;Huelva;Andalucia;2003;Apr;Animalia;Aves;Podicipedidae;Podiceps;Podiceps cristatus;Somormujo lavanco
-6.374;36.882;Marismillas ;Huelva;Andalucia;2003;Apr;Animalia;Aves;Anatidae;Tadorna;Tadorna tadorna;Tarro blanco
-6.374;36.882;Marismillas ;Huelva;Andalucia;2003;Apr;Animalia;Aves;Podicipedidae;Podiceps;Podiceps nigricollis;Zampullin cuellinegro
-6.374;36.882;Marismillas ;Huelva;Andalucia;2003;Sep;Animalia;Aves;Anatidae;Netta;Netta rufina;Pato colorado
-6.374;36.882;Marismillas ;Huelva;Andalucia;2004;Apr;Animalia;Aves;Podicipedidae;Podiceps;Podiceps cristatus;Somormujo lavanco
-6.374;36.882;Marismillas ;Huelva;Andalucia;2004;Sep;Animalia;Aves;Anatidae;Netta;Netta rufina;Pato colorado
-6.374;36.882;Marismillas ;Huelva;Andalucia;2004;Sep;Animalia;Aves;Ardeidae;Ardea;Egretta alba;Garceta grande
-6.374;36.882;Marismillas ;Huelva;Andalucia;2004;Sep;Animalia;Aves;Podicipedidae;Tachybaptus;Tachybaptus ruficollis;Zampullin comun
-6.374;36.882;Marismillas ;Huelva;Andalucia;2007;Apr;Animalia;Aves;Podicipedidae;Podiceps;Podiceps nigricollis;Zampullin cuellinegro
-6.374;36.882;Marismillas ;Huelva;Andalucia;2008;Sep;Animalia;Aves;Anatidae;Netta;Netta rufina;Pato colorado
-6.374;36.882;Marismillas ;Huelva;Andalucia;2008;Sep;Animalia;Aves;Threskiornithidae;Plegadis;Plegadis falcinellus;Morito comun
-6.374;36.882;Marismillas ;Huelva;Andalucia;2009;Sep;Animalia;Aves;Anatidae;Netta;Netta rufina;Pato colorado
-6.374;36.882;Marismillas ;Huelva;Andalucia;2009;Apr;Animalia;Aves;Anatidae;Tadorna;Tadorna tadorna;Tarro blanco
-6.374;36.882;Marismillas ;Huelva;Andalucia;2010;Apr;Animalia;Aves;Podicipedidae;Podiceps;Podiceps cristatus;Somormujo lavanco
-6.374;36.882;Marismillas ;Huelva;Andalucia;2010;Sep;Animalia;Aves;Anatidae;Netta;Netta rufina;Pato colorado
-6.374;36.882;Marismillas ;Huelva;Andalucia;2010;Apr;Animalia;Aves;Anatidae;Tadorna;Tadorna tadorna;Tarro blanco
-6.374;36.882;Marismillas ;Huelva;Andalucia;2010;Apr;Animalia;Aves;Podicipedidae;Podiceps;Podiceps nigricollis;Zampullin cuellinegro
-6.374;36.882;Marismillas ;Huelva;Andalucia;2010;Sep;Animalia;Aves;Ardeidae;Ardea;Egretta alba;Garceta grande
-6.374;36.882;Marismillas ;Huelva;Andalucia;2010;Sep;Animalia;Aves;Podicipedidae;Tachybaptus;Tachybaptus ruficollis;Zampullin comun
-6.75;37.14;Moguer;Huelva;Andalucia;2016;Feb;Animalia;Amphibia;Pelobatidae;Pelobates;Pelobates cultripes;Western Spadefoot
-6.882;37.201;Moguer;Huelva;Andalucia;2020;Feb;Animalia;Amphibia;Hylidae;Hyla;Hyla meridionalis;Mediterranean Tree Frog
-6.412;37.101;MuroFao;Huelva;Andalucia;2003;Apr;Animalia;Aves;Podicipedidae;Podiceps;Podiceps cristatus;Great Crested Grebe
-6.412;37.101;MuroFao;Huelva;Andalucia;2003;Sep;Animalia;Aves;Anatidae;Anas;Mareca penelope;Eurasian Wigeon
-6.412;37.101;MuroFao;Huelva;Andalucia;2003;Sep;Animalia;Aves;Threskiornithidae;Plegadis;Plegadis falcinellus;Glossy Ibis
-6.412;37.101;MuroFao;Huelva;Andalucia;2003;Sep;Animalia;Aves;Ardeidae;Ardea;Ardea alba;Great Egret
-6.412;37.101;MuroFao;Huelva;Andalucia;2003;Sep;Animalia;Aves;Ardeidae;Ardeola;Ardeola ralloides;Squacco Heron
-6.729;37.335;Niebla;Huelva;Andalucia;2019;Sep;Animalia;Aves;Podicipedidae;Tachybaptus;Tachybaptus ruficollis;Little Grebe
-6.357;36.862;Orilla del Rio Guadalquivir: Cabo de Brenes-Punta de Malandar ;Huelva;Andalucia;2001;Sep;Animalia;Aves;Ardeidae;Nycticorax;Nycticorax nycticorax;Martinete comun
-6.378;37.116;Otros arrozales del PND ;Huelva;Andalucia;2001;Sep;Animalia;Aves;Ardeidae;Ardeola;Ardeola ralloides;Garcilla cangrejera
-6.366;37.134;Otros cultivos no arrozales del PND ;Huelva;Andalucia;2004;Apr;Animalia;Aves;Podicipedidae;Podiceps;Podiceps cristatus;Somormujo lavanco
-6.366;37.134;Otros cultivos no arrozales del PND ;Huelva;Andalucia;2004;Sep;Animalia;Aves;Podicipedidae;Tachybaptus;Tachybaptus ruficollis;Zampullin comun
-6.366;37.134;Otros cultivos no arrozales del PND ;Huelva;Andalucia;2004;Sep;Animalia;Aves;Ardeidae;Ardeola;Ardeola ralloides;Garcilla cangrejera
-6.521;36.989;P.N. de Donana;Huelva;Andalucia;2008;Jun;Animalia;Aves;Hirundinidae;Hirundo;Hirundo rustica;Barn Swallow
-6.563;37.048;P.N. de Donana near El Acebuche;Huelva;Andalucia;2008;Sep;Animalia;Aves;Fringillidae;Fringilla;Fringilla coelebs;Common Chaffinch
-6.563;37.048;P.N. de Donana near El Acebuche;Huelva;Andalucia;2008;May;Animalia;Aves;Upupidae;Upupa;Upupa epops;Eurasian Hoopoe
-6.563;37.048;P.N. de Donana near El Acebuche;Huelva;Andalucia;2008;Sep;Animalia;Aves;Podicipedidae;Tachybaptus;Tachybaptus ruficollis;Little Grebe
-6.507;37.13;P.N. de Donana near La Rocina;Huelva;Andalucia;2008;Sep;Animalia;Aves;Fringillidae;Fringilla;Fringilla coelebs;Common Chaffinch
-6.507;37.13;P.N. de Donana near La Rocina;Huelva;Andalucia;2008;Sep;Animalia;Aves;Threskiornithidae;Plegadis;Plegadis falcinellus;Glossy Ibis
-6.507;37.13;P.N. de Donana near La Rocina;Huelva;Andalucia;2008;Sep;Animalia;Aves;Podicipedidae;Tachybaptus;Tachybaptus ruficollis;Little Grebe
-6.544;37.14;Palacio del Acebron;Huelva;Andalucia;2018;Mar;Animalia;Amphibia;Hylidae;Hyla;Hyla meridionalis;Mediterranean Tree Frog
-6.538;37.15;Palacio del Acebron;Huelva;Andalucia;2020;Feb;Animalia;Mammalia;Herpestidae;Herpestes;Herpestes ichneumon;Egyptian Mongoose
-6.878;37.176;Palos de la Frontera ;Huelva;Andalucia;2018;Sep;Animalia;Aves;Ardeidae;Ardeola;Ardeola ralloides;Squacco Heron
-6.897;37.233;Palos de la Frontera ;Huelva;Andalucia;2018;Sep;Animalia;Aves;Threskiornithidae;Plegadis;Plegadis falcinellus;Glossy Ibis
-7.296;37.611;Puebla de Guzman;Huelva;Andalucia;2020;Feb;Animalia;Amphibia;Bufonidae;Bufo;Bufo spinosus;Spiny Toad
-7.276;37.612;Puebla de Guzman;Huelva;Andalucia;2020;Feb;Animalia;Amphibia;Salamandridae;Pleurodeles;Pleurodeles waltl;Spanish Ribbed Newt
-7.231;37.601;Puebla de Guzman;Huelva;Andalucia;2020;Feb;Animalia;Amphibia;Salamandridae;Pleurodeles;Pleurodeles waltl;Spanish Ribbed Newt
-7.182;37.651;Puebla de Guzman;Huelva;Andalucia;2020;Feb;Animalia;Amphibia;Bufonidae;Bufo;Bufo spinosus;Spiny Toad
-6.336;37.025;Reserva del Guadiamar ;Huelva;Andalucia;2000;Apr;Animalia;Aves;Anatidae;Tadorna;Tadorna tadorna;Tarro blanco
-6.336;37.025;Reserva del Guadiamar ;Huelva;Andalucia;2003;Sep;Animalia;Aves;Anatidae;Netta;Netta rufina;Pato colorado
-6.336;37.025;Reserva del Guadiamar ;Huelva;Andalucia;2003;Apr;Animalia;Aves;Podicipedidae;Podiceps;Podiceps nigricollis;Zampullin cuellinegro
-6.336;37.025;Reserva del Guadiamar ;Huelva;Andalucia;2004;Apr;Animalia;Aves;Podicipedidae;Podiceps;Podiceps cristatus;Somormujo lavanco
-6.336;37.025;Reserva del Guadiamar ;Huelva;Andalucia;2004;Apr;Animalia;Aves;Podicipedidae;Podiceps;Podiceps nigricollis;Zampullin cuellinegro
-6.336;37.025;Reserva del Guadiamar ;Huelva;Andalucia;2004;Sep;Animalia;Aves;Anatidae;Netta;Netta rufina;Pato colorado
-6.336;37.025;Reserva del Guadiamar ;Huelva;Andalucia;2004;Sep;Animalia;Aves;Ardeidae;Ardea;Egretta alba;Garceta grande
-7.26;43.55;Ria Foz--Area General;Huelva;Andalucia;2002;Sep;Animalia;Aves;Anatidae;Anas;Mareca penelope;Eurasian Wigeon
-7.346;37.379;San Silvestre de Guzman;Huelva;Andalucia;2020;Sep;Animalia;Amphibia;Pelobatidae;Pelobates;Pelobates cultripes;Western Spadefoot
-7.346;37.375;San Silvestre de Guzman;Huelva;Andalucia;2020;Sep;Animalia;Amphibia;Bufonidae;Bufo;Bufo spinosus;Spiny Toad
-7.346;37.374;San Silvestre de Guzman;Huelva;Andalucia;2020;Sep;Animalia;Amphibia;Bufonidae;Bufo;Bufo spinosus;Spiny Toad
-7.345;37.397;Sanlucar de Guadiana;Huelva;Andalucia;2020;Sep;Animalia;Amphibia;Pelobatidae;Pelobates;Pelobates cultripes;Western Spadefoot
-7.248;37.775;Santa Barbara de Casa;Huelva;Andalucia;2020;Feb;Animalia;Amphibia;Bufonidae;Bufo;Bufo spinosus;Spiny Toad
-7.234;37.782;Santa Barbara de Casa;Huelva;Andalucia;2020;Feb;Animalia;Amphibia;Bufonidae;Bufo;Bufo spinosus;Spiny Toad
-6.194;37.925;Santa Olalla del Cala;Huelva;Andalucia;2016;Feb;Animalia;Mammalia;Herpestidae;Herpestes;Herpestes ichneumon;Egyptian Mongoose
-6.19;37.946;Santa Olalla del Cala;Huelva;Andalucia;2017;Feb;Animalia;Mammalia;Herpestidae;Herpestes;Herpestes ichneumon;Egyptian Mongoose
-6.178;37.92;Santa Olalla del Cala;Huelva;Andalucia;2014;Apr;Animalia;Amphibia;Bufonidae;Bufo;Bufo spinosus;Spiny Toad
-6.185;37.929;Santa Olalla del Cala;Huelva;Andalucia;2019;Apr;Animalia;Amphibia;Pelobatidae;Pelobates;Pelobates cultripes;Western Spadefoot
-6.184;37.929;Sierra de Aracena y Picos de Aroche;Huelva;Andalucia;2013;May;Animalia;Amphibia;Salamandridae;Pleurodeles;Pleurodeles waltl;Spanish Ribbed Newt
-6.176;37.917;Sierra de Aracena y Picos de Aroche;Huelva;Andalucia;2013;May;Animalia;Amphibia;Pelobatidae;Pelobates;Pelobates cultripes;Western Spadefoot
-6.176;37.917;Sierra de Aracena y Picos de Aroche;Huelva;Andalucia;2013;May;Animalia;Amphibia;Salamandridae;Lissotriton;Lissotriton boscai;Bosca's Newt
-6.179;37.921;Sierra de Aracena y Picos de Aroche;Huelva;Andalucia;2014;May;Animalia;Amphibia;Alytidae;Discoglossus;Discoglossus galganoi;Iberian Painted Frog
-6.873;37.471;Trigueros;Huelva;Andalucia;2020;Sep;Animalia;Amphibia;Bufonidae;Bufo;Bufo spinosus;Spiny Toad
-7.403;37.312;Villablanca;Huelva;Andalucia;2020;Sep;Animalia;Amphibia;Pelodytidae;Pelodytes;Pelodytes ibericus;Iberian Parsley Frog
-7.346;37.298;Villablanca;Huelva;Andalucia;2020;Sep;Animalia;Amphibia;Salamandridae;Pleurodeles;Pleurodeles waltl;Spanish Ribbed Newt
-7.344;37.322;Villablanca;Huelva;Andalucia;2020;Sep;Animalia;Amphibia;Salamandridae;Pleurodeles;Pleurodeles waltl;Spanish Ribbed Newt
-7.254;37.491;Villanueva de los Castillejos;Huelva;Andalucia;2020;Feb;Animalia;Amphibia;Alytidae;Discoglossus;Discoglossus galganoi;Iberian Painted Frog
-4.336;36.981;Villanueva del Rosario;Huelva;Andalucia;2018;Mar;Animalia;Amphibia;Bufonidae;Bufo;Bufo spinosus;Spiny Toad
-4.317;36.988;Villanueva del Rosario;Huelva;Andalucia;2018;Mar;Animalia;Amphibia;Hylidae;Hyla;Hyla meridionalis;Mediterranean Tree Frog
-7.044;37.211; Huelva;Huelva;Andalucia;2015;Aug;Animalia;Reptilia;Chamaeleonidae;Chamaeleo;Chamaeleo chamaeleon;Common Chameleon
-7.34;37.184; Huelva - Puntal del Moral;Huelva;Andalucia;2017;Oct;Animalia;Reptilia;Chamaeleonidae;Chamaeleo;Chamaeleo chamaeleon;Common Chameleon
-7.339;37.184; Huelva - Puntal del Moral;Huelva;Andalucia;2017;Oct;Animalia;Reptilia;Chamaeleonidae;Chamaeleo;Chamaeleo chamaeleon;Common Chameleon
-7.342;37.183; Huelva - Puntal del Moral;Huelva;Andalucia;2019;Aug;Animalia;Reptilia;Chamaeleonidae;Chamaeleo;Chamaeleo chamaeleon;Common Chameleon
-7.28;37.22; Huelva-Laguna del Prado;Huelva;Andalucia;2016;Aug;Animalia;Reptilia;Chamaeleonidae;Chamaeleo;Chamaeleo chamaeleon;Common Chameleon
-7.275;37.613; Puebla de Guzman;Huelva;Andalucia;2020;Feb;Animalia;Reptilia;Colubridae;Hemorrhois;Hemorrhois hippocrepis;Horseshoe Whip Snake
-7.244;37.619; Puebla de Guzman;Huelva;Andalucia;2020;Feb;Animalia;Reptilia;Blanidae;Blanus;Blanus cinereus;Mediterranean Worm Lizard
-7.202;37.601; Puebla de Guzman;Huelva;Andalucia;2020;Feb;Animalia;Reptilia;Blanidae;Blanus;Blanus cinereus;Mediterranean Worm Lizard
-7.045;37.212; Reserva Natural Laguna de El Portil;Huelva;Andalucia;2015;Aug;Animalia;Reptilia;Chamaeleonidae;Chamaeleo;Chamaeleo chamaeleon;Common Chameleon
-7.08;37.23; Reserva Natural Laguna de El Portil;Huelva;Andalucia;2019;Jul;Animalia;Reptilia;Chamaeleonidae;Chamaeleo;Chamaeleo chamaeleon;Common Chameleon
-7.05;37.21; Reserva Natural Laguna de El Portil;Huelva;Andalucia;2019;Aug;Animalia;Reptilia;Chamaeleonidae;Chamaeleo;Chamaeleo chamaeleon;Common Chameleon
-7.05;37.21; Reserva Natural Laguna de El Portil;Huelva;Andalucia;2019;Sep;Animalia;Reptilia;Chamaeleonidae;Chamaeleo;Chamaeleo chamaeleon;Common Chameleon
-7.043;37.226; Reserva Natural Laguna de El Portil;Huelva;Andalucia;2019;Sep;Animalia;Reptilia;Chamaeleonidae;Chamaeleo;Chamaeleo chamaeleon;Common Chameleon
-6.567;37.047;Acebuche de la Poleosa;Huelva;Andalucia;2019;Sep;Animalia;Amphibia;Salamandridae;Pleurodeles;Pleurodeles waltl;Spanish Ribbed Newt
-6.566;37.046;Acebuche de la Poleosa;Huelva;Andalucia;2019;Feb;Animalia;Amphibia;Alytidae;Discoglossus;Discoglossus galganoi;Iberian Painted Frog
-6.59;37.02;Almonte;Huelva;Andalucia;2020;Mar;Animalia;Mammalia;Mustelidae;Meles;Meles meles;Eurasian Badger
-6.55;37.05;Almonte;Huelva;Andalucia;2020;Feb;Animalia;Mammalia;Canidae;Vulpes;Vulpes vulpes;Red Fox
-6.523;37.082;Almonte;Huelva;Andalucia;2020;Feb;Animalia;Mammalia;Canidae;Vulpes;Vulpes vulpes;Red Fox
-6.499;37.187;Almonte;Huelva;Andalucia;2020;Feb;Animalia;Mammalia;Herpestidae;Herpestes;Herpestes ichneumon;Egyptian Mongoose
-6.499;37.189;Almonte;Huelva;Andalucia;2020;Feb;Animalia;Mammalia;Herpestidae;Herpestes;Herpestes ichneumon;Egyptian Mongoose
-6.237;37.115;Donana;Huelva;Andalucia;2014;Apr;Animalia;Aves;Podicipedidae;Podiceps;Podiceps nigricollis;Eared Grebe
-6.237;37.115;Donana;Huelva;Andalucia;2014;Sep;Animalia;Aves;Threskiornithidae;Platalea;Platalea leucorodia;Eurasian Spoonbill
-6.237;37.115;Donana;Huelva;Andalucia;2014;Sep;Animalia;Aves;Threskiornithidae;Plegadis;Plegadis falcinellus;Glossy Ibis
-6.237;37.115;Donana;Huelva;Andalucia;2014;Sep;Animalia;Aves;Ardeidae;Nycticorax;Nycticorax nycticorax;Black-crowned Night-Heron
-6.453;37.126;Donana Natl. Park, Spain;Huelva;Andalucia;2008;Apr;Animalia;Aves;Tytonidae;Tyto;Tyto alba;Barn Owl
-6.453;37.126;Donana Natl. Park, Spain;Huelva;Andalucia;2008;Sep;Animalia;Aves;Anatidae;Netta;Netta rufina;Red-crested Pochard
-6.453;37.126;Donana Natl. Park, Spain;Huelva;Andalucia;2008;Sep;Animalia;Aves;Ardeidae;Nycticorax;Nycticorax nycticorax;Black-crowned Night-Heron
-6.453;37.126;Donana Natl. Park, Spain;Huelva;Andalucia;2008;Sep;Animalia;Aves;Podicipedidae;Tachybaptus;Tachybaptus ruficollis;Little Grebe
-6.577;37.22;Donana Norte y Oeste;Huelva;Andalucia;2016;Feb;Animalia;Amphibia;Pelobatidae;Pelobates;Pelobates cultripes;Western Spadefoot
-6.733;37.167;Donana Norte y Oeste;Huelva;Andalucia;2017;Apr;Animalia;Amphibia;Pelobatidae;Pelobates;Pelobates cultripes;Western Spadefoot
-6.731;37.17;Donana Norte y Oeste;Huelva;Andalucia;2017;Apr;Animalia;Amphibia;Pelobatidae;Pelobates;Pelobates cultripes;Western Spadefoot
-6.723;37.178;Donana Norte y Oeste;Huelva;Andalucia;2017;Apr;Animalia;Amphibia;Pelobatidae;Pelobates;Pelobates cultripes;Western Spadefoot
-6.722;37.178;Donana Norte y Oeste;Huelva;Andalucia;2017;Apr;Animalia;Amphibia;Pelobatidae;Pelobates;Pelobates cultripes;Western Spadefoot
-6.714;37.186;Donana Norte y Oeste;Huelva;Andalucia;2017;Apr;Animalia;Amphibia;Pelobatidae;Pelobates;Pelobates cultripes;Western Spadefoot
-6.707;37.202;Donana Norte y Oeste;Huelva;Andalucia;2017;Apr;Animalia;Amphibia;Pelobatidae;Pelobates;Pelobates cultripes;Western Spadefoot
-6.678;37.225;Donana Norte y Oeste;Huelva;Andalucia;2017;Apr;Animalia;Amphibia;Pelobatidae;Pelobates;Pelobates cultripes;Western Spadefoot
-6.704;37.192;Donana Norte y Oeste;Huelva;Andalucia;2020;Feb;Animalia;Amphibia;Pelobatidae;Pelobates;Pelobates cultripes;Western Spadefoot
-6.669;37.179;Donana Norte y Oeste;Huelva;Andalucia;2020;Feb;Animalia;Amphibia;Pelobatidae;Pelobates;Pelobates cultripes;Western Spadefoot
-6.497;37.164;Donana Norte y Oeste;Huelva;Andalucia;2020;Feb;Animalia;Mammalia;Herpestidae;Herpestes;Herpestes ichneumon;Egyptian Mongoose
-6.244;37.154;Donana Norte_area general;Huelva;Andalucia;2019;Apr;Animalia;Aves;Podicipedidae;Podiceps;Podiceps nigricollis;Eared Grebe
-6.442;37.027;Donana PN--Area General;Huelva;Andalucia;2002;May;Animalia;Aves;Upupidae;Upupa;Upupa epops;Eurasian Hoopoe
-6.442;37.027;Donana PN--Area General;Huelva;Andalucia;2002;Apr;Animalia;Aves;Podicipedidae;Podiceps;Podiceps cristatus;Great Crested Grebe
-6.442;37.027;Donana PN--Area General;Huelva;Andalucia;2002;Sep;Animalia;Aves;Hirundinidae;Hirundo;Hirundo rustica;Barn Swallow
-6.442;37.027;Donana PN--Area General;Huelva;Andalucia;2002;Sep;Animalia;Aves;Fringillidae;Fringilla;Fringilla coelebs;Common Chaffinch
-6.442;37.027;Donana PN--Area General;Huelva;Andalucia;2002;Sep;Animalia;Aves;Threskiornithidae;Platalea;Platalea leucorodia;Eurasian Spoonbill
-6.442;37.027;Donana PN--Area General;Huelva;Andalucia;2002;Sep;Animalia;Aves;Threskiornithidae;Plegadis;Plegadis falcinellus;Glossy Ibis
-6.442;37.027;Donana PN--Area General;Huelva;Andalucia;2002;Sep;Animalia;Aves;Anatidae;Netta;Netta rufina;Red-crested Pochard
-6.442;37.027;Donana PN--Area General;Huelva;Andalucia;2002;Apr;Animalia;Aves;Podicipedidae;Podiceps;Podiceps nigricollis;Eared Grebe
-6.442;37.027;Donana PN--Area General;Huelva;Andalucia;2002;Sep;Animalia;Aves;Podicipedidae;Tachybaptus;Tachybaptus ruficollis;Little Grebe
-6.442;37.027;Donana PN--Area General;Huelva;Andalucia;2002;Sep;Animalia;Aves;Ardeidae;Ardeola;Ardeola ralloides;Squacco Heron
-6.442;37.027;Donana PN--Area General;Huelva;Andalucia;2004;Apr;Animalia;Aves;Podicipedidae;Podiceps;Podiceps nigricollis;Eared Grebe
-6.442;37.027;Donana PN--Area General;Huelva;Andalucia;2004;Sep;Animalia;Aves;Anatidae;Netta;Netta rufina;Red-crested Pochard
-6.442;37.027;Donana PN--Area General;Huelva;Andalucia;2004;Sep;Animalia;Aves;Threskiornithidae;Plegadis;Plegadis falcinellus;Glossy Ibis
-6.442;37.027;Donana PN--Area General;Huelva;Andalucia;2008;May;Animalia;Aves;Upupidae;Upupa;Upupa epops;Eurasian Hoopoe
-6.442;37.027;Donana PN--Area General;Huelva;Andalucia;2008;Apr;Animalia;Aves;Tytonidae;Tyto;Tyto alba;Barn Owl
-6.442;37.027;Donana PN--Area General;Huelva;Andalucia;2008;Sep;Animalia;Aves;Fringillidae;Fringilla;Fringilla coelebs;Common Chaffinch
-6.442;37.027;Donana PN--Area General;Huelva;Andalucia;2018;Sep;Animalia;Aves;Ardeidae;Ardea;Ardea alba;Great Egret
-6.314;37.088;Donana PN--Area Norte;Huelva;Andalucia;2004;Sep;Animalia;Aves;Threskiornithidae;Platalea;Platalea leucorodia;Eurasian Spoonbill
-6.314;37.088;Donana PN--Area Norte;Huelva;Andalucia;2004;Sep;Animalia;Aves;Threskiornithidae;Plegadis;Plegadis falcinellus;Glossy Ibis
-6.314;37.088;Donana PN--Area Norte;Huelva;Andalucia;2004;Sep;Animalia;Aves;Anatidae;Anas;Mareca penelope;Eurasian Wigeon
-6.314;37.088;Donana PN--Area Norte;Huelva;Andalucia;2019;Sep;Animalia;Aves;Threskiornithidae;Plegadis;Plegadis falcinellus;Glossy Ibis
-6.314;37.088;Donana PN--Area Norte;Huelva;Andalucia;2019;Apr;Animalia;Aves;Podicipedidae;Podiceps;Podiceps nigricollis;Eared Grebe
-6.247;36.889;Donana PNat--Codo de la Esparraguera;Huelva;Andalucia;2013;Sep;Animalia;Aves;Podicipedidae;Tachybaptus;Tachybaptus ruficollis;Little Grebe
-6.247;36.889;Donana PNat--Codo de la Esparraguera;Huelva;Andalucia;2013;Sep;Animalia;Aves;Ardeidae;Ardea;Ardea alba;Great Egret
-6.247;36.889;Donana PNat--Codo de la Esparraguera;Huelva;Andalucia;2015;Sep;Animalia;Aves;Threskiornithidae;Platalea;Platalea leucorodia;Eurasian Spoonbill
-6.247;36.889;Donana PNat--Codo de la Esparraguera;Huelva;Andalucia;2016;Sep;Animalia;Aves;Threskiornithidae;Platalea;Platalea leucorodia;Eurasian Spoonbill
-6.247;36.889;Donana PNat--Codo de la Esparraguera;Huelva;Andalucia;2016;Sep;Animalia;Aves;Threskiornithidae;Plegadis;Plegadis falcinellus;Glossy Ibis
-6.247;36.889;Donana PNat--Codo de la Esparraguera;Huelva;Andalucia;2016;Sep;Animalia;Aves;Ardeidae;Ardea;Ardea alba;Great Egret
-6.247;36.889;Donana PNat--Codo de la Esparraguera;Huelva;Andalucia;2016;Sep;Animalia;Aves;Podicipedidae;Tachybaptus;Tachybaptus ruficollis;Little Grebe
-6.247;36.889;Donana PNat--Codo de la Esparraguera;Huelva;Andalucia;2017;Apr;Animalia;Aves;Podicipedidae;Podiceps;Podiceps nigricollis;Eared Grebe
-6.247;36.889;Donana PNat--Codo de la Esparraguera;Huelva;Andalucia;2018;Apr;Animalia;Aves;Podicipedidae;Podiceps;Podiceps nigricollis;Eared Grebe
-6.247;36.889;Donana PNat--Codo de la Esparraguera;Huelva;Andalucia;2018;Sep;Animalia;Aves;Podicipedidae;Tachybaptus;Tachybaptus ruficollis;Little Grebe
-6.247;36.889;Donana PNat--Codo de la Esparraguera;Huelva;Andalucia;2018;Sep;Animalia;Aves;Ardeidae;Nycticorax;Nycticorax nycticorax;Black-crowned Night-Heron
-6.245;37.194;Donana PNat--Dehesa De Pilas;Huelva;Andalucia;2017;Sep;Animalia;Aves;Ardeidae;Ardea;Ardea alba;Great Egret
-6.32;36.847;Donana PNat--Laguna del Tarelo;Huelva;Andalucia;2005;Apr;Animalia;Aves;Podicipedidae;Podiceps;Podiceps cristatus;Great Crested Grebe
-6.32;36.847;Donana PNat--Laguna del Tarelo;Huelva;Andalucia;2005;May;Animalia;Aves;Hirundinidae;Hirundo;Hirundo rustica;Barn Swallow
-6.32;36.847;Donana PNat--Laguna del Tarelo;Huelva;Andalucia;2005;Apr;Animalia;Aves;Podicipedidae;Podiceps;Podiceps nigricollis;Eared Grebe
-6.32;36.847;Donana PNat--Laguna del Tarelo;Huelva;Andalucia;2005;Sep;Animalia;Aves;Ardeidae;Nycticorax;Nycticorax nycticorax;Black-crowned Night-Heron
-6.32;36.847;Donana PNat--Laguna del Tarelo;Huelva;Andalucia;2015;Sep;Animalia;Aves;Threskiornithidae;Platalea;Platalea leucorodia;Eurasian Spoonbill
-6.32;36.847;Donana PNat--Laguna del Tarelo;Huelva;Andalucia;2015;Apr;Animalia;Aves;Podicipedidae;Podiceps;Podiceps nigricollis;Eared Grebe
-6.32;36.847;Donana PNat--Laguna del Tarelo;Huelva;Andalucia;2015;Sep;Animalia;Aves;Ardeidae;Nycticorax;Nycticorax nycticorax;Black-crowned Night-Heron
-6.32;36.847;Donana PNat--Laguna del Tarelo;Huelva;Andalucia;2015;Sep;Animalia;Aves;Podicipedidae;Tachybaptus;Tachybaptus ruficollis;Little Grebe
-6.32;36.847;Donana PNat--Laguna del Tarelo;Huelva;Andalucia;2017;Sep;Animalia;Aves;Ardeidae;Ardeola;Ardeola ralloides;Squacco Heron
-6.298;36.864;Donana PNat--Pinar de La Algaida;Huelva;Andalucia;2019;Sep;Animalia;Aves;Ardeidae;Ardea;Ardea alba;Great Egret
-6.343;36.837;Donana PNat--Salinas de Bonanza;Huelva;Andalucia;2002;Apr;Animalia;Aves;Podicipedidae;Podiceps;Podiceps cristatus;Great Crested Grebe
-6.343;36.837;Donana PNat--Salinas de Bonanza;Huelva;Andalucia;2002;Apr;Animalia;Aves;Anatidae;Tadorna;Tadorna tadorna;Common Shelduck
-6.343;36.837;Donana PNat--Salinas de Bonanza;Huelva;Andalucia;2002;Sep;Animalia;Aves;Ardeidae;Ardea;Ardea alba;Great Egret
-6.343;36.837;Donana PNat--Salinas de Bonanza;Huelva;Andalucia;2002;Sep;Animalia;Aves;Ardeidae;Nycticorax;Nycticorax nycticorax;Black-crowned Night-Heron
-6.343;36.837;Donana PNat--Salinas de Bonanza;Huelva;Andalucia;2010;Apr;Animalia;Aves;Podicipedidae;Podiceps;Podiceps nigricollis;Eared Grebe
-6.343;36.837;Donana PNat--Salinas de Bonanza;Huelva;Andalucia;2010;Apr;Animalia;Aves;Anatidae;Tadorna;Tadorna tadorna;Common Shelduck
-6.343;36.837;Donana PNat--Salinas de Bonanza;Huelva;Andalucia;2016;Sep;Animalia;Aves;Threskiornithidae;Platalea;Platalea leucorodia;Eurasian Spoonbill
-6.343;36.837;Donana PNat--Salinas de Bonanza;Huelva;Andalucia;2016;Apr;Animalia;Aves;Podicipedidae;Podiceps;Podiceps nigricollis;Eared Grebe
-6.343;36.837;Donana PNat--Salinas de Bonanza;Huelva;Andalucia;2016;Sep;Animalia;Aves;Ardeidae;Nycticorax;Nycticorax nycticorax;Black-crowned Night-Heron
-6.343;36.837;Donana PNat--Salinas de Bonanza;Huelva;Andalucia;2016;Sep;Animalia;Aves;Podicipedidae;Tachybaptus;Tachybaptus ruficollis;Little Grebe
-6.343;36.837;Donana PNat--Salinas de Bonanza;Huelva;Andalucia;2016;Sep;Animalia;Aves;Ardeidae;Ardea;Ardea alba;Great Egret
-6.343;36.837;Donana PNat--Salinas de Bonanza;Huelva;Andalucia;2018;Apr;Animalia;Aves;Anatidae;Tadorna;Tadorna tadorna;Common Shelduck
-6.343;36.837;Donana PNat--Salinas de Bonanza;Huelva;Andalucia;2018;Sep;Animalia;Aves;Ardeidae;Ardea;Ardea alba;Great Egret
-6.343;36.837;Donana PNat--Salinas de Bonanza;Huelva;Andalucia;2019;Apr;Animalia;Aves;Anatidae;Tadorna;Tadorna tadorna;Common Shelduck
-6.386;37.076;Donana PN--Cabo del Guadiamar;Huelva;Andalucia;2017;Apr;Animalia;Aves;Podicipedidae;Podiceps;Podiceps nigricollis;Eared Grebe
-6.386;37.076;Donana PN--Cabo del Guadiamar;Huelva;Andalucia;2017;Apr;Animalia;Aves;Anatidae;Tadorna;Tadorna tadorna;Common Shelduck
-6.386;37.076;Donana PN--Cabo del Guadiamar;Huelva;Andalucia;2017;Sep;Animalia;Aves;Ardeidae;Ardea;Ardea alba;Great Egret
-6.386;37.076;Donana PN--Cabo del Guadiamar;Huelva;Andalucia;2017;Sep;Animalia;Aves;Podicipedidae;Tachybaptus;Tachybaptus ruficollis;Little Grebe
-6.386;37.076;Donana PN--Cabo del Guadiamar;Huelva;Andalucia;2017;Sep;Animalia;Aves;Ardeidae;Nycticorax;Nycticorax nycticorax;Black-crowned Night-Heron
-6.386;37.076;Donana PN--Cabo del Guadiamar;Huelva;Andalucia;2018;Sep;Animalia;Aves;Threskiornithidae;Plegadis;Plegadis falcinellus;Glossy Ibis
-6.376;37.074;Donana PN--Centro de Visitantes Jose Antonio Valverde;Huelva;Andalucia;2005;Apr;Animalia;Aves;Podicipedidae;Podiceps;Podiceps cristatus;Great Crested Grebe
-6.376;37.074;Donana PN--Centro de Visitantes Jose Antonio Valverde;Huelva;Andalucia;2005;Sep;Animalia;Aves;Threskiornithidae;Platalea;Platalea leucorodia;Eurasian Spoonbill
-6.376;37.074;Donana PN--Centro de Visitantes Jose Antonio Valverde;Huelva;Andalucia;2008;Sep;Animalia;Aves;Threskiornithidae;Platalea;Platalea leucorodia;Eurasian Spoonbill
-6.376;37.074;Donana PN--Centro de Visitantes Jose Antonio Valverde;Huelva;Andalucia;2008;Sep;Animalia;Aves;Threskiornithidae;Plegadis;Plegadis falcinellus;Glossy Ibis
-6.376;37.074;Donana PN--Centro de Visitantes Jose Antonio Valverde;Huelva;Andalucia;2008;Sep;Animalia;Aves;Ardeidae;Ardea;Ardea alba;Great Egret
-6.376;37.074;Donana PN--Centro de Visitantes Jose Antonio Valverde;Huelva;Andalucia;2018;Sep;Animalia;Aves;Podicipedidae;Tachybaptus;Tachybaptus ruficollis;Little Grebe
-6.376;37.074;Donana PN--Centro de Visitantes Jose Antonio Valverde;Huelva;Andalucia;2019;Sep;Animalia;Aves;Ardeidae;Ardea;Ardea alba;Great Egret
-6.376;37.074;Donana PN--Centro de Visitantes Jose Antonio Valverde;Huelva;Andalucia;2019;Sep;Animalia;Aves;Podicipedidae;Tachybaptus;Tachybaptus ruficollis;Little Grebe
-6.499;37.126;Donana PN--Centro de Visitantes La Rocina;Huelva;Andalucia;2015;Sep;Animalia;Aves;Threskiornithidae;Plegadis;Plegadis falcinellus;Glossy Ibis
-6.499;37.126;Donana PN--Centro de Visitantes La Rocina;Huelva;Andalucia;2018;Sep;Animalia;Aves;Podicipedidae;Tachybaptus;Tachybaptus ruficollis;Little Grebe
-6.499;37.126;Donana PN--Centro de Visitantes La Rocina;Huelva;Andalucia;2019;Sep;Animalia;Aves;Threskiornithidae;Plegadis;Plegadis falcinellus;Glossy Ibis
-6.499;37.126;Donana PN--Centro de Visitantes La Rocina;Huelva;Andalucia;2019;Sep;Animalia;Aves;Threskiornithidae;Platalea;Platalea leucorodia;Eurasian Spoonbill
-6.569;37.044;Donana PN--El Acebuche;Huelva;Andalucia;2003;Sep;Animalia;Aves;Fringillidae;Fringilla;Fringilla coelebs;Common Chaffinch
-6.569;37.044;Donana PN--El Acebuche;Huelva;Andalucia;2003;Sep;Animalia;Aves;Podicipedidae;Tachybaptus;Tachybaptus ruficollis;Little Grebe
-6.569;37.044;Donana PN--El Acebuche;Huelva;Andalucia;2003;Sep;Animalia;Aves;Ardeidae;Ardeola;Ardeola ralloides;Squacco Heron
-6.569;37.044;Donana PN--El Acebuche;Huelva;Andalucia;2005;May;Animalia;Aves;Upupidae;Upupa;Upupa epops;Eurasian Hoopoe
-6.416;37.105;Donana PN--Escupidera;Huelva;Andalucia;2015;Apr;Animalia;Aves;Anatidae;Tadorna;Tadorna tadorna;Common Shelduck
-6.416;37.105;Donana PN--Escupidera;Huelva;Andalucia;2015;Apr;Animalia;Aves;Podicipedidae;Podiceps;Podiceps nigricollis;Eared Grebe
-6.416;37.105;Donana PN--Escupidera;Huelva;Andalucia;2015;Sep;Animalia;Aves;Threskiornithidae;Platalea;Platalea leucorodia;Eurasian Spoonbill
-6.416;37.105;Donana PN--Escupidera;Huelva;Andalucia;2015;Sep;Animalia;Aves;Threskiornithidae;Plegadis;Plegadis falcinellus;Glossy Ibis
-6.416;37.105;Donana PN--Escupidera;Huelva;Andalucia;2015;Sep;Animalia;Aves;Anatidae;Netta;Netta rufina;Red-crested Pochard
-6.416;37.105;Donana PN--Escupidera;Huelva;Andalucia;2015;Sep;Animalia;Aves;Ardeidae;Ardea;Ardea alba;Great Egret
-6.416;37.105;Donana PN--Escupidera;Huelva;Andalucia;2015;Sep;Animalia;Aves;Podicipedidae;Tachybaptus;Tachybaptus ruficollis;Little Grebe
-6.286;37.071;Donana PN--Huerta Tejada;Huelva;Andalucia;2017;Sep;Animalia;Aves;Anatidae;Netta;Netta rufina;Red-crested Pochard
-6.286;37.071;Donana PN--Huerta Tejada;Huelva;Andalucia;2017;Apr;Animalia;Aves;Anatidae;Tadorna;Tadorna tadorna;Common Shelduck
-6.55;37.005;Donana PN--Laguna de Matalascanas;Huelva;Andalucia;2017;Sep;Animalia;Aves;Threskiornithidae;Plegadis;Plegadis falcinellus;Glossy Ibis
-6.486;37.126;Donana PN--Marisma de El Rocio;Huelva;Andalucia;2003;Sep;Animalia;Aves;Threskiornithidae;Platalea;Platalea leucorodia;Eurasian Spoonbill
-6.486;37.126;Donana PN--Marisma de El Rocio;Huelva;Andalucia;2003;Sep;Animalia;Aves;Threskiornithidae;Plegadis;Plegadis falcinellus;Glossy Ibis
-6.486;37.126;Donana PN--Marisma de El Rocio;Huelva;Andalucia;2008;Sep;Animalia;Aves;Podicipedidae;Tachybaptus;Tachybaptus ruficollis;Little Grebe
-6.486;37.126;Donana PN--Marisma de El Rocio;Huelva;Andalucia;2016;Sep;Animalia;Aves;Threskiornithidae;Plegadis;Plegadis falcinellus;Glossy Ibis
-6.486;37.126;Donana PN--Marisma de El Rocio;Huelva;Andalucia;2016;Sep;Animalia;Aves;Threskiornithidae;Platalea;Platalea leucorodia;Eurasian Spoonbill
-6.486;37.126;Donana PN--Marisma de El Rocio;Huelva;Andalucia;2017;Sep;Animalia;Aves;Threskiornithidae;Platalea;Platalea leucorodia;Eurasian Spoonbill
-6.486;37.126;Donana PN--Marisma de El Rocio;Huelva;Andalucia;2017;Sep;Animalia;Aves;Threskiornithidae;Plegadis;Plegadis falcinellus;Glossy Ibis
-6.486;37.126;Donana PN--Marisma de El Rocio;Huelva;Andalucia;2017;Sep;Animalia;Aves;Anatidae;Anas;Mareca penelope;Eurasian Wigeon
-6.486;37.126;Donana PN--Marisma de El Rocio;Huelva;Andalucia;2018;Sep;Animalia;Aves;Threskiornithidae;Plegadis;Plegadis falcinellus;Glossy Ibis
-6.486;37.126;Donana PN--Marisma de El Rocio;Huelva;Andalucia;2019;Sep;Animalia;Aves;Threskiornithidae;Platalea;Platalea leucorodia;Eurasian Spoonbill
-6.486;37.126;Donana PN--Marisma de El Rocio;Huelva;Andalucia;2019;Sep;Animalia;Aves;Podicipedidae;Tachybaptus;Tachybaptus ruficollis;Little Grebe
-6.548;37.145;Donana PN--Palacio del Acebron;Huelva;Andalucia;2012;Sep;Animalia;Aves;Fringillidae;Fringilla;Fringilla coelebs;Common Chaffinch
-6.548;37.145;Donana PN--Palacio del Acebron;Huelva;Andalucia;2012;May;Animalia;Aves;Upupidae;Upupa;Upupa epops;Eurasian Hoopoe
-6.548;37.145;Donana PN--Palacio del Acebron;Huelva;Andalucia;2012;Sep;Animalia;Aves;Threskiornithidae;Plegadis;Plegadis falcinellus;Glossy Ibis
-6.548;37.145;Donana PN--Palacio del Acebron;Huelva;Andalucia;2012;Sep;Animalia;Aves;Podicipedidae;Tachybaptus;Tachybaptus ruficollis;Little Grebe
-6.548;37.145;Donana PN--Palacio del Acebron;Huelva;Andalucia;2018;Sep;Animalia;Aves;Ardeidae;Nycticorax;Nycticorax nycticorax;Black-crowned Night-Heron
-6.314;37.139;Donana PN--Puente de Hato Blanco;Huelva;Andalucia;2017;Sep;Animalia;Aves;Threskiornithidae;Plegadis;Plegadis falcinellus;Glossy Ibis
-6.314;37.139;Donana PN--Puente de Hato Blanco;Huelva;Andalucia;2019;Sep;Animalia;Aves;Ardeidae;Ardea;Ardea alba;Great Egret
-6.251;37.102;Donana PN--Vuelta de la Arena;Huelva;Andalucia;2017;Sep;Animalia;Aves;Threskiornithidae;Platalea;Platalea leucorodia;Eurasian Spoonbill
-6.251;37.102;Donana PN--Vuelta de la Arena;Huelva;Andalucia;2017;Sep;Animalia;Aves;Threskiornithidae;Plegadis;Plegadis falcinellus;Glossy Ibis
-6.251;37.102;Donana PN--Vuelta de la Arena;Huelva;Andalucia;2017;Sep;Animalia;Aves;Ardeidae;Ardea;Ardea alba;Great Egret
-6.251;37.102;Donana PN--Vuelta de la Arena;Huelva;Andalucia;2017;Sep;Animalia;Aves;Podicipedidae;Tachybaptus;Tachybaptus ruficollis;Little Grebe
-6.251;37.102;Donana PN--Vuelta de la Arena;Huelva;Andalucia;2017;Sep;Animalia;Aves;Ardeidae;Nycticorax;Nycticorax nycticorax;Black-crowned Night-Heron
-6.251;37.102;Donana PN--Vuelta de la Arena;Huelva;Andalucia;2018;Sep;Animalia;Aves;Ardeidae;Nycticorax;Nycticorax nycticorax;Black-crowned Night-Heron
-6.365;36.95;PN Donana;Huelva;Andalucia;2002;Apr;Animalia;Aves;Podicipedidae;Podiceps;Podiceps cristatus;Great Crested Grebe
-6.365;36.95;PN Donana;Huelva;Andalucia;2002;Sep;Animalia;Aves;Threskiornithidae;Platalea;Platalea leucorodia;Eurasian Spoonbill
-6.365;36.95;PN Donana;Huelva;Andalucia;2002;Sep;Animalia;Aves;Threskiornithidae;Plegadis;Plegadis falcinellus;Glossy Ibis
-6.365;36.95;PN Donana;Huelva;Andalucia;2002;Sep;Animalia;Aves;Podicipedidae;Tachybaptus;Tachybaptus ruficollis;Little Grebe
-6.419;37.121;PN Donana;Huelva;Andalucia;2005;May;Animalia;Aves;Hirundinidae;Hirundo;Hirundo rustica;Barn Swallow
-6.365;36.95;PN Donana;Huelva;Andalucia;2008;May;Animalia;Aves;Upupidae;Upupa;Upupa epops;Eurasian Hoopoe
-6.365;36.95;PN Donana;Huelva;Andalucia;2008;Sep;Animalia;Aves;Ardeidae;Ardeola;Ardeola ralloides;Squacco Heron
-6.365;36.95;PN Donana;Huelva;Andalucia;2012;Sep;Animalia;Aves;Threskiornithidae;Platalea;Platalea leucorodia;Eurasian Spoonbill
-6.365;36.95;PN Donana;Huelva;Andalucia;2012;Sep;Animalia;Aves;Threskiornithidae;Plegadis;Plegadis falcinellus;Glossy Ibis
-6.365;36.95;PN Donana;Huelva;Andalucia;2012;Sep;Animalia;Aves;Ardeidae;Ardea;Ardea alba;Great Egret
-6.365;36.95;PN Donana;Huelva;Andalucia;2012;Sep;Animalia;Aves;Ardeidae;Nycticorax;Nycticorax nycticorax;Black-crowned Night-Heron
-6.365;36.95;PN Donana;Huelva;Andalucia;2012;Sep;Animalia;Aves;Podicipedidae;Tachybaptus;Tachybaptus ruficollis;Little Grebe
-6.176;37.182;PN Donana--Cortijo de Los Pobres;Huelva;Andalucia;2015;Sep;Animalia;Aves;Threskiornithidae;Platalea;Platalea leucorodia;Eurasian Spoonbill
-6.176;37.182;PN Donana--Cortijo de Los Pobres;Huelva;Andalucia;2015;Apr;Animalia;Aves;Anatidae;Tadorna;Tadorna tadorna;Common Shelduck
-6.176;37.182;PN Donana--Cortijo de Los Pobres;Huelva;Andalucia;2015;Sep;Animalia;Aves;Anatidae;Anas;Mareca penelope;Eurasian Wigeon
-6.176;37.182;PN Donana--Cortijo de Los Pobres;Huelva;Andalucia;2015;Sep;Animalia;Aves;Threskiornithidae;Plegadis;Plegadis falcinellus;Glossy Ibis
-6.176;37.182;PN Donana--Cortijo de Los Pobres;Huelva;Andalucia;2015;Sep;Animalia;Aves;Anatidae;Netta;Netta rufina;Red-crested Pochard
-6.176;37.182;PN Donana--Cortijo de Los Pobres;Huelva;Andalucia;2015;Sep;Animalia;Aves;Ardeidae;Ardeola;Ardeola ralloides;Squacco Heron
-6.42;37.116;PN Donana--La Escupidera;Huelva;Andalucia;2015;Sep;Animalia;Aves;Anatidae;Anas;Mareca penelope;Eurasian Wigeon
-6.42;37.116;PN Donana--La Escupidera;Huelva;Andalucia;2015;Sep;Animalia;Aves;Threskiornithidae;Platalea;Platalea leucorodia;Eurasian Spoonbill
-6.42;37.116;PN Donana--La Escupidera;Huelva;Andalucia;2015;Sep;Animalia;Aves;Anatidae;Netta;Netta rufina;Red-crested Pochard
-6.42;37.116;PN Donana--La Escupidera;Huelva;Andalucia;2015;Sep;Animalia;Aves;Ardeidae;Ardea;Ardea alba;Great Egret
-6.42;37.116;PN Donana--La Escupidera;Huelva;Andalucia;2015;Sep;Animalia;Aves;Podicipedidae;Tachybaptus;Tachybaptus ruficollis;Little Grebe
-6.216;37.162;PN Donana--northern marshes;Huelva;Andalucia;2005;May;Animalia;Aves;Hirundinidae;Hirundo;Hirundo rustica;Barn Swallow
-6.216;37.162;PN Donana--northern marshes;Huelva;Andalucia;2005;Apr;Animalia;Aves;Tytonidae;Tyto;Tyto alba;Barn Owl
-6.216;37.162;PN Donana--northern marshes;Huelva;Andalucia;2005;May;Animalia;Aves;Upupidae;Upupa;Upupa epops;Eurasian Hoopoe
-6.216;37.162;PN Donana--northern marshes;Huelva;Andalucia;2005;Sep;Animalia;Aves;Threskiornithidae;Platalea;Platalea leucorodia;Eurasian Spoonbill
-6.216;37.162;PN Donana--northern marshes;Huelva;Andalucia;2005;Sep;Animalia;Aves;Threskiornithidae;Plegadis;Plegadis falcinellus;Glossy Ibis
-6.216;37.162;PN Donana--northern marshes;Huelva;Andalucia;2005;Sep;Animalia;Aves;Ardeidae;Ardea;Ardea alba;Great Egret
-6.216;37.162;PN Donana--northern marshes;Huelva;Andalucia;2005;Sep;Animalia;Aves;Ardeidae;Nycticorax;Nycticorax nycticorax;Black-crowned Night-Heron
-6.216;37.162;PN Donana--northern marshes;Huelva;Andalucia;2005;Sep;Animalia;Aves;Podicipedidae;Tachybaptus;Tachybaptus ruficollis;Little Grebe
-6.216;37.162;PN Donana--northern marshes;Huelva;Andalucia;2005;Sep;Animalia;Aves;Ardeidae;Ardeola;Ardeola ralloides;Squacco Heron
-17.257;28.127;PN Garajonay--La Laguna;Huelva;Andalucia;2006;Sep;Animalia;Aves;Fringillidae;Fringilla;Fringilla coelebs;Common Chaffinch
-17.257;28.127;PN Garajonay--La Laguna;Huelva;Andalucia;2014;Sep;Animalia;Aves;Fringillidae;Fringilla;Fringilla coelebs;Common Chaffinch
-3.705;39.139;PN Tablas de Daimiel;Huelva;Andalucia;2001;Apr;Animalia;Aves;Anatidae;Tadorna;Tadorna tadorna;Common Shelduck
-16.502;28.358;PNat Corona forestal Teide--La Caldera, Aguamansa;Huelva;Andalucia;2006;Sep;Animalia;Aves;Fringillidae;Fringilla;Fringilla coelebs;Common Chaffinch
-3.491;43.421;PNat de las Marismas de Santona, Victoria y Joyel--Charca Gandarias;Huelva;Andalucia;2015;Sep;Animalia;Aves;Threskiornithidae;Plegadis;Plegadis falcinellus;Glossy Ibis
-3.491;43.421;PNat de las Marismas de Santona, Victoria y Joyel--Charca Gandarias;Huelva;Andalucia;2015;Sep;Animalia;Aves;Podicipedidae;Tachybaptus;Tachybaptus ruficollis;Little Grebe
-3.464;43.394;PNat de las Marismas de Santona, Victoria y Joyel--Colindres - Puerto;Huelva;Andalucia;2015;Apr;Animalia;Aves;Podicipedidae;Podiceps;Podiceps nigricollis;Eared Grebe
0.856;40.728;PNat Delta de l'Ebre--El Garxal;Huelva;Andalucia;2016;Sep;Animalia;Aves;Threskiornithidae;Plegadis;Plegadis falcinellus;Glossy Ibis
0.856;40.728;PNat Delta de l'Ebre--El Garxal;Huelva;Andalucia;2016;Apr;Animalia;Aves;Anatidae;Tadorna;Tadorna tadorna;Common Shelduck
0.856;40.728;PNat Delta de l'Ebre--El Garxal;Huelva;Andalucia;2016;Sep;Animalia;Aves;Ardeidae;Ardea;Ardea alba;Great Egret
-0.759;38.197;PNat Hondo -- Pantano de Poniente;Huelva;Andalucia;2017;Apr;Animalia;Aves;Anatidae;Tadorna;Tadorna tadorna;Common Shelduck
-0.759;38.197;PNat Hondo -- Pantano de Poniente;Huelva;Andalucia;2017;Sep;Animalia;Aves;Podicipedidae;Tachybaptus;Tachybaptus ruficollis;Little Grebe
-2.815;38.925;PNat Lagunas de Ruidera--Laguna Concejo;Huelva;Andalucia;2016;Apr;Animalia;Aves;Podicipedidae;Podiceps;Podiceps nigricollis;Eared Grebe
-2.815;38.925;PNat Lagunas de Ruidera--Laguna Concejo;Huelva;Andalucia;2016;Sep;Animalia;Aves;Podicipedidae;Tachybaptus;Tachybaptus ruficollis;Little Grebe
-3.47;43.446;PNat Marismas de Santona, Victoria y Joyel--Marisma de la Lastra;Huelva;Andalucia;2019;Sep;Animalia;Aves;Threskiornithidae;Platalea;Platalea leucorodia;Eurasian Spoonbill
-6.519;37.088;PN-Donana--General;Huelva;Andalucia;2012;Apr;Animalia;Aves;Podicipedidae;Podiceps;Podiceps cristatus;Great Crested Grebe
-6.519;37.088;PN-Donana--General;Huelva;Andalucia;2012;May;Animalia;Aves;Upupidae;Upupa;Upupa epops;Eurasian Hoopoe
-6.519;37.088;PN-Donana--General;Huelva;Andalucia;2012;Apr;Animalia;Aves;Anatidae;Tadorna;Tadorna tadorna;Common Shelduck
-6.519;37.088;PN-Donana--General;Huelva;Andalucia;2012;Apr;Animalia;Aves;Podicipedidae;Podiceps;Podiceps nigricollis;Eared Grebe
-6.519;37.088;PN-Donana--General;Huelva;Andalucia;2012;Sep;Animalia;Aves;Threskiornithidae;Platalea;Platalea leucorodia;Eurasian Spoonbill
-6.519;37.088;PN-Donana--General;Huelva;Andalucia;2012;Sep;Animalia;Aves;Threskiornithidae;Plegadis;Plegadis falcinellus;Glossy Ibis
-6.519;37.088;PN-Donana--General;Huelva;Andalucia;2012;Sep;Animalia;Aves;Anatidae;Netta;Netta rufina;Red-crested Pochard
-6.519;37.088;PN-Donana--General;Huelva;Andalucia;2012;Sep;Animalia;Aves;Ardeidae;Ardea;Ardea alba;Great Egret
-6.519;37.088;PN-Donana--General;Huelva;Andalucia;2012;Sep;Animalia;Aves;Podicipedidae;Tachybaptus;Tachybaptus ruficollis;Little Grebe
-6.519;37.088;PN-Donana--General;Huelva;Andalucia;2012;Sep;Animalia;Aves;Ardeidae;Ardeola;Ardeola ralloides;Squacco Heron
0.304;41.805; de Esplus-Rafales;Huesca;Aragon;2019;Sep;Animalia;Aves;Fringillidae;Fringilla;Fringilla coelebs;Common Chaffinch
0.136;41.918; de Selgua y Conchel, Monzon ;Huesca;Aragon;2006;Sep;Animalia;Aves;Ardeidae;Ardea;Egretta alba;Garceta grande
-0.586;42.477; Huesca;Huesca;Aragon;2006;Jul;Animalia;Reptilia;Lacertidae;Timon;Timon lepidus;Ocellated Lizard
-0.63;42.183;Alberca de Castilla;Huesca;Aragon;2005;Apr;Animalia;Aves;Podicipedidae;Podiceps;Podiceps cristatus;Somormujo lavanco
-0.451;42.126;Alberca de Loreto;Huesca;Aragon;2000;Sep;Animalia;Aves;Podicipedidae;Tachybaptus;Tachybaptus ruficollis;Zampullin comun
-0.451;42.126;Alberca de Loreto;Huesca;Aragon;2007;Sep;Animalia;Aves;Podicipedidae;Tachybaptus;Tachybaptus ruficollis;Zampullin comun
-0.451;42.126;Alberca de Loreto;Huesca;Aragon;2010;Sep;Animalia;Aves;Podicipedidae;Tachybaptus;Tachybaptus ruficollis;Zampullin comun
-0.451;42.126;Alberca de Loreto;Huesca;Aragon;2012;Apr;Animalia;Aves;Podicipedidae;Podiceps;Podiceps cristatus;Somormujo lavanco
-0.718;42.125;Alcala de Gurrea;Huesca;Aragon;2020;Feb;Animalia;Mammalia;Canidae;Vulpes;Vulpes vulpes;Red Fox
0.196;42.635;Alto Valle del Cinca;Huesca;Aragon;2017;Aug;Animalia;Actinopterygii;Salmonidae;Salmo;Salmo trutta;Brown Trout
-0.783;42.851;Anso;Huesca;Aragon;2019;May;Animalia;Amphibia;Salamandridae;Calotriton;Calotriton asper;Pyrenean Brook Newt
-0.783;42.851;Anso;Huesca;Aragon;2019;May;Animalia;Amphibia;Bufonidae;Bufo;Bufo spinosus;Spiny Toad
0.127;41.718;Arrozales de Alcolea del Cinca ;Huesca;Aragon;2009;Sep;Animalia;Aves;Ardeidae;Ardea;Egretta alba;Garceta grande
0.032;41.787;Arrozales de Castelflorite;Huesca;Aragon;2019;Sep;Animalia;Aves;Ardeidae;Ardea;Ardea alba;Great Egret
0.112;41.915;Arrozales de Selgua;Huesca;Aragon;2019;Sep;Animalia;Aves;Ardeidae;Ardea;Ardea alba;Great Egret
0.411;41.592;Balsa Blanch ;Huesca;Aragon;2000;Apr;Animalia;Aves;Podicipedidae;Podiceps;Podiceps cristatus;Somormujo lavanco
0.066;41.048;Balsa de Candasnos ;Huesca;Aragon;2001;Apr;Animalia;Aves;Podicipedidae;Podiceps;Podiceps nigricollis;Zampullin cuellinegro
0.066;41.048;Balsa de Candasnos ;Huesca;Aragon;2001;Sep;Animalia;Aves;Anatidae;Netta;Netta rufina;Pato colorado
0.066;41.048;Balsa de Candasnos ;Huesca;Aragon;2003;Sep;Animalia;Aves;Anatidae;Netta;Netta rufina;Pato colorado
0.066;41.048;Balsa de Candasnos ;Huesca;Aragon;2003;Apr;Animalia;Aves;Podicipedidae;Podiceps;Podiceps nigricollis;Zampullin cuellinegro
-0.331;41.958;Balsa de Monreal ;Huesca;Aragon;2001;Apr;Animalia;Aves;Podicipedidae;Podiceps;Podiceps cristatus;Somormujo lavanco
0.296;41.765;Balsa de Rafales ;Huesca;Aragon;2000;Apr;Animalia;Aves;Podicipedidae;Podiceps;Podiceps cristatus;Somormujo lavanco
0.273;41.751;Balsa de Rafales I ;Huesca;Aragon;2002;Apr;Animalia;Aves;Podicipedidae;Podiceps;Podiceps cristatus;Somormujo lavanco
0.273;41.751;Balsa de Rafales I ;Huesca;Aragon;2003;Apr;Animalia;Aves;Podicipedidae;Podiceps;Podiceps cristatus;Somormujo lavanco
-0.12;42.701;Bujaruelo;Huesca;Aragon;2019;Jul;Animalia;Actinopterygii;Salmonidae;Salmo;Salmo trutta;Brown Trout
-0.195;42.231;Casbas de Huesca;Huesca;Aragon;2020;Sep;Animalia;Mammalia;Mustelidae;Meles;Meles meles;Eurasian Badger
0.326;42.142;Embalse de Barasona ;Huesca;Aragon;2000;Apr;Animalia;Aves;Podicipedidae;Podiceps;Podiceps cristatus;Somormujo lavanco
0.326;42.142;Embalse de Barasona ;Huesca;Aragon;2002;Apr;Animalia;Aves;Podicipedidae;Podiceps;Podiceps cristatus;Somormujo lavanco
0.326;42.142;Embalse de Barasona ;Huesca;Aragon;2003;Apr;Animalia;Aves;Podicipedidae;Podiceps;Podiceps cristatus;Somormujo lavanco
0.238;42.158;Embalse de El Grado ;Huesca;Aragon;2000;Apr;Animalia;Aves;Podicipedidae;Podiceps;Podiceps cristatus;Somormujo lavanco
0.238;42.158;Embalse de El Grado ;Huesca;Aragon;2003;Apr;Animalia;Aves;Podicipedidae;Podiceps;Podiceps cristatus;Somormujo lavanco
-0.716;42.385;Embalse de la Pena ;Huesca;Aragon;2003;Apr;Animalia;Aves;Podicipedidae;Podiceps;Podiceps cristatus;Somormujo lavanco
-0.677;42.123;Embalse de La Sotonera ;Huesca;Aragon;2000;Apr;Animalia;Aves;Podicipedidae;Podiceps;Podiceps cristatus;Somormujo lavanco
-0.677;42.123;Embalse de La Sotonera ;Huesca;Aragon;2003;Apr;Animalia;Aves;Podicipedidae;Podiceps;Podiceps cristatus;Somormujo lavanco
-0.677;42.123;Embalse de La Sotonera ;Huesca;Aragon;2003;Sep;Animalia;Aves;Anatidae;Netta;Netta rufina;Pato colorado
-0.638;42.288;Embalse de las Navas ;Huesca;Aragon;2000;Apr;Animalia;Aves;Podicipedidae;Podiceps;Podiceps cristatus;Somormujo lavanco
-0.638;42.288;Embalse de las Navas ;Huesca;Aragon;2003;Apr;Animalia;Aves;Podicipedidae;Podiceps;Podiceps cristatus;Somormujo lavanco
0.19;42.33;Embalse de Mediano ;Huesca;Aragon;2000;Apr;Animalia;Aves;Podicipedidae;Podiceps;Podiceps cristatus;Somormujo lavanco
0.19;42.33;Embalse de Mediano ;Huesca;Aragon;2003;Apr;Animalia;Aves;Podicipedidae;Podiceps;Podiceps cristatus;Somormujo lavanco
0.266;41.695;Embalse de Santa Rita ;Huesca;Aragon;2000;Apr;Animalia;Aves;Podicipedidae;Podiceps;Podiceps cristatus;Somormujo lavanco
0.266;41.695;Embalse de Santa Rita ;Huesca;Aragon;2000;Sep;Animalia;Aves;Podicipedidae;Tachybaptus;Tachybaptus ruficollis;Zampullin comun
0.266;41.695;Embalse de Santa Rita ;Huesca;Aragon;2001;Apr;Animalia;Aves;Podicipedidae;Podiceps;Podiceps cristatus;Somormujo lavanco
0.266;41.695;Embalse de Santa Rita ;Huesca;Aragon;2002;Apr;Animalia;Aves;Podicipedidae;Podiceps;Podiceps cristatus;Somormujo lavanco
0.266;41.695;Embalse de Santa Rita ;Huesca;Aragon;2003;Apr;Animalia;Aves;Podicipedidae;Podiceps;Podiceps cristatus;Somormujo lavanco
0.266;41.695;Embalse de Santa Rita ;Huesca;Aragon;2003;Sep;Animalia;Aves;Anatidae;Netta;Netta rufina;Pato colorado
-0.268;41.942;Embalse de Torrollon, Marcen ;Huesca;Aragon;2003;Apr;Animalia;Aves;Podicipedidae;Podiceps;Podiceps cristatus;Somormujo lavanco
0.274;41.705;Embalse del Pas ;Huesca;Aragon;2000;Apr;Animalia;Aves;Podicipedidae;Podiceps;Podiceps cristatus;Somormujo lavanco
0.274;41.705;Embalse del Pas ;Huesca;Aragon;2001;Apr;Animalia;Aves;Podicipedidae;Podiceps;Podiceps cristatus;Somormujo lavanco
0.274;41.705;Embalse del Pas ;Huesca;Aragon;2002;Apr;Animalia;Aves;Podicipedidae;Podiceps;Podiceps cristatus;Somormujo lavanco
-0.023;41.753;Estanque de Codero ;Huesca;Aragon;2000;Sep;Animalia;Aves;Podicipedidae;Tachybaptus;Tachybaptus ruficollis;Zampullin comun
-0.8;42;Gurrea de Gallego;Huesca;Aragon;2019;Sep;Animalia;Mammalia;Canidae;Vulpes;Vulpes vulpes;Red Fox
-0.284;42.728;Huesca;Huesca;Aragon;2003;Jul;Animalia;Amphibia;Salamandridae;Calotriton;Calotriton asper;Pyrenean Brook Newt
-0.65;42.8;Huesca;Huesca;Aragon;2009;Jul;Animalia;Mammalia;Gliridae;Eliomys;Eliomys quercinus;Garden Dormouse
-0.1;41.55;Huesca;Huesca;Aragon;2013;Apr;Animalia;Mammalia;Canidae;Vulpes;Vulpes vulpes;Red Fox
0.1;41.85;Huesca;Huesca;Aragon;2013;Aug;Animalia;Mammalia;Mustelidae;Meles;Meles meles;Eurasian Badger
-0.25;41.9;Huesca;Huesca;Aragon;2014;Mar;Animalia;Mammalia;Canidae;Vulpes;Vulpes vulpes;Red Fox
-0.7;42.75;Huesca;Huesca;Aragon;2015;Jul;Animalia;Mammalia;Canidae;Vulpes;Vulpes vulpes;Red Fox
-0.124;42.67;Huesca;Huesca;Aragon;2012;Jun;Animalia;Amphibia;Bufonidae;Bufo;Bufo spinosus;Spiny Toad
0.681;42.59;Huesca;Huesca;Aragon;2013;Aug;Animalia;Amphibia;Salamandridae;Calotriton;Calotriton asper;Pyrenean Brook Newt
0.277;41.722;La Menuza ;Huesca;Aragon;2000;Apr;Animalia;Aves;Podicipedidae;Podiceps;Podiceps cristatus;Somormujo lavanco
-0.178;41.796;Laguna de Sarinena ;Huesca;Aragon;2000;Apr;Animalia;Aves;Podicipedidae;Podiceps;Podiceps cristatus;Somormujo lavanco
-0.178;41.796;Laguna de Sarinena ;Huesca;Aragon;2000;Sep;Animalia;Aves;Podicipedidae;Tachybaptus;Tachybaptus ruficollis;Zampullin comun
-0.178;41.796;Laguna de Sarinena ;Huesca;Aragon;2001;Apr;Animalia;Aves;Podicipedidae;Podiceps;Podiceps nigricollis;Zampullin cuellinegro
-0.178;41.796;Laguna de Sarinena ;Huesca;Aragon;2001;Apr;Animalia;Aves;Anatidae;Tadorna;Tadorna tadorna;Tarro blanco
-0.178;41.796;Laguna de Sarinena ;Huesca;Aragon;2003;Sep;Animalia;Aves;Anatidae;Netta;Netta rufina;Pato colorado
0.193;41.916;Monzon;Huesca;Aragon;2014;Sep;Animalia;Aves;Fringillidae;Fringilla;Fringilla coelebs;Common Chaffinch
0.193;41.916;Monzon;Huesca;Aragon;2014;Sep;Animalia;Aves;Ardeidae;Ardea;Ardea alba;Great Egret
-6.535;37.696;Nerva;Huesca;Aragon;2017;Apr;Animalia;Amphibia;Pelodytidae;Pelodytes;Pelodytes ibericus;Iberian Parsley Frog
-0.607;38.794;Ontinyent;Huesca;Aragon;2017;Feb;Animalia;Amphibia;Bufonidae;Bufo;Bufo spinosus;Spiny Toad
-0.051;42.647;Ordesa y Monte Perdido;Huesca;Aragon;2017;Aug;Animalia;Actinopterygii;Salmonidae;Salmo;Salmo trutta;Brown Trout
-0.01;42.67;Ordesa y Monte Perdido;Huesca;Aragon;2017;Sep;Animalia;Amphibia;Salamandridae;Calotriton;Calotriton asper;Pyrenean Brook Newt
-0.052;42.656;Ordesa y Monte Perdido P.N.;Huesca;Aragon;2007;Jul;Animalia;Amphibia;Salamandridae;Calotriton;Calotriton asper;Pyrenean Brook Newt
0.058;42.588;Ordesa y Monte Perdido P.N.;Huesca;Aragon;2007;May;Animalia;Amphibia;Salamandridae;Calotriton;Calotriton asper;Pyrenean Brook Newt
0.411;41.59;Pantano de Mas Blanc;Huesca;Aragon;2018;Sep;Animalia;Aves;Podicipedidae;Tachybaptus;Tachybaptus ruficollis;Little Grebe
0.411;41.59;Pantano de Mas Blanc;Huesca;Aragon;2019;Sep;Animalia;Aves;Podicipedidae;Tachybaptus;Tachybaptus ruficollis;Little Grebe
-1.038;42.607;Pantano de Yesa;Huesca;Aragon;2014;Apr;Animalia;Aves;Podicipedidae;Podiceps;Podiceps cristatus;Great Crested Grebe
-1.038;42.607;Pantano de Yesa;Huesca;Aragon;2014;Sep;Animalia;Aves;Ardeidae;Ardea;Ardea alba;Great Egret
-0.1;41.45;Penalba;Huesca;Aragon;2020;Sep;Animalia;Mammalia;Canidae;Vulpes;Vulpes vulpes;Red Fox
-0.1;41.35;Penalba;Huesca;Aragon;2020;Sep;Animalia;Mammalia;Canidae;Vulpes;Vulpes vulpes;Red Fox
-0.1;41.35;Penalba;Huesca;Aragon;2020;Feb;Animalia;Mammalia;Canidae;Vulpes;Vulpes vulpes;Red Fox
-0.05;41.4;Penalba;Huesca;Aragon;2020;Sep;Animalia;Mammalia;Canidae;Vulpes;Vulpes vulpes;Red Fox
-0.238;42.616;Puerto de Otal - Cotefablo;Huesca;Aragon;2015;Aug;Animalia;Amphibia;Bufonidae;Bufo;Bufo spinosus;Spiny Toad
-0.523;42.795;Puerto del Somport;Huesca;Aragon;2016;Aug;Animalia;Amphibia;Bufonidae;Bufo;Bufo spinosus;Spiny Toad
0.135;42.586;Puertolas;Huesca;Aragon;2018;Aug;Animalia;Amphibia;Bufonidae;Bufo;Bufo spinosus;Spiny Toad
0.125;42.597;Puertolas;Huesca;Aragon;2019;Apr;Animalia;Amphibia;Salamandridae;Calotriton;Calotriton asper;Pyrenean Brook Newt
0.149;41.841;Rio Cinca, tramo El Grado-Torrente de Cinca ;Huesca;Aragon;2000;Sep;Animalia;Aves;Ardeidae;Ardea;Egretta alba;Garceta grande
0.149;41.841;Rio Cinca, tramo El Grado-Torrente de Cinca ;Huesca;Aragon;2000;Sep;Animalia;Aves;Podicipedidae;Tachybaptus;Tachybaptus ruficollis;Zampullin comun
-0.8;42.55;Santa Cilia;Huesca;Aragon;2010;Jul;Animalia;Mammalia;Gliridae;Glis;Glis glis;Edible Dormouse
-0.069;42.256;Sierra y los Cabones de Guara P.N.;Huesca;Aragon;2014;Jul;Animalia;Amphibia;Bufonidae;Bufo;Bufo spinosus;Spiny Toad
-0.107;42.632;Torla;Huesca;Aragon;2019;Jul;Animalia;Amphibia;Bufonidae;Bufo;Bufo spinosus;Spiny Toad
-0.106;42.637;Torla;Huesca;Aragon;2019;Jul;Animalia;Amphibia;Bufonidae;Bufo;Bufo spinosus;Spiny Toad
-0.693;42.789;Valle de Hecho;Huesca;Aragon;2019;May;Animalia;Amphibia;Salamandridae;Calotriton;Calotriton asper;Pyrenean Brook Newt
-0.816;42.863;Zuriza;Huesca;Aragon;2014;Sep;Animalia;Aves;Fringillidae;Fringilla;Fringilla coelebs;Common Chaffinch
-0.816;42.863;Zuriza;Huesca;Aragon;2014;Sep;Animalia;Aves;Fringillidae;Loxia;Loxia curvirostra;Red Crossbill
-0.8;42.85;Anso;Huesca;Aragon;2020;Mar;Animalia;Mammalia;Canidae;Vulpes;Vulpes vulpes;Red Fox
0.411;41.592;Balsa Blanch ;Huesca;Aragon;2005;Apr;Animalia;Aves;Podicipedidae;Podiceps;Podiceps cristatus;Somormujo lavanco
0.411;41.592;Balsa Blanch ;Huesca;Aragon;2006;Apr;Animalia;Aves;Podicipedidae;Podiceps;Podiceps cristatus;Somormujo lavanco
0.411;41.592;Balsa Blanch ;Huesca;Aragon;2007;Apr;Animalia;Aves;Podicipedidae;Podiceps;Podiceps cristatus;Somormujo lavanco
0.411;41.592;Balsa Blanch ;Huesca;Aragon;2007;Apr;Animalia;Aves;Podicipedidae;Podiceps;Podiceps nigricollis;Zampullin cuellinegro
0.411;41.592;Balsa Blanch ;Huesca;Aragon;2007;Apr;Animalia;Aves;Anatidae;Tadorna;Tadorna tadorna;Tarro blanco
-0.356;41.999;Balsa Giral ;Huesca;Aragon;2004;Sep;Animalia;Aves;Ardeidae;Ardea;Egretta alba;Garceta grande
-0.356;41.999;Balsa Giral ;Huesca;Aragon;2006;Sep;Animalia;Aves;Ardeidae;Ardea;Egretta alba;Garceta grande
-0.356;41.999;Balsa Giral ;Huesca;Aragon;2007;Sep;Animalia;Aves;Ardeidae;Ardea;Egretta alba;Garceta grande
-0.356;41.999;Balsa Giral ;Huesca;Aragon;2008;Sep;Animalia;Aves;Ardeidae;Ardea;Egretta alba;Garceta grande
-0.496;42.785;Canfranc;Huesca;Aragon;2003;Sep;Animalia;Amphibia;Salamandridae;Calotriton;Calotriton asper;Pyrenean Brook Newt
0.326;42.142;Embalse de Barasona ;Huesca;Aragon;2005;Apr;Animalia;Aves;Podicipedidae;Podiceps;Podiceps cristatus;Somormujo lavanco
0.326;42.142;Embalse de Barasona ;Huesca;Aragon;2006;Apr;Animalia;Aves;Podicipedidae;Podiceps;Podiceps cristatus;Somormujo lavanco
0.326;42.142;Embalse de Barasona ;Huesca;Aragon;2007;Apr;Animalia;Aves;Podicipedidae;Podiceps;Podiceps cristatus;Somormujo lavanco
0.326;42.142;Embalse de Barasona ;Huesca;Aragon;2008;Apr;Animalia;Aves;Podicipedidae;Podiceps;Podiceps cristatus;Somormujo lavanco
0.326;42.142;Embalse de Barasona ;Huesca;Aragon;2009;Apr;Animalia;Aves;Podicipedidae;Podiceps;Podiceps cristatus;Somormujo lavanco
0.326;42.142;Embalse de Barasona ;Huesca;Aragon;2009;Sep;Animalia;Aves;Ardeidae;Ardea;Egretta alba;Garceta grande
0.326;42.142;Embalse de Barasona ;Huesca;Aragon;2010;Apr;Animalia;Aves;Podicipedidae;Podiceps;Podiceps cristatus;Somormujo lavanco
0.326;42.142;Embalse de Barasona ;Huesca;Aragon;2011;Apr;Animalia;Aves;Podicipedidae;Podiceps;Podiceps cristatus;Somormujo lavanco
0.326;42.142;Embalse de Barasona ;Huesca;Aragon;2012;Apr;Animalia;Aves;Podicipedidae;Podiceps;Podiceps cristatus;Somormujo lavanco
-0.359;42.512;Embalse de Sabinanigo ;Huesca;Aragon;2006;Sep;Animalia;Aves;Podicipedidae;Tachybaptus;Tachybaptus ruficollis;Zampullin comun
-0.359;42.512;Embalse de Sabinanigo ;Huesca;Aragon;2007;Sep;Animalia;Aves;Podicipedidae;Tachybaptus;Tachybaptus ruficollis;Zampullin comun
-0.359;42.512;Embalse de Sabinanigo ;Huesca;Aragon;2008;Sep;Animalia;Aves;Podicipedidae;Tachybaptus;Tachybaptus ruficollis;Zampullin comun
-0.359;42.512;Embalse de Sabinanigo ;Huesca;Aragon;2009;Sep;Animalia;Aves;Podicipedidae;Tachybaptus;Tachybaptus ruficollis;Zampullin comun
-0.359;42.512;Embalse de Sabinanigo ;Huesca;Aragon;2010;Sep;Animalia;Aves;Podicipedidae;Tachybaptus;Tachybaptus ruficollis;Zampullin comun
-3.924;38.18; Andujar;Jaen;Andalucia;2014;May;Animalia;Reptilia;Lacertidae;Timon;Timon lepidus;Ocellated Lizard
-3.962;38.216; Andujar;Jaen;Andalucia;2017;Mar;Animalia;Reptilia;Lacertidae;Timon;Timon lepidus;Ocellated Lizard
-3.953;38.21; Andujar;Jaen;Andalucia;2018;May;Animalia;Reptilia;Colubridae;Hemorrhois;Hemorrhois hippocrepis;Horseshoe Whip Snake
-3.948;38.143; Andujar;Jaen;Andalucia;2018;May;Animalia;Reptilia;Colubridae;Hemorrhois;Hemorrhois hippocrepis;Horseshoe Whip Snake
-3.928;38.176;Andujar;Jaen;Andalucia;2014;May;Animalia;Amphibia;Hylidae;Hyla;Hyla meridionalis;Mediterranean Tree Frog
-3.918;38.185;Andujar;Jaen;Andalucia;2014;May;Animalia;Amphibia;Pelobatidae;Pelobates;Pelobates cultripes;Western Spadefoot
-3.913;38.187;Andujar;Jaen;Andalucia;2014;May;Animalia;Amphibia;Pelobatidae;Pelobates;Pelobates cultripes;Western Spadefoot
-4;38.2;Andujar;Jaen;Andalucia;2016;Feb;Animalia;Amphibia;Salamandridae;Salamandra;Salamandra salamandra;Fire Salamander
-3.948;38.143;Andujar;Jaen;Andalucia;2016;Feb;Animalia;Amphibia;Pelobatidae;Pelobates;Pelobates cultripes;Western Spadefoot
-3.937;38.161;Andujar;Jaen;Andalucia;2016;Mar;Animalia;Amphibia;Salamandridae;Lissotriton;Lissotriton boscai;Bosca's Newt
-3.934;38.196;Andujar;Jaen;Andalucia;2017;Mar;Animalia;Amphibia;Pelobatidae;Pelobates;Pelobates cultripes;Western Spadefoot
-3.961;38.214;Andujar;Jaen;Andalucia;2016;Feb;Animalia;Mammalia;Bovidae;Capra;Capra pyrenaica;South-eastern Spanish Ibex
-3.959;38.149;Andujar;Jaen;Andalucia;2017;Feb;Animalia;Mammalia;Bovidae;Capra;Capra pyrenaica;Iberian Ibex
-3.95;38.15;Andujar;Jaen;Andalucia;2017;Feb;Animalia;Mammalia;Canidae;Vulpes;Vulpes vulpes;Red Fox
-4;38.1;Andujar;Jaen;Andalucia;2018;Sep;Animalia;Mammalia;Canidae;Vulpes;Vulpes vulpes;Red Fox
-4;38.1;Andujar;Jaen;Andalucia;2019;Sep;Animalia;Mammalia;Canidae;Vulpes;Vulpes vulpes;Red Fox
-3.962;38.217;Andujar;Jaen;Andalucia;2019;Feb;Animalia;Mammalia;Bovidae;Capra;Capra pyrenaica;South-eastern Spanish Ibex
-3.962;38.216;Andujar;Jaen;Andalucia;2019;Feb;Animalia;Mammalia;Bovidae;Capra;Capra pyrenaica;South-eastern Spanish Ibex
-3.953;38.208;Andujar;Jaen;Andalucia;2019;Sep;Animalia;Mammalia;Bovidae;Capra;Capra pyrenaica;Iberian Ibex
-3.95;38.15;Andujar;Jaen;Andalucia;2019;Sep;Animalia;Mammalia;Canidae;Vulpes;Vulpes vulpes;Red Fox
-4;38.2;Andujar;Jaen;Andalucia;2020;Feb;Animalia;Mammalia;Bovidae;Capra;Capra pyrenaica;Iberian Ibex
-3.998;38.162;Andujar;Jaen;Andalucia;2020;Sep;Animalia;Mammalia;Mustelidae;Lutra;Lutra lutra;Eurasian Otter
-3.593;38.054;Balsa azucarera estacion de Linares-Baeza;Jaen;Andalucia;2002;Sep;Animalia;Aves;Anatidae;Netta;Netta rufina;Pato colorado
-3.753;37.802;Balsa Cadimo;Jaen;Andalucia;2003;Apr;Animalia;Aves;Podicipedidae;Podiceps;Podiceps nigricollis;Zampullin cuellinegro
-3.514;37.913;Balsa Cortijo P. M. de La Rosa;Jaen;Andalucia;2002;Apr;Animalia;Aves;Podicipedidae;Podiceps;Podiceps cristatus;Somormujo lavanco
-3.766;37.923;Balsa Infantas;Jaen;Andalucia;2003;Apr;Animalia;Aves;Podicipedidae;Podiceps;Podiceps cristatus;Somormujo lavanco
-3.65;37.915;Balsa Torrequebradilla;Jaen;Andalucia;2003;Apr;Animalia;Aves;Podicipedidae;Podiceps;Podiceps nigricollis;Zampullin cuellinegro
-2.898;37.785;Embalse de Dona Aldonza;Jaen;Andalucia;2003;Sep;Animalia;Aves;Podicipedidae;Tachybaptus;Tachybaptus ruficollis;Zampullin comun
-2.898;37.785;Embalse de Dona Aldonza;jaen;Andalucia;2004;Sep;Animalia;Aves;Podicipedidae;Tachybaptus;Tachybaptus ruficollis;Zampullin comun
-3.571;38.217;Embalse de Fernandina;Jaen;Andalucia;2002;Apr;Animalia;Aves;Podicipedidae;Podiceps;Podiceps cristatus;Somormujo lavanco
-3.443;38.123;Embalse de Giribaile;Jaen;Andalucia;2003;Apr;Animalia;Aves;Podicipedidae;Podiceps;Podiceps cristatus;Somormujo lavanco
-3.443;38.123;Embalse de Giribaile;Jaen;Andalucia;2003;Sep;Animalia;Aves;Anatidae;Netta;Netta rufina;Pato colorado
-2.898;37.781;Embalse de La Bolera;Jaen;Andalucia;2002;Apr;Animalia;Aves;Podicipedidae;Podiceps;Podiceps cristatus;Somormujo lavanco
-2.549;38.195;Embalse de las Anchuricas;Jaen;Andalucia;2003;Sep;Animalia;Aves;Podicipedidae;Tachybaptus;Tachybaptus ruficollis;Zampullin comun
-3.392;37.907;Embalse de Pedro Marin;Jaen;Andalucia;2003;Sep;Animalia;Aves;Podicipedidae;Tachybaptus;Tachybaptus ruficollis;Zampullin comun
-3.392;37.907;Embalse de Pedro Marin;jaen;Andalucia;2004;Sep;Animalia;Aves;Podicipedidae;Tachybaptus;Tachybaptus ruficollis;Zampullin comun
-3.714;37.629;Embalse de Quiebrajano;Jaen;Andalucia;2003;Apr;Animalia;Aves;Podicipedidae;Podiceps;Podiceps cristatus;Somormujo lavanco
-3.79;38.19;Embalse de Rumblar;Jaen;Andalucia;2003;Apr;Animalia;Aves;Podicipedidae;Podiceps;Podiceps cristatus;Somormujo lavanco
-2.772;38.128;Embalse de Tranco de Beas;Jaen;Andalucia;2002;Apr;Animalia;Aves;Podicipedidae;Podiceps;Podiceps cristatus;Somormujo lavanco
-2.772;38.128;Embalse de Tranco de Beas;Jaen;Andalucia;2003;Apr;Animalia;Aves;Podicipedidae;Podiceps;Podiceps cristatus;Somormujo lavanco
-3.829;38.103;Embalse de Zocueca;Jaen;Andalucia;2003;Sep;Animalia;Aves;Podicipedidae;Tachybaptus;Tachybaptus ruficollis;Zampullin comun
-2.949;38.038;Embalse del Aguacebas;Jaen;Andalucia;2002;Apr;Animalia;Aves;Podicipedidae;Podiceps;Podiceps cristatus;Somormujo lavanco
-3.48;38.181;Embalse del Guadalen;Jaen;Andalucia;2002;Apr;Animalia;Aves;Podicipedidae;Podiceps;Podiceps cristatus;Somormujo lavanco
-3.171;37.975;Embalse del Puente de la Cerrada;Jaen;Andalucia;2003;Sep;Animalia;Aves;Podicipedidae;Tachybaptus;Tachybaptus ruficollis;Zampullin comun
-3.171;37.975;Embalse del Puente de la Cerrada;jaen;Andalucia;2004;Sep;Animalia;Aves;Podicipedidae;Tachybaptus;Tachybaptus ruficollis;Zampullin comun
-2.459;38.177;Embalse La Vieja;Jaen;Andalucia;2003;Sep;Animalia;Aves;Podicipedidae;Tachybaptus;Tachybaptus ruficollis;Zampullin comun
-2.818;37.956;Laguna de Valdeazores;Jaen;Andalucia;2003;Sep;Animalia;Aves;Podicipedidae;Tachybaptus;Tachybaptus ruficollis;Zampullin comun
-3.561;37.934;Laguna Grande, Baeza;Jaen;Andalucia;2002;Apr;Animalia;Aves;Podicipedidae;Podiceps;Podiceps cristatus;Somormujo lavanco
-3.561;37.934;Laguna Grande, Baeza;Jaen;Andalucia;2002;Sep;Animalia;Aves;Anatidae;Netta;Netta rufina;Pato colorado
-3.561;37.934;Laguna Grande, Baeza;Jaen;Andalucia;2003;Apr;Animalia;Aves;Podicipedidae;Podiceps;Podiceps cristatus;Somormujo lavanco
-3.561;37.934;Laguna Grande, Baeza;Jaen;Andalucia;2003;Sep;Animalia;Aves;Podicipedidae;Tachybaptus;Tachybaptus ruficollis;Zampullin comun
-3.561;37.934;Laguna Grande, Baeza;jaen;Andalucia;2004;Sep;Animalia;Aves;Podicipedidae;Tachybaptus;Tachybaptus ruficollis;Zampullin comun
-4.142;37.6;Laguna Honda de Alcaudete;Jaen;Andalucia;2003;Sep;Animalia;Aves;Podicipedidae;Tachybaptus;Tachybaptus ruficollis;Zampullin comun
-4.142;37.6;Laguna Honda de Alcaudete;Jaen;Andalucia;2004;Sep;Animalia;Aves;Podicipedidae;Tachybaptus;Tachybaptus ruficollis;Zampullin comun
-2.88;38.01;Santiago-Pontones;Jaen;Andalucia;2016;Sep;Animalia;Amphibia;Bufonidae;Bufo;Bufo spinosus;Spiny Toad
-4.05;38.15;Sierra de Andujar;Jaen;Andalucia;2010;May;Animalia;Mammalia;Canidae;Vulpes;Vulpes vulpes;Red Fox
-4.071;38.236;Sierra de Andujar;Jaen;Andalucia;2013;Feb;Animalia;Mammalia;Bovidae;Capra;Capra pyrenaica;South-eastern Spanish Ibex
-4.05;38.15;Sierra de Andujar;Jaen;Andalucia;2013;Aug;Animalia;Mammalia;Canidae;Vulpes;Vulpes vulpes;Red Fox
-3.979;38.222;Sierra de Andujar;Jaen;Andalucia;2013;Mar;Animalia;Mammalia;Bovidae;Capra;Capra pyrenaica;Iberian Ibex
-3.975;38.224;Sierra de Andujar;Jaen;Andalucia;2013;Feb;Animalia;Mammalia;Bovidae;Capra;Capra pyrenaica;South-eastern Spanish Ibex
-3.976;38.224;Sierra de Andujar;Jaen;Andalucia;2014;Mar;Animalia;Mammalia;Bovidae;Capra;Capra pyrenaica;Iberian Ibex
-3.976;38.224;Sierra de Andujar;Jaen;Andalucia;2014;Apr;Animalia;Mammalia;Bovidae;Capra;Capra pyrenaica;Iberian Ibex
-3.975;38.222;Sierra de Andujar;Jaen;Andalucia;2014;Feb;Animalia;Mammalia;Bovidae;Capra;Capra pyrenaica;Iberian Ibex
-3.974;38.223;Sierra de Andujar;Jaen;Andalucia;2014;Feb;Animalia;Mammalia;Bovidae;Capra;Capra pyrenaica;Iberian Ibex
-4.05;38.254;Sierra de Andujar;Jaen;Andalucia;2015;May;Animalia;Mammalia;Bovidae;Capra;Capra pyrenaica;Iberian Ibex
-3.973;38.224;Sierra de Andujar;Jaen;Andalucia;2015;Sep;Animalia;Mammalia;Bovidae;Capra;Capra pyrenaica;Iberian Ibex
-3.975;38.222;Sierra de Andujar;Jaen;Andalucia;2016;Feb;Animalia;Mammalia;Bovidae;Capra;Capra pyrenaica;Iberian Ibex
-3.974;38.223;Sierra de Andujar;Jaen;Andalucia;2016;Feb;Animalia;Mammalia;Bovidae;Capra;Capra pyrenaica;Iberian Ibex
-3.973;38.222;Sierra de Andujar;Jaen;Andalucia;2016;Feb;Animalia;Mammalia;Bovidae;Capra;Capra pyrenaica;South-eastern Spanish Ibex
-3.969;38.221;Sierra de Andujar;Jaen;Andalucia;2016;Sep;Animalia;Mammalia;Bovidae;Capra;Capra pyrenaica;Iberian Ibex
-4.035;38.148;Sierra de Andujar;Jaen;Andalucia;2014;Feb;Animalia;Amphibia;Hylidae;Hyla;Hyla meridionalis;Mediterranean Tree Frog
-3.991;38.171;Sierra de Andujar;Jaen;Andalucia;2014;Sep;Animalia;Amphibia;Bufonidae;Bufo;Bufo spinosus;Spiny Toad
-4.016;38.152;Sierra de Andujar;Jaen;Andalucia;2016;Mar;Animalia;Amphibia;Bufonidae;Bufo;Bufo spinosus;Spiny Toad
-3.996;38.166;Sierra de Andujar;Jaen;Andalucia;2016;May;Animalia;Amphibia;Pelobatidae;Pelobates;Pelobates cultripes;Western Spadefoot
-3.975;38.226;Sierra de Andujar;Jaen;Andalucia;2016;Mar;Animalia;Amphibia;Hylidae;Hyla;Hyla meridionalis;Mediterranean Tree Frog
-4.059;38.137;Sierra de Andujar;Jaen;Andalucia;2010;Apr;Animalia;Amphibia;Hylidae;Hyla;Hyla meridionalis;Mediterranean Tree Frog
-4.064;38.18;Sierra de Andujar;Jaen;Andalucia;2011;Nov;Animalia;Amphibia;Salamandridae;Lissotriton;Lissotriton boscai;Bosca's Newt
-4.002;38.158;Sierra de Andujar;Jaen;Andalucia;2020;Feb;Animalia;Amphibia;Hylidae;Hyla;Hyla meridionalis;Mediterranean Tree Frog
-3.999;38.159;Sierra de Andujar;Jaen;Andalucia;2020;Feb;Animalia;Amphibia;Hylidae;Hyla;Hyla meridionalis;Mediterranean Tree Frog
-3.909;38.19;Villanueva de la Reina;Jaen;Andalucia;2014;May;Animalia;Amphibia;Salamandridae;Pleurodeles;Pleurodeles waltl;Spanish Ribbed Newt
-3.909;38.188;Villanueva de la Reina;Jaen;Andalucia;2014;May;Animalia;Amphibia;Pelobatidae;Pelobates;Pelobates cultripes;Western Spadefoot
-3.909;38.188;Villanueva de la Reina;Jaen;Andalucia;2014;May;Animalia;Amphibia;Salamandridae;Pleurodeles;Pleurodeles waltl;Spanish Ribbed Newt
-3.904;38.194;Villanueva de la Reina;Jaen;Andalucia;2014;May;Animalia;Amphibia;Pelobatidae;Pelobates;Pelobates cultripes;Western Spadefoot
-3.952;38.206; Cuencas del Rumblar, Guadalen y Guadalmena;Jaen;Andalucia;2014;Mar;Animalia;Reptilia;Lacertidae;Timon;Timon lepidus;Ocellated Lizard
-3.932;38.194; Cuencas del Rumblar, Guadalen y Guadalmena;Jaen;Andalucia;2014;May;Animalia;Reptilia;Lacertidae;Timon;Timon lepidus;Ocellated Lizard
-3.962;38.214; Cuencas del Rumblar, Guadalen y Guadalmena;Jaen;Andalucia;2015;Sep;Animalia;Reptilia;Lacertidae;Timon;Timon lepidus;Ocellated Lizard
-3.809;38.142; Cuencas del Rumblar, Guadalen y Guadalmena;Jaen;Andalucia;2015;Apr;Animalia;Reptilia;Lacertidae;Timon;Timon lepidus;Ocellated Lizard
-3.946;38.164; Cuencas del Rumblar, Guadalon y Guadalmena;Jaen;Andalucia;2011;Apr;Animalia;Reptilia;Lacertidae;Timon;Timon lepidus;Ocellated Lizard
-3.904;38.193; Villanueva de la Reina;Jaen;Andalucia;2014;May;Animalia;Reptilia;Lacertidae;Timon;Timon lepidus;Ocellated Lizard
-3.65;37.915;Balsa Torrequebradilla;Jaen;Andalucia;2006;Apr;Animalia;Aves;Podicipedidae;Podiceps;Podiceps nigricollis;Zampullin cuellinegro
-3.65;37.915;Balsa Torrequebradilla;Jaen;Andalucia;2007;Apr;Animalia;Aves;Podicipedidae;Podiceps;Podiceps nigricollis;Zampullin cuellinegro
-3.65;37.915;Balsa Torrequebradilla;Jaen;Andalucia;2007;Sep;Animalia;Aves;Podicipedidae;Tachybaptus;Tachybaptus ruficollis;Zampullin comun
-3.65;37.915;Balsa Torrequebradilla;Jaen;Andalucia;2009;Sep;Animalia;Aves;Podicipedidae;Tachybaptus;Tachybaptus ruficollis;Zampullin comun
-3.65;37.915;Balsa Torrequebradilla;Jaen;Andalucia;2011;Sep;Animalia;Aves;Podicipedidae;Tachybaptus;Tachybaptus ruficollis;Zampullin comun
-3.65;37.915;Balsa Torrequebradilla;Jaen;Andalucia;2013;Apr;Animalia;Aves;Podicipedidae;Podiceps;Podiceps cristatus;Somormujo lavanco
-3.956;38.21;Cuencas del Rumblar, Guadalen y Guadalmena;Jaen;Andalucia;2013;Mar;Animalia;Amphibia;Salamandridae;Pleurodeles;Pleurodeles waltl;Spanish Ribbed Newt
-3.938;38.203;Cuencas del Rumblar, Guadalen y Guadalmena;Jaen;Andalucia;2014;May;Animalia;Amphibia;Hylidae;Hyla;Hyla meridionalis;Mediterranean Tree Frog
-3.918;38.185;Cuencas del Rumblar, Guadalen y Guadalmena;Jaen;Andalucia;2014;May;Animalia;Amphibia;Pelobatidae;Pelobates;Pelobates cultripes;Western Spadefoot
-4.008;38.145;Cuencas del Rumblar, Guadalen y Guadalmena;Jaen;Andalucia;2015;Apr;Animalia;Amphibia;Hylidae;Hyla;Hyla meridionalis;Mediterranean Tree Frog
-3.999;38.159;Cuencas del Rumblar, Guadalen y Guadalmena;Jaen;Andalucia;2015;Sep;Animalia;Amphibia;Hylidae;Hyla;Hyla meridionalis;Mediterranean Tree Frog
-3.93;38.191;Cuencas del Rumblar, Guadalen y Guadalmena;Jaen;Andalucia;2015;Apr;Animalia;Amphibia;Pelobatidae;Pelobates;Pelobates cultripes;Western Spadefoot
-3.95;38.15;Cuencas del Rumblar, Guadalen y Guadalmena;Jaen;Andalucia;2011;Apr;Animalia;Mammalia;Canidae;Vulpes;Vulpes vulpes;Red Fox
-4;38.2;Cuencas del Rumblar, Guadalen y Guadalmena;Jaen;Andalucia;2013;Mar;Animalia;Mammalia;Canidae;Vulpes;Vulpes vulpes;Red Fox
-3.95;38.2;Cuencas del Rumblar, Guadalen y Guadalmena;Jaen;Andalucia;2013;Aug;Animalia;Mammalia;Canidae;Vulpes;Vulpes vulpes;Red Fox
-3.994;38.164;Cuencas del Rumblar, Guadalen y Guadalmena;Jaen;Andalucia;2014;Feb;Animalia;Mammalia;Bovidae;Capra;Capra pyrenaica;Iberian Ibex
-3.959;38.213;Cuencas del Rumblar, Guadalen y Guadalmena;Jaen;Andalucia;2014;May;Animalia;Mammalia;Bovidae;Capra;Capra pyrenaica;Iberian Ibex
-3.977;38.131;Cuencas del Rumblar, Guadalen y Guadalmena;Jaen;Andalucia;2015;Apr;Animalia;Mammalia;Bovidae;Capra;Capra pyrenaica;Iberian Ibex
-9.116;42.917; Carnota - Monte Pindo;Coruna;Galicia;2019;Mar;Animalia;Reptilia;Lacertidae;Timon;Timon lepidus;Ocellated Lizard
-2.305;42.457;Agoncillo;La Rioja;La Rioja;2015;Jun;Animalia;Actinopterygii;Cyprinidae;Gobio;Gobio lozanoi;Iberian gudgeon
-2.308;42.448;Agoncillo;La Rioja;La Rioja;2018;Jul;Animalia;Actinopterygii;Cyprinidae;Gobio;Gobio lozanoi;Iberian gudgeon
-2.311;42.446;Agoncillo;La Rioja;La Rioja;2019;Jul;Animalia;Actinopterygii;Cyprinidae;Gobio;Gobio lozanoi;Iberian gudgeon
-2.309;42.431;Agoncillo;La Rioja;La Rioja;2019;Sep;Animalia;Actinopterygii;Cyprinidae;Gobio;Gobio lozanoi;Iberian gudgeon
-2.307;42.427;Agoncillo;La Rioja;La Rioja;2019;Jun;Animalia;Actinopterygii;Cyprinidae;Gobio;Gobio lozanoi;Iberian gudgeon
-1.755;42.165;Alfaro;La Rioja;La Rioja;2015;Jul;Animalia;Actinopterygii;Cyprinidae;Gobio;Gobio lozanoi;Iberian gudgeon
-1.723;42.152;Alfaro;La Rioja;La Rioja;2015;Sep;Animalia;Actinopterygii;Cyprinidae;Gobio;Gobio lozanoi;Iberian gudgeon
-1.884;42.132;Alfaro;La Rioja;La Rioja;2020;Sep;Animalia;Mammalia;Mustelidae;Meles;Meles meles;Eurasian Badger
-1.858;42.156;Alfaro;La Rioja;La Rioja;2020;Sep;Animalia;Mammalia;Canidae;Vulpes;Vulpes vulpes;Red Fox
-1.831;42.182;Alfaro;La Rioja;La Rioja;2020;Feb;Animalia;Mammalia;Canidae;Vulpes;Vulpes vulpes;Red Fox
-2.734;42.252;Anguiano;La Rioja;La Rioja;2019;Jul;Animalia;Amphibia;Bufonidae;Bufo;Bufo spinosus;Spiny Toad
-2.07;42.233;Arnedo;La Rioja;La Rioja;2019;Feb;Animalia;Mammalia;Mustelidae;Meles;Meles meles;Eurasian Badger
-1.946;42.213;Autol;La Rioja;La Rioja;2019;Jun;Animalia;Amphibia;Pelobatidae;Pelobates;Pelobates cultripes;Western Spadefoot
-1.924;42.264;Calahorra;La Rioja;La Rioja;2019;Feb;Animalia;Mammalia;Mustelidae;Meles;Meles meles;Eurasian Badger
-2;42.05;Igea;La Rioja;La Rioja;2019;Feb;Animalia;Mammalia;Canidae;Vulpes;Vulpes vulpes;Red Fox
-5.1;36.6;Igualeja;La Rioja;La Rioja;2015;Jul;Animalia;Mammalia;Canidae;Vulpes;Vulpes vulpes;Red Fox
-2.363;42.403;Murillo de Rio Leza;La Rioja;La Rioja;2013;Mar;Animalia;Amphibia;Salamandridae;Triturus;Triturus marmoratus;Marbled Newt
-2.351;42.402;Murillo de Rio Leza;La Rioja;La Rioja;2013;Mar;Animalia;Amphibia;Hylidae;Hyla;Hyla molleri;Iberian Tree Frog
-1.752;42.212;Sotos del Ebro en Alfaro;La Rioja;La Rioja;2020;Sep;Animalia;Mammalia;Mustelidae;Lutra;Lutra lutra;Eurasian Otter
-1.748;42.209;Sotos del Ebro en Alfaro;La Rioja;La Rioja;2020;Sep;Animalia;Mammalia;Mustelidae;Lutra;Lutra lutra;Eurasian Otter
-1.97;42.348;Sotos y Riberas del Ebro;La Rioja;La Rioja;2020;Sep;Animalia;Mammalia;Mustelidae;Lutra;Lutra lutra;Eurasian Otter
-1.966;42.344;Sotos y Riberas del Ebro;La Rioja;La Rioja;2020;Sep;Animalia;Mammalia;Mustelidae;Meles;Meles meles;Eurasian Badger
-1.955;42.335;Sotos y Riberas del Ebro;La Rioja;La Rioja;2020;Sep;Animalia;Mammalia;Mustelidae;Meles;Meles meles;Eurasian Badger
-2.804;42.565;Sotos y Riberas del Ebro;La Rioja;La Rioja;2015;May;Animalia;Amphibia;Bufonidae;Bufo;Bufo spinosus;Spiny Toad
-2.922;42.535;Tirgo;La Rioja;La Rioja;2020;Sep;Animalia;Mammalia;Viverridae;Genetta;Genetta genetta;Common Genet
-3.086;42.494;Tormantos;La Rioja;La Rioja;2012;Aug;Animalia;Actinopterygii;Salmonidae;Salmo;Salmo trutta;Atlantic trout
-2.53;42.314;Viguera;La Rioja;La Rioja;2018;Apr;Animalia;Amphibia;Bufonidae;Bufo;Bufo spinosus;Spiny Toad
-2.741;42.013;Villoslada de Cameros;La Rioja;La Rioja;2017;May;Animalia;Amphibia;Salamandridae;Triturus;Triturus marmoratus;Marbled Newt
-2.886;42.018;Viniegra de Abajo;La Rioja;La Rioja;2016;Jun;Animalia;Amphibia;Hylidae;Hyla;Hyla molleri;Iberian Tree Frog
-1.977;42.285;Calahorra;La Rioja;La Rioja;2019;Jun;Animalia;Amphibia;Bufonidae;Bufo;Bufo spinosus;Spiny Toad
-3.061;42.503;Embalse de Leiva;La Rioja;La Rioja;2015;Sep;Animalia;Aves;Podicipedidae;Tachybaptus;Tachybaptus ruficollis;Little Grebe
-3.061;42.503;Embalse de Leiva;La Rioja;La Rioja;2019;Sep;Animalia;Aves;Podicipedidae;Tachybaptus;Tachybaptus ruficollis;Little Grebe
-3.067;42.511;Embalse de Leiva ;La Rioja;La Rioja;2002;Apr;Animalia;Aves;Podicipedidae;Podiceps;Podiceps cristatus;Somormujo lavanco
-3.067;42.511;Embalse de Leiva ;La Rioja;La Rioja;2002;Sep;Animalia;Aves;Podicipedidae;Tachybaptus;Tachybaptus ruficollis;Zampullin comun
-3.067;42.511;Embalse de Leiva ;La Rioja;La Rioja;2005;Apr;Animalia;Aves;Podicipedidae;Podiceps;Podiceps cristatus;Somormujo lavanco
-3.067;42.511;Embalse de Leiva ;La Rioja;La Rioja;2005;Sep;Animalia;Aves;Podicipedidae;Tachybaptus;Tachybaptus ruficollis;Zampullin comun
-3.067;42.511;Embalse de Leiva ;La Rioja;La Rioja;2006;Apr;Animalia;Aves;Podicipedidae;Podiceps;Podiceps cristatus;Somormujo lavanco
-3.067;42.511;Embalse de Leiva ;La Rioja;La Rioja;2006;Sep;Animalia;Aves;Podicipedidae;Tachybaptus;Tachybaptus ruficollis;Zampullin comun
-3.067;42.511;Embalse de Leiva ;La Rioja;La Rioja;2007;Apr;Animalia;Aves;Podicipedidae;Podiceps;Podiceps cristatus;Somormujo lavanco
-3.067;42.511;Embalse de Leiva ;La Rioja;La Rioja;2007;Sep;Animalia;Aves;Podicipedidae;Tachybaptus;Tachybaptus ruficollis;Zampullin comun
-3.067;42.511;Embalse de Leiva ;La Rioja;La Rioja;2009;Apr;Animalia;Aves;Podicipedidae;Podiceps;Podiceps cristatus;Somormujo lavanco
-3.067;42.511;Embalse de Leiva ;La Rioja;La Rioja;2009;Sep;Animalia;Aves;Podicipedidae;Tachybaptus;Tachybaptus ruficollis;Zampullin comun
-3.067;42.511;Embalse de Leiva ;La Rioja;La Rioja;2010;Apr;Animalia;Aves;Podicipedidae;Podiceps;Podiceps cristatus;Somormujo lavanco
-3.067;42.511;Embalse de Leiva ;La Rioja;La Rioja;2011;Apr;Animalia;Aves;Podicipedidae;Podiceps;Podiceps cristatus;Somormujo lavanco
-3.067;42.511;Embalse de Leiva ;La Rioja;La Rioja;2012;Apr;Animalia;Aves;Podicipedidae;Podiceps;Podiceps cristatus;Somormujo lavanco
-3.067;42.511;Embalse de Leiva ;La Rioja;La Rioja;2013;Apr;Animalia;Aves;Podicipedidae;Podiceps;Podiceps cristatus;Somormujo lavanco
-3.067;42.511;Embalse de Leiva ;La Rioja;La Rioja;2013;Sep;Animalia;Aves;Podicipedidae;Tachybaptus;Tachybaptus ruficollis;Zampullin comun
-3.067;42.511;Embalse de Leiva ;La Rioja;La Rioja;2013;Sep;Animalia;Aves;Ardeidae;Ardea;Egretta alba;Garceta grande
-3.067;42.511;Embalse de Leiva ;La Rioja;La Rioja;2014;Apr;Animalia;Aves;Podicipedidae;Podiceps;Podiceps cristatus;Somormujo lavanco
-3.067;42.511;Embalse de Leiva ;La Rioja;La Rioja;2014;Sep;Animalia;Aves;Podicipedidae;Tachybaptus;Tachybaptus ruficollis;Zampullin comun
-13.853;28.861;Playa Blanca, Lanzarote;Lanzarote;Islas Canarias;2005;May;Animalia;Aves;Upupidae;Upupa;Upupa epops;Eurasian Hoopoe
-13.853;28.861;Playa Blanca, Lanzarote;Lanzarote;Islas Canarias;2005;May;Animalia;Aves;Hirundinidae;Hirundo;Hirundo rustica;Barn Swallow
-5.805;42.131;Alija del Infantado;Leon;Castilla-La Mancha;2018;Sep;Animalia;Aves;Ardeidae;Ardea;Ardea alba;Great Egret
-5.713;42.315;Balsa de riego de Santa Cristina del Paramo;Leon;Castilla-La Mancha;2001;Apr;Animalia;Aves;Podicipedidae;Podiceps;Podiceps nigricollis;Zampullin cuellinegro
-5.713;42.315;Balsa de riego de Santa Cristina del Paramo;Leon;Castilla-La Mancha;2001;Sep;Animalia;Aves;Podicipedidae;Tachybaptus;Tachybaptus ruficollis;Zampullin comun
-5.713;42.315;Balsa de riego de Santa Cristina del Paramo;Leon;Castilla-La Mancha;2002;Sep;Animalia;Aves;Podicipedidae;Tachybaptus;Tachybaptus ruficollis;Zampullin comun
-5.713;42.315;Balsa de riego de Santa Cristina del Paramo;Leon;Castilla-La Mancha;2003;Sep;Animalia;Aves;Podicipedidae;Tachybaptus;Tachybaptus ruficollis;Zampullin comun
-5.713;42.315;Balsa de riego de Santa Cristina del Paramo;Leon;Castilla-La Mancha;2004;Apr;Animalia;Aves;Podicipedidae;Podiceps;Podiceps nigricollis;Zampullin cuellinegro
-5.713;42.315;Balsa de riego de Santa Cristina del Paramo;Leon;Castilla-La Mancha;2004;Sep;Animalia;Aves;Podicipedidae;Tachybaptus;Tachybaptus ruficollis;Zampullin comun
-5.752;42.417;Balsa de Riego Grisuela del Paramo;Leon;Castilla-La Mancha;2004;Sep;Animalia;Aves;Podicipedidae;Tachybaptus;Tachybaptus ruficollis;Zampullin comun
-5.807;42.297;Balsa de riego San Pedro-Azares;Leon;Castilla-La Mancha;2004;Sep;Animalia;Aves;Podicipedidae;Tachybaptus;Tachybaptus ruficollis;Zampullin comun
-5.628;42.338;Balsa de Riego Villamanan I;Leon;Castilla-La Mancha;2002;Sep;Animalia;Aves;Podicipedidae;Tachybaptus;Tachybaptus ruficollis;Zampullin comun
-5.628;42.338;Balsa de Riego Villamanan I;Leon;Castilla-La Mancha;2004;Sep;Animalia;Aves;Podicipedidae;Tachybaptus;Tachybaptus ruficollis;Zampullin comun
-5.659;42.335;Balsa de Riego Villamanan II;Leon;Castilla-La Mancha;2002;Sep;Animalia;Aves;Podicipedidae;Tachybaptus;Tachybaptus ruficollis;Zampullin comun
-5.659;42.335;Balsa de Riego Villamanan II;Leon;Castilla-La Mancha;2003;Sep;Animalia;Aves;Podicipedidae;Tachybaptus;Tachybaptus ruficollis;Zampullin comun
-5.659;42.335;Balsa de Riego Villamanan II;Leon;Castilla-La Mancha;2004;Sep;Animalia;Aves;Podicipedidae;Tachybaptus;Tachybaptus ruficollis;Zampullin comun
-5.686;42.326;Balsa de riego Zuares;Leon;Castilla-La Mancha;2001;Sep;Animalia;Aves;Podicipedidae;Tachybaptus;Tachybaptus ruficollis;Zampullin comun
-5.686;42.326;Balsa de riego Zuares;Leon;Castilla-La Mancha;2004;Sep;Animalia;Aves;Podicipedidae;Tachybaptus;Tachybaptus ruficollis;Zampullin comun
-6.769;39.627;Charca de Brozas ;Leon;Castilla-La Mancha;2002;Apr;Animalia;Aves;Podicipedidae;Podiceps;Podiceps cristatus;Somormujo lavanco
-5.519;42.474;Confluencia Rios Esla y Bernesga;Leon;Castilla-La Mancha;2002;Sep;Animalia;Aves;Podicipedidae;Tachybaptus;Tachybaptus ruficollis;Zampullin comun
-5.967;42.537;Embalse de Antonan del Valle;Leon;Castilla-La Mancha;2004;Apr;Animalia;Aves;Podicipedidae;Podiceps;Podiceps cristatus;Somormujo lavanco
-6.541;42.61;Embalse de Barcena;Leon;Castilla-La Mancha;2000;Apr;Animalia;Aves;Podicipedidae;Podiceps;Podiceps cristatus;Somormujo lavanco
-6.541;42.61;Embalse de Barcena;Leon;Castilla-La Mancha;2001;Apr;Animalia;Aves;Podicipedidae;Podiceps;Podiceps cristatus;Somormujo lavanco
-6.541;42.61;Embalse de Barcena;Leon;Castilla-La Mancha;2002;Apr;Animalia;Aves;Podicipedidae;Podiceps;Podiceps cristatus;Somormujo lavanco
-6.541;42.61;Embalse de Barcena;Leon;Castilla-La Mancha;2003;Apr;Animalia;Aves;Podicipedidae;Podiceps;Podiceps cristatus;Somormujo lavanco
-6.541;42.61;Embalse de Barcena;Leon;Castilla-La Mancha;2004;Apr;Animalia;Aves;Podicipedidae;Podiceps;Podiceps cristatus;Somormujo lavanco
-5.871;42.892;Embalse de Barrios de Luna;Leon;Castilla-La Mancha;2000;Apr;Animalia;Aves;Podicipedidae;Podiceps;Podiceps cristatus;Somormujo lavanco
-5.871;42.892;Embalse de Barrios de Luna;Leon;Castilla-La Mancha;2002;Apr;Animalia;Aves;Podicipedidae;Podiceps;Podiceps cristatus;Somormujo lavanco
-5.871;42.892;Embalse de Barrios de Luna;Leon;Castilla-La Mancha;2002;Sep;Animalia;Aves;Podicipedidae;Tachybaptus;Tachybaptus ruficollis;Zampullin comun
-5.871;42.892;Embalse de Barrios de Luna;Leon;Castilla-La Mancha;2003;Apr;Animalia;Aves;Podicipedidae;Podiceps;Podiceps cristatus;Somormujo lavanco
-5.871;42.892;Embalse de Barrios de Luna;Leon;Castilla-La Mancha;2004;Apr;Animalia;Aves;Podicipedidae;Podiceps;Podiceps cristatus;Somormujo lavanco
-5.871;42.892;Embalse de Barrios de Luna;Leon;Castilla-La Mancha;2004;Sep;Animalia;Aves;Anatidae;Netta;Netta rufina;Pato colorado
-6.76;42.505;Embalse de Campanana;Leon;Castilla-La Mancha;2000;Apr;Animalia;Aves;Podicipedidae;Podiceps;Podiceps cristatus;Somormujo lavanco
-6.76;42.505;Embalse de Campanana;Leon;Castilla-La Mancha;2002;Apr;Animalia;Aves;Podicipedidae;Podiceps;Podiceps cristatus;Somormujo lavanco
-6.76;42.505;Embalse de Campanana;Leon;Castilla-La Mancha;2003;Apr;Animalia;Aves;Podicipedidae;Podiceps;Podiceps cristatus;Somormujo lavanco
-6.76;42.505;Embalse de Campanana;Leon;Castilla-La Mancha;2003;Apr;Animalia;Aves;Podicipedidae;Podiceps;Podiceps nigricollis;Zampullin cuellinegro
-6.76;42.505;Embalse de Campanana;Leon;Castilla-La Mancha;2004;Apr;Animalia;Aves;Podicipedidae;Podiceps;Podiceps cristatus;Somormujo lavanco
-5.916;42.269;Embalse de Jimenez de Jamuz;Leon;Castilla-La Mancha;2001;Sep;Animalia;Aves;Ardeidae;Ardea;Egretta alba;Garceta grande
-5.916;42.269;Embalse de Jimenez de Jamuz;Leon;Castilla-La Mancha;2002;Sep;Animalia;Aves;Ardeidae;Ardea;Egretta alba;Garceta grande
-5.916;42.269;Embalse de Jimenez de Jamuz;Leon;Castilla-La Mancha;2004;Sep;Animalia;Aves;Ardeidae;Ardea;Egretta alba;Garceta grande
-5.916;42.269;Embalse de Jimenez de Jamuz;Leon;Castilla-La Mancha;2004;Sep;Animalia;Aves;Podicipedidae;Tachybaptus;Tachybaptus ruficollis;Zampullin comun
-6.43;42.838;Embalse de Matalavilla;Leon;Castilla-La Mancha;2000;Apr;Animalia;Aves;Podicipedidae;Podiceps;Podiceps cristatus;Somormujo lavanco
-6.826;42.414;Embalse de Pumares ;Leon;Castilla-La Mancha;2001;Apr;Animalia;Aves;Podicipedidae;Podiceps;Podiceps cristatus;Somormujo lavanco
-6.826;42.414;Embalse de Pumares ;leon;Castilla-La Mancha;2002;Apr;Animalia;Aves;Podicipedidae;Podiceps;Podiceps cristatus;Somormujo lavanco
-6.826;42.414;Embalse de Pumares ;Leon;Castilla-La Mancha;2002;Sep;Animalia;Aves;Podicipedidae;Tachybaptus;Tachybaptus ruficollis;Zampullin comun
-6.826;42.414;Embalse de Pumares ;Leon;Castilla-La Mancha;2004;Apr;Animalia;Aves;Podicipedidae;Podiceps;Podiceps cristatus;Somormujo lavanco
-6.826;42.414;Embalse de Pumares ;leon;Castilla-La Mancha;2004;Sep;Animalia;Aves;Podicipedidae;Tachybaptus;Tachybaptus ruficollis;Zampullin comun
-6.829;42.414;Embalse de Pumares (OR-LE);Leon;Castilla-La Mancha;2002;Apr;Animalia;Aves;Podicipedidae;Podiceps;Podiceps cristatus;Somormujo lavanco
-6.829;42.414;Embalse de Pumares (OR-LE);Leon;Castilla-La Mancha;2002;Sep;Animalia;Aves;Podicipedidae;Tachybaptus;Tachybaptus ruficollis;Zampullin comun
-5.005;42.971;Embalse de Riano;Leon;Castilla-La Mancha;2000;Apr;Animalia;Aves;Podicipedidae;Podiceps;Podiceps cristatus;Somormujo lavanco
-5.005;42.971;Embalse de Riano;Leon;Castilla-La Mancha;2001;Apr;Animalia;Aves;Podicipedidae;Podiceps;Podiceps cristatus;Somormujo lavanco
-5.005;42.971;Embalse de Riano;Leon;Castilla-La Mancha;2002;Apr;Animalia;Aves;Podicipedidae;Podiceps;Podiceps cristatus;Somormujo lavanco
-5.005;42.971;Embalse de Riano;Leon;Castilla-La Mancha;2002;Sep;Animalia;Aves;Podicipedidae;Tachybaptus;Tachybaptus ruficollis;Zampullin comun
-5.005;42.971;Embalse de Riano;Leon;Castilla-La Mancha;2003;Apr;Animalia;Aves;Podicipedidae;Podiceps;Podiceps cristatus;Somormujo lavanco
-5.005;42.971;Embalse de Riano;Leon;Castilla-La Mancha;2003;Sep;Animalia;Aves;Podicipedidae;Tachybaptus;Tachybaptus ruficollis;Zampullin comun
-5.005;42.971;Embalse de Riano;Leon;Castilla-La Mancha;2004;Apr;Animalia;Aves;Podicipedidae;Podiceps;Podiceps cristatus;Somormujo lavanco
-5.005;42.971;Embalse de Riano;Leon;Castilla-La Mancha;2004;Sep;Animalia;Aves;Podicipedidae;Tachybaptus;Tachybaptus ruficollis;Zampullin comun
-5.779;42.764;Embalse de Selgas de Ordas;Leon;Castilla-La Mancha;2001;Apr;Animalia;Aves;Podicipedidae;Podiceps;Podiceps nigricollis;Zampullin cuellinegro
-5.779;42.764;Embalse de Selgas de Ordas;leon;Castilla-La Mancha;2001;Sep;Animalia;Aves;Podicipedidae;Tachybaptus;Tachybaptus ruficollis;Zampullin comun
-5.779;42.764;Embalse de Selgas de Ordas;Leon;Castilla-La Mancha;2002;Sep;Animalia;Aves;Podicipedidae;Tachybaptus;Tachybaptus ruficollis;Zampullin comun
-5.779;42.764;Embalse de Selgas de Ordas;Leon;Castilla-La Mancha;2003;Sep;Animalia;Aves;Podicipedidae;Tachybaptus;Tachybaptus ruficollis;Zampullin comun
-5.779;42.764;Embalse de Selgas de Ordas;Leon;Castilla-La Mancha;2004;Sep;Animalia;Aves;Podicipedidae;Tachybaptus;Tachybaptus ruficollis;Zampullin comun
-6.078;42.655;Embalse de Villameca;Leon;Castilla-La Mancha;2003;Apr;Animalia;Aves;Podicipedidae;Podiceps;Podiceps cristatus;Somormujo lavanco
-6.078;42.655;Embalse de Villameca;Leon;Castilla-La Mancha;2003;Sep;Animalia;Aves;Podicipedidae;Tachybaptus;Tachybaptus ruficollis;Zampullin comun
-6.078;42.655;Embalse de Villameca;Leon;Castilla-La Mancha;2004;Apr;Animalia;Aves;Podicipedidae;Podiceps;Podiceps cristatus;Somormujo lavanco
-5.281;42.95;Embalse del Porma o de Vegamian;Leon;Castilla-La Mancha;2000;Apr;Animalia;Aves;Podicipedidae;Podiceps;Podiceps cristatus;Somormujo lavanco
-5.281;42.95;Embalse del Porma o de Vegamian;leon;Castilla-La Mancha;2001;Apr;Animalia;Aves;Podicipedidae;Podiceps;Podiceps cristatus;Somormujo lavanco
-5.281;42.95;Embalse del Porma o de Vegamian;Leon;Castilla-La Mancha;2002;Apr;Animalia;Aves;Podicipedidae;Podiceps;Podiceps cristatus;Somormujo lavanco
-5.281;42.95;Embalse del Porma o de Vegamian;Leon;Castilla-La Mancha;2003;Apr;Animalia;Aves;Podicipedidae;Podiceps;Podiceps cristatus;Somormujo lavanco
-5.281;42.95;Embalse del Porma o de Vegamian;Leon;Castilla-La Mancha;2004;Apr;Animalia;Aves;Podicipedidae;Podiceps;Podiceps cristatus;Somormujo lavanco
-5.173;42.404;Gravera autovia Bercianos del Real Camino 38;Leon;Castilla-La Mancha;2004;Sep;Animalia;Aves;Podicipedidae;Tachybaptus;Tachybaptus ruficollis;Zampullin comun
-5.546;42.606;La Candamina;Leon;Castilla-La Mancha;2003;Sep;Animalia;Aves;Podicipedidae;Tachybaptus;Tachybaptus ruficollis;Zampullin comun
-6.777;42.492;Lago de Carucedo;Leon;Castilla-La Mancha;2000;Apr;Animalia;Aves;Podicipedidae;Podiceps;Podiceps cristatus;Somormujo lavanco
-6.777;42.492;Lago de Carucedo;Leon;Castilla-La Mancha;2000;Apr;Animalia;Aves;Podicipedidae;Podiceps;Podiceps nigricollis;Zampullin cuellinegro
-6.777;42.492;Lago de Carucedo;Leon;Castilla-La Mancha;2001;Apr;Animalia;Aves;Podicipedidae;Podiceps;Podiceps cristatus;Somormujo lavanco
-6.777;42.492;Lago de Carucedo;Leon;Castilla-La Mancha;2001;Aug;Animalia;Aves;Podicipedidae;Podiceps;Podiceps nigricollis;Zampullin cuellinegro
-6.777;42.492;Lago de Carucedo;Leon;Castilla-La Mancha;2001;Sep;Animalia;Aves;Podicipedidae;Tachybaptus;Tachybaptus ruficollis;Zampullin comun
-6.777;42.492;Lago de Carucedo;leon;Castilla-La Mancha;2003;Aug;Animalia;Aves;Podicipedidae;Podiceps;Podiceps cristatus;Somormujo lavanco
-6.777;42.492;Lago de Carucedo;Leon;Castilla-La Mancha;2003;Aug;Animalia;Aves;Podicipedidae;Podiceps;Podiceps nigricollis;Zampullin cuellinegro
-6.777;42.492;Lago de Carucedo;Leon;Castilla-La Mancha;2003;Sep;Animalia;Aves;Podicipedidae;Tachybaptus;Tachybaptus ruficollis;Zampullin comun
-6.777;42.492;Lago de Carucedo;Leon;Castilla-La Mancha;2004;Aug;Animalia;Aves;Podicipedidae;Podiceps;Podiceps nigricollis;Zampullin cuellinegro
-6.777;42.492;Lago de Carucedo;Leon;Castilla-La Mancha;2004;Sep;Animalia;Aves;Podicipedidae;Tachybaptus;Tachybaptus ruficollis;Zampullin comun
-5.62;42.496;Laguna de Antimio de Abajo;Leon;Castilla-La Mancha;2001;Sep;Animalia;Aves;Podicipedidae;Tachybaptus;Tachybaptus ruficollis;Zampullin comun
-5.62;42.496;Laguna de Antimio de Abajo;Leon;Castilla-La Mancha;2003;Sep;Animalia;Aves;Podicipedidae;Tachybaptus;Tachybaptus ruficollis;Zampullin comun
-5.709;42.522;Laguna de Chozas de Arriba;Leon;Castilla-La Mancha;2001;Aug;Animalia;Aves;Podicipedidae;Podiceps;Podiceps cristatus;Somormujo lavanco
-5.709;42.522;Laguna de Chozas de Arriba;Leon;Castilla-La Mancha;2003;Sep;Animalia;Aves;Podicipedidae;Tachybaptus;Tachybaptus ruficollis;Zampullin comun
-5.709;42.522;Laguna de Chozas de Arriba;Leon;Castilla-La Mancha;2004;Sep;Animalia;Aves;Podicipedidae;Tachybaptus;Tachybaptus ruficollis;Zampullin comun
-5.207;42.557;Laguna de Sentiz;Leon;Castilla-La Mancha;2004;Sep;Animalia;Aves;Podicipedidae;Tachybaptus;Tachybaptus ruficollis;Zampullin comun
-5.774;42.521;Laguna de Villadangos del Paramo;leon;Castilla-La Mancha;2001;Sep;Animalia;Aves;Podicipedidae;Tachybaptus;Tachybaptus ruficollis;Zampullin comun
-5.774;42.521;Laguna de Villadangos del Paramo;Leon;Castilla-La Mancha;2003;Sep;Animalia;Aves;Podicipedidae;Tachybaptus;Tachybaptus ruficollis;Zampullin comun
-5.774;42.521;Laguna de Villadangos del Paramo;Leon;Castilla-La Mancha;2004;Sep;Animalia;Aves;Podicipedidae;Tachybaptus;Tachybaptus ruficollis;Zampullin comun
-5.268;42.528;Laguna Diel;Leon;Castilla-La Mancha;2001;Sep;Animalia;Aves;Podicipedidae;Tachybaptus;Tachybaptus ruficollis;Zampullin comun
-5.268;42.528;Laguna Diel;Leon;Castilla-La Mancha;2004;Sep;Animalia;Aves;Ardeidae;Ardea;Egretta alba;Garceta grande
-5.668;42.469;Laguna Rey, Chozas de Abajo;Leon;Castilla-La Mancha;2004;Sep;Animalia;Aves;Podicipedidae;Tachybaptus;Tachybaptus ruficollis;Zampullin comun
-6.8;42.75;Leon;Leon;Castilla-La Mancha;2013;Jul;Animalia;Mammalia;Canidae;Vulpes;Vulpes vulpes;Red Fox
-1.619;42.568;Leoz;Leon;Castilla-La Mancha;2018;Feb;Animalia;Mammalia;Canidae;Vulpes;Vulpes vulpes;Red Fox
-6.81;42.467;Pantano de Penarrubia ;Leon;Castilla-La Mancha;2001;Aug;Animalia;Aves;Podicipedidae;Podiceps;Podiceps cristatus;Somormujo lavanco
-6.81;42.467;Pantano de Penarrubia ;Leon;Castilla-La Mancha;2002;Aug;Animalia;Aves;Podicipedidae;Podiceps;Podiceps cristatus;Somormujo lavanco
-6.81;42.467;Pantano de Penarrubia ;Leon;Castilla-La Mancha;2003;Aug;Animalia;Aves;Podicipedidae;Podiceps;Podiceps cristatus;Somormujo lavanco
-6.81;42.467;Pantano de Penarrubia ;Leon;Castilla-La Mancha;2003;Sep;Animalia;Aves;Podicipedidae;Tachybaptus;Tachybaptus ruficollis;Zampullin comun
-6.81;42.467;Pantano de Penarrubia ;Leon;Castilla-La Mancha;2004;Aug;Animalia;Aves;Podicipedidae;Podiceps;Podiceps cristatus;Somormujo lavanco
-6.81;42.467;Pantano de Penarrubia ;Leon;Castilla-La Mancha;2004;Sep;Animalia;Aves;Podicipedidae;Tachybaptus;Tachybaptus ruficollis;Zampullin comun
-5.816;42.189;Rio A“rbigo en Navianos;Leon;Castilla-La Mancha;2003;Aug;Animalia;Aves;Podicipedidae;Podiceps;Podiceps cristatus;Somormujo lavanco
-5.203;42.635;Azud de Sahechores;Leon;Castilla-La Mancha;2011;Sep;Animalia;Aves;Podicipedidae;Tachybaptus;Tachybaptus ruficollis;Zampullin comun
-5.203;42.635;Azud de Sahechores;Leon;Castilla-La Mancha;2012;Sep;Animalia;Aves;Podicipedidae;Tachybaptus;Tachybaptus ruficollis;Zampullin comun
-5.203;42.635;Azud de Sahechores;Leon;Castilla-La Mancha;2013;Sep;Animalia;Aves;Podicipedidae;Tachybaptus;Tachybaptus ruficollis;Zampullin comun
-5.203;42.635;Azud de Sahechores;Leon;Castilla-La Mancha;2013;Sep;Animalia;Aves;Ardeidae;Ardea;Egretta alba;Garceta grande
-5.203;42.635;Azud de Sahechores;Leon;Castilla-La Mancha;2014;Sep;Animalia;Aves;Podicipedidae;Tachybaptus;Tachybaptus ruficollis;Zampullin comun
-5.203;42.635;Azud de Sahechores;Leon;Castilla-La Mancha;2015;Sep;Animalia;Aves;Podicipedidae;Tachybaptus;Tachybaptus ruficollis;Zampullin comun
-5.203;42.635;Azud de Sahechores;Leon;Castilla-La Mancha;2016;Sep;Animalia;Aves;Ardeidae;Ardea;Egretta alba;Garceta grande
-5.203;42.635;Azud de Sahechores;Leon;Castilla-La Mancha;2016;Sep;Animalia;Aves;Podicipedidae;Tachybaptus;Tachybaptus ruficollis;Zampullin comun
-5.559;42.394;Azud de Villalobar;Leon;Castilla-La Mancha;2014;Sep;Animalia;Aves;Ardeidae;Ardea;Egretta alba;Garceta grande
-5.559;42.394;Azud de Villalobar;Leon;Castilla-La Mancha;2015;Sep;Animalia;Aves;Podicipedidae;Tachybaptus;Tachybaptus ruficollis;Zampullin comun
-6.541;42.61;Embalse de Barcena;Leon;Castilla-La Mancha;2005;Aug;Animalia;Aves;Podicipedidae;Podiceps;Podiceps cristatus;Somormujo lavanco
-6.541;42.61;Embalse de Barcena;Leon;Castilla-La Mancha;2006;Aug;Animalia;Aves;Podicipedidae;Podiceps;Podiceps cristatus;Somormujo lavanco
-6.541;42.61;Embalse de Barcena;Leon;Castilla-La Mancha;2007;Aug;Animalia;Aves;Podicipedidae;Podiceps;Podiceps cristatus;Somormujo lavanco
-6.541;42.61;Embalse de Barcena;Leon;Castilla-La Mancha;2008;Aug;Animalia;Aves;Podicipedidae;Podiceps;Podiceps cristatus;Somormujo lavanco
-6.541;42.61;Embalse de Barcena;Leon;Castilla-La Mancha;2008;Sep;Animalia;Aves;Podicipedidae;Tachybaptus;Tachybaptus ruficollis;Zampullin comun
-6.541;42.61;Embalse de Barcena;Leon;Castilla-La Mancha;2009;Aug;Animalia;Aves;Podicipedidae;Podiceps;Podiceps cristatus;Somormujo lavanco
-6.541;42.61;Embalse de Barcena;Leon;Castilla-La Mancha;2010;Aug;Animalia;Aves;Podicipedidae;Podiceps;Podiceps cristatus;Somormujo lavanco
-6.541;42.61;Embalse de Barcena;Leon;Castilla-La Mancha;2010;Sep;Animalia;Aves;Podicipedidae;Tachybaptus;Tachybaptus ruficollis;Zampullin comun
-6.541;42.61;Embalse de Barcena;Leon;Castilla-La Mancha;2011;Aug;Animalia;Aves;Podicipedidae;Podiceps;Podiceps cristatus;Somormujo lavanco
-6.541;42.61;Embalse de Barcena;Leon;Castilla-La Mancha;2011;Sep;Animalia;Aves;Podicipedidae;Tachybaptus;Tachybaptus ruficollis;Zampullin comun
-6.541;42.61;Embalse de Barcena;Leon;Castilla-La Mancha;2012;Aug;Animalia;Aves;Podicipedidae;Podiceps;Podiceps cristatus;Somormujo lavanco
-6.541;42.61;Embalse de Barcena;Leon;Castilla-La Mancha;2012;Sep;Animalia;Aves;Podicipedidae;Tachybaptus;Tachybaptus ruficollis;Zampullin comun
-6.541;42.61;Embalse de Barcena;Leon;Castilla-La Mancha;2013;Aug;Animalia;Aves;Podicipedidae;Podiceps;Podiceps nigricollis;Zampullin cuellinegro
-6.541;42.61;Embalse de Barcena;Leon;Castilla-La Mancha;2014;Aug;Animalia;Aves;Podicipedidae;Podiceps;Podiceps cristatus;Somormujo lavanco
-6.541;42.61;Embalse de Barcena;Leon;Castilla-La Mancha;2014;Sep;Animalia;Aves;Podicipedidae;Tachybaptus;Tachybaptus ruficollis;Zampullin comun
-6.541;42.61;Embalse de Barcena;Leon;Castilla-La Mancha;2015;Aug;Animalia;Aves;Podicipedidae;Podiceps;Podiceps cristatus;Somormujo lavanco
-5.871;42.892;Embalse de Barrios de Luna;Leon;Castilla-La Mancha;2005;Aug;Animalia;Aves;Podicipedidae;Podiceps;Podiceps cristatus;Somormujo lavanco
-5.871;42.892;Embalse de Barrios de Luna;Leon;Castilla-La Mancha;2005;Sep;Animalia;Aves;Podicipedidae;Tachybaptus;Tachybaptus ruficollis;Zampullin comun
-5.871;42.892;Embalse de Barrios de Luna;Leon;Castilla-La Mancha;2006;Aug;Animalia;Aves;Podicipedidae;Podiceps;Podiceps cristatus;Somormujo lavanco
-5.871;42.892;Embalse de Barrios de Luna;Leon;Castilla-La Mancha;2007;Aug;Animalia;Aves;Podicipedidae;Podiceps;Podiceps cristatus;Somormujo lavanco
-5.871;42.892;Embalse de Barrios de Luna;Leon;Castilla-La Mancha;2007;Sep;Animalia;Aves;Podicipedidae;Tachybaptus;Tachybaptus ruficollis;Zampullin comun
-5.871;42.892;Embalse de Barrios de Luna;Leon;Castilla-La Mancha;2008;Aug;Animalia;Aves;Podicipedidae;Podiceps;Podiceps cristatus;Somormujo lavanco
-5.871;42.892;Embalse de Barrios de Luna;Leon;Castilla-La Mancha;2008;Sep;Animalia;Aves;Podicipedidae;Tachybaptus;Tachybaptus ruficollis;Zampullin comun
-5.871;42.892;Embalse de Barrios de Luna;Leon;Castilla-La Mancha;2009;Aug;Animalia;Aves;Podicipedidae;Podiceps;Podiceps cristatus;Somormujo lavanco
-5.871;42.892;Embalse de Barrios de Luna;Leon;Castilla-La Mancha;2009;Sep;Animalia;Aves;Podicipedidae;Tachybaptus;Tachybaptus ruficollis;Zampullin comun
-5.871;42.892;Embalse de Barrios de Luna;Leon;Castilla-La Mancha;2010;Aug;Animalia;Aves;Podicipedidae;Podiceps;Podiceps cristatus;Somormujo lavanco
-5.871;42.892;Embalse de Barrios de Luna;Leon;Castilla-La Mancha;2010;Sep;Animalia;Aves;Podicipedidae;Tachybaptus;Tachybaptus ruficollis;Zampullin comun
-5.871;42.892;Embalse de Barrios de Luna;Leon;Castilla-La Mancha;2011;Aug;Animalia;Aves;Podicipedidae;Podiceps;Podiceps cristatus;Somormujo lavanco
-5.871;42.892;Embalse de Barrios de Luna;Leon;Castilla-La Mancha;2012;Aug;Animalia;Aves;Podicipedidae;Podiceps;Podiceps cristatus;Somormujo lavanco
-5.871;42.892;Embalse de Barrios de Luna;Leon;Castilla-La Mancha;2012;Sep;Animalia;Aves;Podicipedidae;Tachybaptus;Tachybaptus ruficollis;Zampullin comun
-5.871;42.892;Embalse de Barrios de Luna;Leon;Castilla-La Mancha;2013;Aug;Animalia;Aves;Podicipedidae;Podiceps;Podiceps cristatus;Somormujo lavanco
-5.871;42.892;Embalse de Barrios de Luna;Leon;Castilla-La Mancha;2013;Sep;Animalia;Aves;Podicipedidae;Tachybaptus;Tachybaptus ruficollis;Zampullin comun
-5.871;42.892;Embalse de Barrios de Luna;Leon;Castilla-La Mancha;2014;Aug;Animalia;Aves;Podicipedidae;Podiceps;Podiceps cristatus;Somormujo lavanco
-5.871;42.892;Embalse de Barrios de Luna;Leon;Castilla-La Mancha;2014;Sep;Animalia;Aves;Podicipedidae;Tachybaptus;Tachybaptus ruficollis;Zampullin comun
-5.871;42.892;Embalse de Barrios de Luna;Leon;Castilla-La Mancha;2015;Aug;Animalia;Aves;Podicipedidae;Podiceps;Podiceps cristatus;Somormujo lavanco
-5.871;42.892;Embalse de Barrios de Luna;Leon;Castilla-La Mancha;2015;Sep;Animalia;Aves;Podicipedidae;Tachybaptus;Tachybaptus ruficollis;Zampullin comun
-6.76;42.505;Embalse de Campanana;Leon;Castilla-La Mancha;2008;Aug;Animalia;Aves;Podicipedidae;Podiceps;Podiceps cristatus;Somormujo lavanco
-6.76;42.505;Embalse de Campanana;Leon;Castilla-La Mancha;2009;Aug;Animalia;Aves;Podicipedidae;Podiceps;Podiceps cristatus;Somormujo lavanco
-6.76;42.505;Embalse de Campanana;Leon;Castilla-La Mancha;2013;Aug;Animalia;Aves;Podicipedidae;Podiceps;Podiceps cristatus;Somormujo lavanco
-6.76;42.505;Embalse de Campanana;Leon;Castilla-La Mancha;2013;Sep;Animalia;Aves;Podicipedidae;Tachybaptus;Tachybaptus ruficollis;Zampullin comun
-6.76;42.505;Embalse de Campanana;Leon;Castilla-La Mancha;2015;Aug;Animalia;Aves;Podicipedidae;Podiceps;Podiceps cristatus;Somormujo lavanco
-5.005;42.971;Embalse de Riano;Leon;Castilla-La Mancha;2005;Aug;Animalia;Aves;Podicipedidae;Podiceps;Podiceps cristatus;Somormujo lavanco
-5.005;42.971;Embalse de Riano;Leon;Castilla-La Mancha;2005;Sep;Animalia;Aves;Podicipedidae;Tachybaptus;Tachybaptus ruficollis;Zampullin comun
-5.005;42.971;Embalse de Riano;Leon;Castilla-La Mancha;2006;Aug;Animalia;Aves;Podicipedidae;Podiceps;Podiceps cristatus;Somormujo lavanco
-5.005;42.971;Embalse de Riano;Leon;Castilla-La Mancha;2006;Sep;Animalia;Aves;Podicipedidae;Tachybaptus;Tachybaptus ruficollis;Zampullin comun
-5.005;42.971;Embalse de Riano;Leon;Castilla-La Mancha;2007;Aug;Animalia;Aves;Podicipedidae;Podiceps;Podiceps cristatus;Somormujo lavanco
-5.005;42.971;Embalse de Riano;Leon;Castilla-La Mancha;2007;Sep;Animalia;Aves;Podicipedidae;Tachybaptus;Tachybaptus ruficollis;Zampullin comun
-5.005;42.971;Embalse de Riano;Leon;Castilla-La Mancha;2008;Aug;Animalia;Aves;Podicipedidae;Podiceps;Podiceps cristatus;Somormujo lavanco
-5.005;42.971;Embalse de Riano;Leon;Castilla-La Mancha;2009;Aug;Animalia;Aves;Podicipedidae;Podiceps;Podiceps cristatus;Somormujo lavanco
-5.005;42.971;Embalse de Riano;Leon;Castilla-La Mancha;2009;Sep;Animalia;Aves;Podicipedidae;Tachybaptus;Tachybaptus ruficollis;Zampullin comun
-5.005;42.971;Embalse de Riano;Leon;Castilla-La Mancha;2010;Aug;Animalia;Aves;Podicipedidae;Podiceps;Podiceps cristatus;Somormujo lavanco
-5.005;42.971;Embalse de Riano;Leon;Castilla-La Mancha;2011;Aug;Animalia;Aves;Podicipedidae;Podiceps;Podiceps cristatus;Somormujo lavanco
-5.005;42.971;Embalse de Riano;Leon;Castilla-La Mancha;2011;Sep;Animalia;Aves;Podicipedidae;Tachybaptus;Tachybaptus ruficollis;Zampullin comun
-5.005;42.971;Embalse de Riano;Leon;Castilla-La Mancha;2012;Aug;Animalia;Aves;Podicipedidae;Podiceps;Podiceps cristatus;Somormujo lavanco
-5.005;42.971;Embalse de Riano;Leon;Castilla-La Mancha;2012;Sep;Animalia;Aves;Podicipedidae;Tachybaptus;Tachybaptus ruficollis;Zampullin comun
-5.005;42.971;Embalse de Riano;Leon;Castilla-La Mancha;2013;Aug;Animalia;Aves;Podicipedidae;Podiceps;Podiceps cristatus;Somormujo lavanco
-5.005;42.971;Embalse de Riano;Leon;Castilla-La Mancha;2014;Aug;Animalia;Aves;Podicipedidae;Podiceps;Podiceps cristatus;Somormujo lavanco
-5.005;42.971;Embalse de Riano;Leon;Castilla-La Mancha;2015;Aug;Animalia;Aves;Podicipedidae;Podiceps;Podiceps cristatus;Somormujo lavanco
-5.78;42.758;Embalse de Selga de Ordas;Leon;Castilla-La Mancha;2017;Sep;Animalia;Aves;Podicipedidae;Tachybaptus;Tachybaptus ruficollis;Little Grebe
-5.78;42.758;Embalse de Selga de Ordas;Leon;Castilla-La Mancha;2018;Sep;Animalia;Aves;Podicipedidae;Tachybaptus;Tachybaptus ruficollis;Little Grebe
-5.78;42.758;Embalse de Selga de Ordas;Leon;Castilla-La Mancha;2018;Sep;Animalia;Aves;Ardeidae;Ardea;Ardea alba;Great Egret
-5.78;42.758;Embalse de Selga de Ordas;Leon;Castilla-La Mancha;2019;Sep;Animalia;Aves;Anatidae;Anas;Mareca penelope;Eurasian Wigeon
-5.779;42.764;Embalse de Selgas de Ordas;Leon;Castilla-La Mancha;2005;Sep;Animalia;Aves;Podicipedidae;Tachybaptus;Tachybaptus ruficollis;Zampullin comun
-5.779;42.764;Embalse de Selgas de Ordas;Leon;Castilla-La Mancha;2006;Aug;Animalia;Aves;Podicipedidae;Podiceps;Podiceps cristatus;Somormujo lavanco
-5.779;42.764;Embalse de Selgas de Ordas;Leon;Castilla-La Mancha;2006;Sep;Animalia;Aves;Podicipedidae;Tachybaptus;Tachybaptus ruficollis;Zampullin comun
-5.779;42.764;Embalse de Selgas de Ordas;Leon;Castilla-La Mancha;2007;Sep;Animalia;Aves;Podicipedidae;Tachybaptus;Tachybaptus ruficollis;Zampullin comun
-5.779;42.764;Embalse de Selgas de Ordas;Leon;Castilla-La Mancha;2008;Sep;Animalia;Aves;Podicipedidae;Tachybaptus;Tachybaptus ruficollis;Zampullin comun
-5.779;42.764;Embalse de Selgas de Ordas;Leon;Castilla-La Mancha;2009;Sep;Animalia;Aves;Podicipedidae;Tachybaptus;Tachybaptus ruficollis;Zampullin comun
-5.779;42.764;Embalse de Selgas de Ordas;Leon;Castilla-La Mancha;2010;Sep;Animalia;Aves;Podicipedidae;Tachybaptus;Tachybaptus ruficollis;Zampullin comun
-5.779;42.764;Embalse de Selgas de Ordas;Leon;Castilla-La Mancha;2011;Aug;Animalia;Aves;Podicipedidae;Podiceps;Podiceps cristatus;Somormujo lavanco
-5.779;42.764;Embalse de Selgas de Ordas;Leon;Castilla-La Mancha;2011;Sep;Animalia;Aves;Podicipedidae;Tachybaptus;Tachybaptus ruficollis;Zampullin comun
-5.779;42.764;Embalse de Selgas de Ordas;Leon;Castilla-La Mancha;2012;Sep;Animalia;Aves;Podicipedidae;Tachybaptus;Tachybaptus ruficollis;Zampullin comun
-5.779;42.764;Embalse de Selgas de Ordas;Leon;Castilla-La Mancha;2012;Sep;Animalia;Aves;Ardeidae;Ardea;Egretta alba;Garceta grande
-5.779;42.764;Embalse de Selgas de Ordas;Leon;Castilla-La Mancha;2013;Aug;Animalia;Aves;Podicipedidae;Podiceps;Podiceps cristatus;Somormujo lavanco
-5.779;42.764;Embalse de Selgas de Ordas;Leon;Castilla-La Mancha;2013;Sep;Animalia;Aves;Podicipedidae;Tachybaptus;Tachybaptus ruficollis;Zampullin comun
-5.779;42.764;Embalse de Selgas de Ordas;Leon;Castilla-La Mancha;2014;Aug;Animalia;Aves;Podicipedidae;Podiceps;Podiceps cristatus;Somormujo lavanco
-5.779;42.764;Embalse de Selgas de Ordas;Leon;Castilla-La Mancha;2014;Sep;Animalia;Aves;Podicipedidae;Tachybaptus;Tachybaptus ruficollis;Zampullin comun
-5.779;42.764;Embalse de Selgas de Ordas;Leon;Castilla-La Mancha;2015;Sep;Animalia;Aves;Podicipedidae;Tachybaptus;Tachybaptus ruficollis;Zampullin comun
0.615;41.538;Abocador Comarcal del Segria;Lleida;Cataluna;2015;Sep;Animalia;Aves;Fringillidae;Fringilla;Fringilla coelebs;Common Chaffinch
0.35;41.429;Aiguabarreig Segre-Cinca;Lleida;Cataluna;2001;Sep;Animalia;Aves;Ardeidae;Ardea;Egretta alba;Garceta grande
0.35;41.429;Aiguabarreig Segre-Cinca;Lleida;Cataluna;2002;Sep;Animalia;Aves;Ardeidae;Ardea;Egretta alba;Garceta grande
0.708;41.676;Aiguabarreig Segre-Cinca;Lleida;Cataluna;2002;Sep;Animalia;Aves;Podicipedidae;Tachybaptus;Tachybaptus ruficollis;Zampullin comun
0.35;41.429;Aiguabarreig Segre-Cinca;Lleida;Cataluna;2005;Sep;Animalia;Aves;Anatidae;Netta;Netta rufina;Pato colorado
0.35;41.429;Aiguabarreig Segre-Cinca;Lleida;Cataluna;2005;Sep;Animalia;Aves;Ardeidae;Ardea;Egretta alba;Garceta grande
0.708;41.676;Aiguabarreig Segre-Cinca;Lleida;Cataluna;2005;Sep;Animalia;Aves;Podicipedidae;Tachybaptus;Tachybaptus ruficollis;Zampullin comun
0.596;41.579;Aiguamolls de Rufea;Lleida;Cataluna;2019;Sep;Animalia;Aves;Ardeidae;Nycticorax;Nycticorax nycticorax;Black-crowned Night-Heron
0.596;41.579;Aiguamolls de Rufea;Lleida;Cataluna;2019;Sep;Animalia;Aves;Podicipedidae;Tachybaptus;Tachybaptus ruficollis;Little Grebe
0.484;41.634;Alcarras--Panta Gran;Lleida;Cataluna;2018;Sep;Animalia;Aves;Podicipedidae;Tachybaptus;Tachybaptus ruficollis;Little Grebe
0.484;41.634;Alcarras--Panta Gran;Lleida;Cataluna;2019;Sep;Animalia;Aves;Podicipedidae;Tachybaptus;Tachybaptus ruficollis;Little Grebe
0.425;41.531;Arrozales de Fondo de Llitera (LL);Lleida;Cataluna;2001;Aug;Animalia;Aves;Anatidae;Tadorna;Tadorna tadorna;Tarro blanco
1.512;41.949;Brics (LL);Lleida;Cataluna;2001;Oct;Animalia;Aves;Podicipedidae;Tachybaptus;Tachybaptus ruficollis;Zampullin comun
1.273;41.665;EDAR Cervera (LL);Lleida;Cataluna;2001;Oct;Animalia;Aves;Podicipedidae;Tachybaptus;Tachybaptus ruficollis;Zampullin comun
0.858;41.932;Embalse de Camarasa (LL);Lleida;Cataluna;2001;Aug;Animalia;Aves;Podicipedidae;Podiceps;Podiceps cristatus;Somormujo lavanco
0.858;41.932;Embalse de Camarasa (LL);Lleida;Cataluna;2002;Aug;Animalia;Aves;Podicipedidae;Podiceps;Podiceps cristatus;Somormujo lavanco
0.858;41.932;Embalse de Camarasa (LL);Lleida;Cataluna;2003;Aug;Animalia;Aves;Podicipedidae;Podiceps;Podiceps cristatus;Somormujo lavanco
0.892;42.077;Embalse de Cellers (LL);Lleida;Cataluna;2001;Aug;Animalia;Aves;Podicipedidae;Podiceps;Podiceps cristatus;Somormujo lavanco
0.748;42.345;Embalse de Escales (LL);Lleida;Cataluna;2001;Aug;Animalia;Aves;Podicipedidae;Podiceps;Podiceps cristatus;Somormujo lavanco
0.748;42.345;Embalse de Escales (LL);Lleida;Cataluna;2001;Oct;Animalia;Aves;Podicipedidae;Tachybaptus;Tachybaptus ruficollis;Zampullin comun
0.748;42.345;Embalse de Escales (LL);Lleida;Cataluna;2002;Oct;Animalia;Aves;Podicipedidae;Tachybaptus;Tachybaptus ruficollis;Zampullin comun
0.748;42.345;Embalse de Escales (LL);Lleida;Cataluna;2003;Aug;Animalia;Aves;Podicipedidae;Podiceps;Podiceps cristatus;Somormujo lavanco
1.306;42.116;Embalse de Oliana (LL);Lleida;Cataluna;2002;Aug;Animalia;Aves;Podicipedidae;Podiceps;Podiceps cristatus;Somormujo lavanco
1.136;42.445;Embalse de Rialb (LL);Lleida;Cataluna;2001;Aug;Animalia;Aves;Podicipedidae;Podiceps;Podiceps cristatus;Somormujo lavanco
1.136;42.445;Embalse de Rialb (LL);Lleida;Cataluna;2003;Aug;Animalia;Aves;Podicipedidae;Podiceps;Podiceps cristatus;Somormujo lavanco
0.95;42.205;Embalse de San Antonio (LL);Lleida;Cataluna;2003;Aug;Animalia;Aves;Podicipedidae;Podiceps;Podiceps cristatus;Somormujo lavanco
0.84;41.861;Embalse de San Lorenzo de Mongay (LL);Lleida;Cataluna;2001;Aug;Animalia;Aves;Podicipedidae;Podiceps;Podiceps cristatus;Somormujo lavanco
0.84;41.861;Embalse de San Lorenzo de Mongay (LL);Lleida;Cataluna;2001;Oct;Animalia;Aves;Podicipedidae;Tachybaptus;Tachybaptus ruficollis;Zampullin comun
0.84;41.861;Embalse de San Lorenzo de Mongay (LL);Lleida;Cataluna;2002;Aug;Animalia;Aves;Podicipedidae;Podiceps;Podiceps cristatus;Somormujo lavanco
0.84;41.861;Embalse de San Lorenzo de Mongay (LL);Lleida;Cataluna;2002;Oct;Animalia;Aves;Podicipedidae;Tachybaptus;Tachybaptus ruficollis;Zampullin comun
0.84;41.861;Embalse de San Lorenzo de Mongay (LL);Lleida;Cataluna;2003;Aug;Animalia;Aves;Podicipedidae;Podiceps;Podiceps cristatus;Somormujo lavanco
0.517;41.492;Embalse de Utxesa (LL);Lleida;Cataluna;2001;Aug;Animalia;Aves;Podicipedidae;Podiceps;Podiceps cristatus;Somormujo lavanco
0.517;41.492;Embalse de Utxesa (LL);Lleida;Cataluna;2002;Aug;Animalia;Aves;Podicipedidae;Podiceps;Podiceps cristatus;Somormujo lavanco
0.517;41.492;Embalse de Utxesa (LL);Lleida;Cataluna;2002;Sep;Animalia;Aves;Anatidae;Tadorna;Tadorna tadorna;Tarro blanco
0.517;41.492;Embalse de Utxesa (LL);Lleida;Cataluna;2003;Sep;Animalia;Aves;Podicipedidae;Podiceps;Podiceps cristatus;Somormujo lavanco
0.5;41.639;Embalse Pequeno Montagut- Agro Lleida (LL);Lleida;Cataluna;2003;Sep;Animalia;Aves;Podicipedidae;Podiceps;Podiceps cristatus;Somormujo lavanco
0.612;41.937;Embalse Santa Ana (LL);Lleida;Cataluna;2001;Sep;Animalia;Aves;Podicipedidae;Podiceps;Podiceps cristatus;Somormujo lavanco
0.612;41.937;Embalse Santa Ana (LL);Lleida;Cataluna;2002;Sep;Animalia;Aves;Podicipedidae;Podiceps;Podiceps cristatus;Somormujo lavanco
0.612;41.937;Embalse Santa Ana (LL);Lleida;Cataluna;2002;Oct;Animalia;Aves;Podicipedidae;Tachybaptus;Tachybaptus ruficollis;Zampullin comun
0.612;41.937;Embalse Santa Ana (LL);Lleida;Cataluna;2003;Sep;Animalia;Aves;Podicipedidae;Podiceps;Podiceps cristatus;Somormujo lavanco
1.593;42.3;Embalse St. PonA§ (LL);Lleida;Cataluna;2001;Sep;Animalia;Aves;Podicipedidae;Podiceps;Podiceps cristatus;Somormujo lavanco
1.593;42.3;Embalse St. PonA§ (LL);Lleida;Cataluna;2003;Sep;Animalia;Aves;Podicipedidae;Podiceps;Podiceps cristatus;Somormujo lavanco
0.567;41.617;LLEIDA;Lleida;Cataluna;2001;Sep;Animalia;Aves;Tytonidae;Tyto;Tyto alba;Lechuza comun
0.7;42.1;Lleida;Lleida;Cataluna;2015;Mar;Animalia;Mammalia;Canidae;Vulpes;Vulpes vulpes;Red Fox
1.3;42.35;Lleida;Lleida;Cataluna;2015;Jun;Animalia;Mammalia;Gliridae;Eliomys;Eliomys quercinus;Garden Dormouse
0.623;41.595;Rio Segre (Lleida-ButsA¨nit) (LL);Lleida;Cataluna;2001;Oct;Animalia;Aves;Podicipedidae;Tachybaptus;Tachybaptus ruficollis;Zampullin comun
0.623;41.595;Rio Segre (Lleida-ButsA¨nit) (LL);Lleida;Cataluna;2002;Oct;Animalia;Aves;Ardeidae;Ardea;Egretta alba;Garceta grande
0.623;41.595;Rio Segre (Lleida-ButsA¨nit) (LL);Lleida;Cataluna;2002;Oct;Animalia;Aves;Podicipedidae;Tachybaptus;Tachybaptus ruficollis;Zampullin comun
0.513;41.537;Rio Segre (pont Torres de Segre) (LL);Lleida;Cataluna;2001;Oct;Animalia;Aves;Ardeidae;Nycticorax;Nycticorax nycticorax;Martinete comun
0.513;41.537;Rio Segre (pont Torres de Segre) (LL);Lleida;Cataluna;2001;Oct;Animalia;Aves;Podicipedidae;Tachybaptus;Tachybaptus ruficollis;Zampullin comun
0.513;41.537;Rio Segre (pont Torres de Segre) (LL);Lleida;Cataluna;2002;Oct;Animalia;Aves;Ardeidae;Nycticorax;Nycticorax nycticorax;Martinete comun
0.513;41.537;Rio Segre (pont Torres de Segre) (LL);Lleida;Cataluna;2002;Oct;Animalia;Aves;Podicipedidae;Tachybaptus;Tachybaptus ruficollis;Zampullin comun
0.677;41.659;Rio Segre, Alcoletge (LL);Lleida;Cataluna;2001;Oct;Animalia;Aves;Podicipedidae;Tachybaptus;Tachybaptus ruficollis;Zampullin comun
0.653;41.631;Rio Segre, La Mitjana (LL);Lleida;Cataluna;2001;Oct;Animalia;Aves;Podicipedidae;Tachybaptus;Tachybaptus ruficollis;Zampullin comun
0.653;41.631;Rio Segre, La Mitjana (LL);Lleida;Cataluna;2002;Oct;Animalia;Aves;Podicipedidae;Tachybaptus;Tachybaptus ruficollis;Zampullin comun
0.811;41.82;Rio Segre, Partidor de Gerb, Balaguer (LL);Lleida;Cataluna;2001;Sep;Animalia;Aves;Podicipedidae;Podiceps;Podiceps cristatus;Somormujo lavanco
0.811;41.82;Rio Segre, Partidor de Gerb, Balaguer (LL);Lleida;Cataluna;2002;Oct;Animalia;Aves;Podicipedidae;Tachybaptus;Tachybaptus ruficollis;Zampullin comun
0.811;41.82;Rio Segre, Partidor de Gerb, Balaguer (LL);Lleida;Cataluna;2003;Sep;Animalia;Aves;Podicipedidae;Podiceps;Podiceps cristatus;Somormujo lavanco
0.501;41.529;Soses/Fraga (LL);Lleida;Cataluna;2001;Oct;Animalia;Aves;Podicipedidae;Tachybaptus;Tachybaptus ruficollis;Zampullin comun
0.858;41.932;Embalse de Camarasa (LL);Lleida;Cataluna;2005;Sep;Animalia;Aves;Podicipedidae;Podiceps;Podiceps cristatus;Somormujo lavanco
0.858;41.932;Embalse de Camarasa (LL);Lleida;Cataluna;2008;Sep;Animalia;Aves;Podicipedidae;Podiceps;Podiceps cristatus;Somormujo lavanco
0.858;41.932;Embalse de Camarasa (LL);Lleida;Cataluna;2009;Sep;Animalia;Aves;Podicipedidae;Podiceps;Podiceps cristatus;Somormujo lavanco
0.858;41.932;Embalse de Camarasa (LL);Lleida;Cataluna;2009;Sep;Animalia;Aves;Anatidae;Netta;Netta rufina;Pato colorado
0.858;41.932;Embalse de Camarasa (LL);Lleida;Cataluna;2010;Sep;Animalia;Aves;Podicipedidae;Podiceps;Podiceps cristatus;Somormujo lavanco
0.892;42.077;Embalse de Cellers (LL);Lleida;Cataluna;2008;Sep;Animalia;Aves;Podicipedidae;Podiceps;Podiceps cristatus;Somormujo lavanco
0.892;42.077;Embalse de Cellers (LL);Lleida;Cataluna;2009;Sep;Animalia;Aves;Podicipedidae;Podiceps;Podiceps cristatus;Somormujo lavanco
0.748;42.345;Embalse de Escales (LL);Lleida;Cataluna;2005;Sep;Animalia;Aves;Podicipedidae;Podiceps;Podiceps cristatus;Somormujo lavanco
0.748;42.345;Embalse de Escales (LL);Lleida;Cataluna;2008;Sep;Animalia;Aves;Podicipedidae;Podiceps;Podiceps cristatus;Somormujo lavanco
0.748;42.345;Embalse de Escales (LL);Lleida;Cataluna;2009;Sep;Animalia;Aves;Podicipedidae;Podiceps;Podiceps cristatus;Somormujo lavanco
0.748;42.345;Embalse de Escales (LL);Lleida;Cataluna;2010;Sep;Animalia;Aves;Podicipedidae;Podiceps;Podiceps cristatus;Somormujo lavanco
1.136;42.445;Embalse de Rialb (LL);Lleida;Cataluna;2008;Sep;Animalia;Aves;Podicipedidae;Podiceps;Podiceps cristatus;Somormujo lavanco
1.136;42.445;Embalse de Rialb (LL);Lleida;Cataluna;2009;Sep;Animalia;Aves;Podicipedidae;Podiceps;Podiceps cristatus;Somormujo lavanco
0.84;41.861;Embalse de San Lorenzo de Mongay (LL);Lleida;Cataluna;2005;Sep;Animalia;Aves;Podicipedidae;Podiceps;Podiceps cristatus;Somormujo lavanco
0.84;41.861;Embalse de San Lorenzo de Mongay (LL);Lleida;Cataluna;2005;Oct;Animalia;Aves;Podicipedidae;Tachybaptus;Tachybaptus ruficollis;Zampullin comun
0.84;41.861;Embalse de San Lorenzo de Mongay (LL);Lleida;Cataluna;2008;Sep;Animalia;Aves;Podicipedidae;Podiceps;Podiceps cristatus;Somormujo lavanco
0.84;41.861;Embalse de San Lorenzo de Mongay (LL);Lleida;Cataluna;2009;Sep;Animalia;Aves;Podicipedidae;Podiceps;Podiceps cristatus;Somormujo lavanco
0.84;41.861;Embalse de San Lorenzo de Mongay (LL);Lleida;Cataluna;2010;Sep;Animalia;Aves;Podicipedidae;Podiceps;Podiceps cristatus;Somormujo lavanco
-1.81;42.179;Arrozales de Alfaro ;Navarra;Navarra - Nafarroa;2003;Sep;Animalia;Aves;Anatidae;Tadorna;Tadorna tadorna;Tarro blanco
-1.974;42.281;Balsas de Beriain, Calahorra ;Navarra;Navarra - Nafarroa;2000;Oct;Animalia;Aves;Podicipedidae;Tachybaptus;Tachybaptus ruficollis;Zampullin comun
-2.047;42.329;El Salobral ;Navarra;Navarra - Nafarroa;2004;Oct;Animalia;Aves;Podicipedidae;Tachybaptus;Tachybaptus ruficollis;Zampullin comun
-2.508;42.447;Embalse de la Grajera ;Navarra;Navarra - Nafarroa;2003;Sep;Animalia;Aves;Podicipedidae;Podiceps;Podiceps cristatus;Somormujo lavanco
-2.508;42.447;Embalse de la Grajera ;Navarra;Navarra - Nafarroa;2004;Sep;Animalia;Aves;Podicipedidae;Podiceps;Podiceps cristatus;Somormujo lavanco
-3.067;42.511;Embalse de Leiva ;Navarra;Navarra - Nafarroa;2000;Sep;Animalia;Aves;Podicipedidae;Podiceps;Podiceps cristatus;Somormujo lavanco
-3.067;42.511;Embalse de Leiva ;Navarra;Navarra - Nafarroa;2000;Oct;Animalia;Aves;Podicipedidae;Tachybaptus;Tachybaptus ruficollis;Zampullin comun
-3.067;42.511;Embalse de Leiva ;Navarra;Navarra - Nafarroa;2001;Sep;Animalia;Aves;Podicipedidae;Podiceps;Podiceps cristatus;Somormujo lavanco
-3.067;42.511;Embalse de Leiva ;Navarra;Navarra - Nafarroa;2003;Sep;Animalia;Aves;Podicipedidae;Podiceps;Podiceps cristatus;Somormujo lavanco
-3.067;42.511;Embalse de Leiva ;Navarra;Navarra - Nafarroa;2003;Oct;Animalia;Aves;Podicipedidae;Tachybaptus;Tachybaptus ruficollis;Zampullin comun
-3.067;42.511;Embalse de Leiva ;Navarra;Navarra - Nafarroa;2004;Sep;Animalia;Aves;Podicipedidae;Podiceps;Podiceps cristatus;Somormujo lavanco
-2.941;42.164;Embalse de Mansilla ;Navarra;Navarra - Nafarroa;2000;Sep;Animalia;Aves;Podicipedidae;Podiceps;Podiceps cristatus;Somormujo lavanco
-2.941;42.164;Embalse de Mansilla ;Navarra;Navarra - Nafarroa;2000;Oct;Animalia;Aves;Podicipedidae;Tachybaptus;Tachybaptus ruficollis;Zampullin comun
-2.941;42.164;Embalse de Mansilla ;Navarra;Navarra - Nafarroa;2001;Sep;Animalia;Aves;Podicipedidae;Podiceps;Podiceps cristatus;Somormujo lavanco
-2.941;42.164;Embalse de Mansilla ;Navarra;Navarra - Nafarroa;2002;Sep;Animalia;Aves;Podicipedidae;Podiceps;Podiceps cristatus;Somormujo lavanco
-2.941;42.164;Embalse de Mansilla ;Navarra;Navarra - Nafarroa;2003;Sep;Animalia;Aves;Podicipedidae;Podiceps;Podiceps cristatus;Somormujo lavanco
-2.941;42.164;Embalse de Mansilla ;Navarra;Navarra - Nafarroa;2004;Sep;Animalia;Aves;Podicipedidae;Podiceps;Podiceps cristatus;Somormujo lavanco
-2.679;42.184;Embalse de Ortigosa ;Navarra;Navarra - Nafarroa;2001;Sep;Animalia;Aves;Podicipedidae;Podiceps;Podiceps cristatus;Somormujo lavanco
-2.679;42.184;Embalse de Ortigosa ;Navarra;Navarra - Nafarroa;2002;Oct;Animalia;Aves;Podicipedidae;Tachybaptus;Tachybaptus ruficollis;Zampullin comun
-2.679;42.184;Embalse de Ortigosa ;Navarra;Navarra - Nafarroa;2003;Oct;Animalia;Aves;Podicipedidae;Tachybaptus;Tachybaptus ruficollis;Zampullin comun
-2.679;42.184;Embalse de Ortigosa ;Navarra;Navarra - Nafarroa;2004;Sep;Animalia;Aves;Podicipedidae;Podiceps;Podiceps cristatus;Somormujo lavanco
-2.679;42.184;Embalse de Ortigosa ;Navarra;Navarra - Nafarroa;2004;Oct;Animalia;Aves;Podicipedidae;Tachybaptus;Tachybaptus ruficollis;Zampullin comun
-1.981;42.287;Embalse Perdiguera ;Navarra;Navarra - Nafarroa;2000;Sep;Animalia;Aves;Podicipedidae;Podiceps;Podiceps cristatus;Somormujo lavanco
-1.981;42.287;Embalse Perdiguera ;Navarra;Navarra - Nafarroa;2001;Sep;Animalia;Aves;Podicipedidae;Podiceps;Podiceps cristatus;Somormujo lavanco
-1.981;42.287;Embalse Perdiguera ;Navarra;Navarra - Nafarroa;2002;Sep;Animalia;Aves;Podicipedidae;Podiceps;Podiceps cristatus;Somormujo lavanco
-1.981;42.287;Embalse Perdiguera ;Navarra;Navarra - Nafarroa;2004;Sep;Animalia;Aves;Podicipedidae;Podiceps;Podiceps cristatus;Somormujo lavanco
-2.864;42.454;Laguna de Hervias ;Navarra;Navarra - Nafarroa;2001;Oct;Animalia;Aves;Podicipedidae;Tachybaptus;Tachybaptus ruficollis;Zampullin comun
-2.276;42.455;Rio Ebro, tramo Logrono-Alfaro ;Navarra;Navarra - Nafarroa;2000;Oct;Animalia;Aves;Podicipedidae;Tachybaptus;Tachybaptus ruficollis;Zampullin comun
-2.276;42.455;Rio Ebro, tramo Logrono-Alfaro ;Navarra;Navarra - Nafarroa;2002;Sep;Animalia;Aves;Podicipedidae;Podiceps;Podiceps cristatus;Somormujo lavanco
-2.276;42.455;Rio Ebro, tramo Logrono-Alfaro ;Navarra;Navarra - Nafarroa;2002;Oct;Animalia;Aves;Podicipedidae;Tachybaptus;Tachybaptus ruficollis;Zampullin comun
-2.276;42.455;Rio Ebro, tramo Logrono-Alfaro ;Navarra;Navarra - Nafarroa;2004;Sep;Animalia;Aves;Podicipedidae;Podiceps;Podiceps cristatus;Somormujo lavanco
-2.276;42.455;Rio Ebro, tramo Logrono-Alfaro ;Navarra;Navarra - Nafarroa;2004;Oct;Animalia;Aves;Podicipedidae;Tachybaptus;Tachybaptus ruficollis;Zampullin comun
-7.044;43.095; A Fonsagrada;Lugo;Galicia;2011;Apr;Animalia;Reptilia;Lacertidae;Timon;Timon lepidus;Ocellated Lizard
-7.928;43.226; Guitiriz;Lugo;Galicia;2019;Oct;Animalia;Aves;Podicipedidae;Tachybaptus;Tachybaptus ruficollis;Little Grebe
-7.876;43.189;Barreria e lagoas de  Begonte ;Lugo;Galicia;2002;Oct;Animalia;Aves;Podicipedidae;Tachybaptus;Tachybaptus ruficollis;Zampullin comun
-7.876;43.189;Barreria e lagoas de  Begonte ;Lugo;Galicia;2003;Sep;Animalia;Aves;Podicipedidae;Podiceps;Podiceps cristatus;Somormujo lavanco
-7.876;43.189;Barreria e lagoas de  Begonte ;Lugo;Galicia;2004;Oct;Animalia;Aves;Podicipedidae;Tachybaptus;Tachybaptus ruficollis;Zampullin comun
-7.551;43.245;Complejo lagunar de Terra-Cha ;Lugo;Galicia;2000;Oct;Animalia;Aves;Podicipedidae;Tachybaptus;Tachybaptus ruficollis;Zampullin comun
-7.143;42.635;Folgoso do Courel;Lugo;Galicia;2011;Jul;Animalia;Mammalia;Mustelidae;Martes;Martes martes;Pine Marten
-7.477;43.161;Laguna de Caque ;Lugo;Galicia;2002;Oct;Animalia;Aves;Podicipedidae;Tachybaptus;Tachybaptus ruficollis;Zampullin comun
-7.477;43.161;Laguna de Caque ;Lugo;Galicia;2003;Oct;Animalia;Aves;Podicipedidae;Tachybaptus;Tachybaptus ruficollis;Zampullin comun
-7.551;43.245;Laguna de Cospeito ;Lugo;Galicia;2000;Oct;Animalia;Aves;Podicipedidae;Tachybaptus;Tachybaptus ruficollis;Zampullin comun
-7.551;43.245;Laguna de Cospeito ;Lugo;Galicia;2002;Oct;Animalia;Aves;Podicipedidae;Tachybaptus;Tachybaptus ruficollis;Zampullin comun
-7.551;43.245;Laguna de Cospeito ;Lugo;Galicia;2003;Oct;Animalia;Aves;Podicipedidae;Tachybaptus;Tachybaptus ruficollis;Zampullin comun
-7.551;43.245;Laguna de Cospeito ;Lugo;Galicia;2004;Oct;Animalia;Aves;Podicipedidae;Tachybaptus;Tachybaptus ruficollis;Zampullin comun
-7.078;42.577;Lugo;Lugo;Galicia;2012;Jul;Animalia;Mammalia;Mustelidae;Martes;Martes martes;Pine Marten
-7.095;42.574;Lugo;Lugo;Galicia;2012;Jul;Animalia;Amphibia;Bufonidae;Bufo;Bufo spinosus;Spiny Toad
-6.872;42.854;Lugo;Lugo;Galicia;2013;Jul;Animalia;Amphibia;Salamandridae;Lissotriton;Lissotriton boscai;Bosca's Newt
-7.5;43.05;Lugo;Lugo;Galicia;2018;Feb;Animalia;Amphibia;Salamandridae;Salamandra;Salamandra salamandra;Fire Salamander
-7.162;37.257;Marismas del Piedras ;Lugo;Galicia;2002;Sep;Animalia;Aves;Podicipedidae;Podiceps;Podiceps nigricollis;Zampullin cuellinegro
-7.61;42.816;Portomarin;Lugo;Galicia;2019;Mar;Animalia;Amphibia;Hylidae;Hyla;Hyla molleri;Iberian Tree Frog
-7.278;43.592;Resto de costa de Lugo de Ribadeo a Estaca de Bares  ;Lugo;Galicia;2000;Sep;Animalia;Aves;Podicipedidae;Podiceps;Podiceps nigricollis;Zampullin cuellinegro
-7.278;43.592;Resto de costa de Lugo de Ribadeo a Estaca de Bares  ;Lugo;Galicia;2000;Oct;Animalia;Aves;Podicipedidae;Tachybaptus;Tachybaptus ruficollis;Zampullin comun
-7.278;43.592;Resto de costa de Lugo de Ribadeo a Estaca de Bares  ;Lugo;Galicia;2001;Sep;Animalia;Aves;Podicipedidae;Podiceps;Podiceps nigricollis;Zampullin cuellinegro
-7.278;43.592;Resto de costa de Lugo de Ribadeo a Estaca de Bares  ;Lugo;Galicia;2004;Oct;Animalia;Aves;Podicipedidae;Tachybaptus;Tachybaptus ruficollis;Zampullin comun
-7.683;43.75;Ria de Barqueiro ;Lugo;Galicia;2002;Sep;Animalia;Aves;Podicipedidae;Podiceps;Podiceps nigricollis;Zampullin cuellinegro
-7.683;43.75;Ria de Barqueiro ;Lugo;Galicia;2003;Sep;Animalia;Aves;Podicipedidae;Podiceps;Podiceps nigricollis;Zampullin cuellinegro
-7.683;43.75;Ria de Barqueiro ;Lugo;Galicia;2004;Sep;Animalia;Aves;Podicipedidae;Podiceps;Podiceps nigricollis;Zampullin cuellinegro
-7.263;43.546;Ria de Foz ;Lugo;Galicia;2000;Sep;Animalia;Aves;Anatidae;Tadorna;Tadorna tadorna;Tarro blanco
-7.263;43.546;Ria de Foz ;Lugo;Galicia;2000;Sep;Animalia;Aves;Podicipedidae;Podiceps;Podiceps nigricollis;Zampullin cuellinegro
-7.263;43.546;Ria de Foz ;Lugo;Galicia;2000;Oct;Animalia;Aves;Podicipedidae;Tachybaptus;Tachybaptus ruficollis;Zampullin comun
-7.263;43.546;Ria de Foz ;Lugo;Galicia;2003;Sep;Animalia;Aves;Anatidae;Tadorna;Tadorna tadorna;Tarro blanco
-7.263;43.546;Ria de Foz ;Lugo;Galicia;2003;Oct;Animalia;Aves;Podicipedidae;Tachybaptus;Tachybaptus ruficollis;Zampullin comun
-7.263;43.546;Ria de Foz ;Lugo;Galicia;2004;Sep;Animalia;Aves;Podicipedidae;Podiceps;Podiceps nigricollis;Zampullin cuellinegro
-7.052;43.485;Ria de Ribadeo ;Lugo;Galicia;2000;Sep;Animalia;Aves;Podicipedidae;Podiceps;Podiceps auritus;Zampullin cuellirrojo
-7.052;43.485;Ria de Ribadeo ;Lugo;Galicia;2000;Sep;Animalia;Aves;Podicipedidae;Podiceps;Podiceps nigricollis;Zampullin cuellinegro
-7.052;43.485;Ria de Ribadeo ;Lugo;Galicia;2001;Sep;Animalia;Aves;Podicipedidae;Podiceps;Podiceps nigricollis;Zampullin cuellinegro
-7.052;43.485;Ria de Ribadeo ;Lugo;Galicia;2002;Sep;Animalia;Aves;Podicipedidae;Podiceps;Podiceps nigricollis;Zampullin cuellinegro
-7.052;43.485;Ria de Ribadeo ;Lugo;Galicia;2002;Sep;Animalia;Aves;Anatidae;Tadorna;Tadorna tadorna;Tarro blanco
-7.052;43.485;Ria de Ribadeo ;Lugo;Galicia;2002;Oct;Animalia;Aves;Podicipedidae;Tachybaptus;Tachybaptus ruficollis;Zampullin comun
-7.052;43.485;Ria de Ribadeo ;Lugo;Galicia;2003;Sep;Animalia;Aves;Podicipedidae;Podiceps;Podiceps cristatus;Somormujo lavanco
-7.052;43.485;Ria de Ribadeo ;Lugo;Galicia;2003;Sep;Animalia;Aves;Podicipedidae;Podiceps;Podiceps nigricollis;Zampullin cuellinegro
-7.052;43.485;Ria de Ribadeo ;Lugo;Galicia;2004;Sep;Animalia;Aves;Podicipedidae;Podiceps;Podiceps cristatus;Somormujo lavanco
-7.052;43.485;Ria de Ribadeo ;Lugo;Galicia;2004;Sep;Animalia;Aves;Podicipedidae;Podiceps;Podiceps nigricollis;Zampullin cuellinegro
-7.598;43.677;Ria de Viveiro ;Lugo;Galicia;2002;Sep;Animalia;Aves;Podicipedidae;Podiceps;Podiceps nigricollis;Zampullin cuellinegro
-7.598;43.677;Ria de Viveiro ;Lugo;Galicia;2003;Sep;Animalia;Aves;Podicipedidae;Podiceps;Podiceps nigricollis;Zampullin cuellinegro
-7.598;43.677;Ria de Viveiro ;Lugo;Galicia;2004;Sep;Animalia;Aves;Podicipedidae;Podiceps;Podiceps nigricollis;Zampullin cuellinegro
-7.454;42.659;Rio Cabe;Lugo;Galicia;2010;Sep;Animalia;Amphibia;Bufonidae;Bufo;Bufo spinosus;Spiny Toad
-7.876;43.189;Barreria e lagoas de  Begonte ;Lugo;Galicia;2005;Oct;Animalia;Aves;Podicipedidae;Tachybaptus;Tachybaptus ruficollis;Zampullin comun
-7.876;43.189;Barreria e lagoas de  Begonte ;Lugo;Galicia;2006;Oct;Animalia;Aves;Podicipedidae;Tachybaptus;Tachybaptus ruficollis;Zampullin comun
-7.876;43.189;Barreria e lagoas de  Begonte ;Lugo;Galicia;2007;Sep;Animalia;Aves;Podicipedidae;Podiceps;Podiceps cristatus;Somormujo lavanco
-7.876;43.189;Barreria e lagoas de  Begonte ;Lugo;Galicia;2008;Sep;Animalia;Aves;Podicipedidae;Podiceps;Podiceps cristatus;Somormujo lavanco
-7.876;43.189;Barreria e lagoas de  Begonte ;Lugo;Galicia;2008;Oct;Animalia;Aves;Podicipedidae;Tachybaptus;Tachybaptus ruficollis;Zampullin comun
-7.876;43.189;Barreria e lagoas de  Begonte ;Lugo;Galicia;2008;Oct;Animalia;Aves;Ardeidae;Ardea;Egretta alba;Garceta grande
-7.876;43.189;Barreria e lagoas de  Begonte ;Lugo;Galicia;2010;Sep;Animalia;Aves;Podicipedidae;Podiceps;Podiceps cristatus;Somormujo lavanco
-7.876;43.189;Barreria e lagoas de  Begonte ;Lugo;Galicia;2010;Oct;Animalia;Aves;Podicipedidae;Tachybaptus;Tachybaptus ruficollis;Zampullin comun
-8.25;43.25;Betanzos;Lugo;Galicia;2020;Oct;Animalia;Mammalia;Mustelidae;Meles;Meles meles;Eurasian Badger
-7.278;43.592;Resto de costa de Lugo de Ribadeo a Estaca de Bares  ;Lugo;Galicia;2006;Oct;Animalia;Aves;Podicipedidae;Tachybaptus;Tachybaptus ruficollis;Zampullin comun
-7.278;43.592;Resto de costa de Lugo de Ribadeo a Estaca de Bares  ;Lugo;Galicia;2008;Sep;Animalia;Aves;Podicipedidae;Podiceps;Podiceps nigricollis;Zampullin cuellinegro
-7.278;43.592;Resto de costa de Lugo de Ribadeo a Estaca de Bares  ;Lugo;Galicia;2008;Oct;Animalia;Aves;Podicipedidae;Tachybaptus;Tachybaptus ruficollis;Zampullin comun
-7.278;43.592;Resto de costa de Lugo de Ribadeo a Estaca de Bares  ;Lugo;Galicia;2009;Sep;Animalia;Aves;Podicipedidae;Podiceps;Podiceps nigricollis;Zampullin cuellinegro
-7.278;43.592;Resto de costa de Lugo de Ribadeo a Estaca de Bares  ;Lugo;Galicia;2010;Sep;Animalia;Aves;Podicipedidae;Podiceps;Podiceps nigricollis;Zampullin cuellinegro
-7.278;43.592;Resto de costa de Lugo de Ribadeo a Estaca de Bares  ;Lugo;Galicia;2010;Oct;Animalia;Aves;Podicipedidae;Tachybaptus;Tachybaptus ruficollis;Zampullin comun
-2.311;36.85;Retamar-El Toyo--Balsa;Lugo;Galicia;2019;Oct;Animalia;Aves;Podicipedidae;Tachybaptus;Tachybaptus ruficollis;Little Grebe
-7.683;43.75;Ria de Barqueiro ;Lugo;Galicia;2005;Sep;Animalia;Aves;Podicipedidae;Podiceps;Podiceps nigricollis;Zampullin cuellinegro
-7.683;43.75;Ria de Barqueiro ;Lugo;Galicia;2006;Sep;Animalia;Aves;Podicipedidae;Podiceps;Podiceps nigricollis;Zampullin cuellinegro
-7.683;43.75;Ria de Barqueiro ;Lugo;Galicia;2007;Sep;Animalia;Aves;Podicipedidae;Podiceps;Podiceps nigricollis;Zampullin cuellinegro
-7.683;43.75;Ria de Barqueiro ;Lugo;Galicia;2008;Sep;Animalia;Aves;Podicipedidae;Podiceps;Podiceps nigricollis;Zampullin cuellinegro
-7.683;43.75;Ria de Barqueiro ;Lugo;Galicia;2009;Sep;Animalia;Aves;Podicipedidae;Podiceps;Podiceps nigricollis;Zampullin cuellinegro
-7.683;43.75;Ria de Barqueiro ;Lugo;Galicia;2010;Sep;Animalia;Aves;Podicipedidae;Podiceps;Podiceps nigricollis;Zampullin cuellinegro
-7.263;43.546;Ria de Foz ;Lugo;Galicia;2005;Oct;Animalia;Aves;Podicipedidae;Tachybaptus;Tachybaptus ruficollis;Zampullin comun
-7.263;43.546;Ria de Foz ;Lugo;Galicia;2006;Oct;Animalia;Aves;Podicipedidae;Tachybaptus;Tachybaptus ruficollis;Zampullin comun
-7.263;43.546;Ria de Foz ;Lugo;Galicia;2007;Oct;Animalia;Aves;Threskiornithidae;Platalea;Platalea leucorodia;Espatula comun
-7.263;43.546;Ria de Foz ;Lugo;Galicia;2008;Sep;Animalia;Aves;Podicipedidae;Podiceps;Podiceps auritus;Zampullin cuellirrojo
-7.263;43.546;Ria de Foz ;Lugo;Galicia;2008;Oct;Animalia;Aves;Podicipedidae;Tachybaptus;Tachybaptus ruficollis;Zampullin comun
-7.263;43.546;Ria de Foz ;Lugo;Galicia;2009;Sep;Animalia;Aves;Podicipedidae;Podiceps;Podiceps cristatus;Somormujo lavanco
-7.263;43.546;Ria de Foz ;Lugo;Galicia;2010;Sep;Animalia;Aves;Podicipedidae;Podiceps;Podiceps cristatus;Somormujo lavanco
-7.263;43.546;Ria de Foz ;Lugo;Galicia;2010;Oct;Animalia;Aves;Threskiornithidae;Platalea;Platalea leucorodia;Espatula comun
-3.55;40.277;Acantilados Jarama;Madrid;Comunidad de Madrid;2014;Oct;Animalia;Aves;Fringillidae;Fringilla;Fringilla coelebs;Common Chaffinch
-3.55;40.277;Acantilados Jarama;Madrid;Comunidad de Madrid;2014;May;Animalia;Aves;Upupidae;Upupa;Upupa epops;Eurasian Hoopoe
-3.617;40.533;Alcobendas;Madrid;Comunidad de Madrid;2001;Sep;Animalia;Aves;Tytonidae;Tyto;Tyto alba;Lechuza comun
-3.627;40.538;Alcobendas;Madrid;Comunidad de Madrid;2013;Oct;Animalia;Aves;Fringillidae;Fringilla;Fringilla coelebs;Common Chaffinch
-3.506;40.598;Algete;Madrid;Comunidad de Madrid;2018;Oct;Animalia;Aves;Fringillidae;Fringilla;Fringilla coelebs;Common Chaffinch
-5.371;36.252;Arroyo del Colmenar;Madrid;Comunidad de Madrid;2019;Oct;Animalia;Aves;Podicipedidae;Tachybaptus;Tachybaptus ruficollis;Little Grebe
-3.761;39.955;Carrizal de las Madres ;Madrid;Comunidad de Madrid;2001;Oct;Animalia;Aves;Podicipedidae;Tachybaptus;Tachybaptus ruficollis;Zampullin comun
-3.761;39.955;Carrizal de las Madres ;Madrid;Comunidad de Madrid;2003;Oct;Animalia;Aves;Podicipedidae;Tachybaptus;Tachybaptus ruficollis;Zampullin comun
-3.787;40.538;El Pardo and Manzanares River to Dam;Madrid;Comunidad de Madrid;2004;Oct;Animalia;Aves;Fringillidae;Fringilla;Fringilla coelebs;Common Chaffinch
-3.796;40.936;Embalse de  Pinilla ;Madrid;Comunidad de Madrid;2000;Oct;Animalia;Aves;Podicipedidae;Tachybaptus;Tachybaptus ruficollis;Zampullin comun
-3.796;40.936;Embalse de  Pinilla ;Madrid;Comunidad de Madrid;2003;Sep;Animalia;Aves;Podicipedidae;Podiceps;Podiceps cristatus;Somormujo lavanco
-3.796;40.936;Embalse de  Pinilla ;Madrid;Comunidad de Madrid;2003;Oct;Animalia;Aves;Podicipedidae;Tachybaptus;Tachybaptus ruficollis;Zampullin comun
-3.796;40.936;Embalse de  Pinilla ;Madrid;Comunidad de Madrid;2004;Sep;Animalia;Aves;Podicipedidae;Podiceps;Podiceps cristatus;Somormujo lavanco
-3.796;40.936;Embalse de  Pinilla ;Madrid;Comunidad de Madrid;2004;Sep;Animalia;Aves;Podicipedidae;Podiceps;Podiceps nigricollis;Zampullin cuellinegro
-3.791;40.558;Embalse de El Pardo ;Madrid;Comunidad de Madrid;2000;Sep;Animalia;Aves;Podicipedidae;Podiceps;Podiceps cristatus;Somormujo lavanco
-3.791;40.558;Embalse de El Pardo ;Madrid;Comunidad de Madrid;2000;Sep;Animalia;Aves;Podicipedidae;Podiceps;Podiceps nigricollis;Zampullin cuellinegro
-3.791;40.558;Embalse de El Pardo ;Madrid;Comunidad de Madrid;2001;Sep;Animalia;Aves;Podicipedidae;Podiceps;Podiceps cristatus;Somormujo lavanco
-3.791;40.558;Embalse de El Pardo ;Madrid;Comunidad de Madrid;2001;Sep;Animalia;Aves;Podicipedidae;Podiceps;Podiceps nigricollis;Zampullin cuellinegro
-3.791;40.558;Embalse de El Pardo ;Madrid;Comunidad de Madrid;2001;Oct;Animalia;Aves;Podicipedidae;Tachybaptus;Tachybaptus ruficollis;Zampullin comun
-3.791;40.558;Embalse de El Pardo ;Madrid;Comunidad de Madrid;2003;Sep;Animalia;Aves;Podicipedidae;Podiceps;Podiceps cristatus;Somormujo lavanco
-3.791;40.558;Embalse de El Pardo ;Madrid;Comunidad de Madrid;2003;Oct;Animalia;Aves;Podicipedidae;Tachybaptus;Tachybaptus ruficollis;Zampullin comun
-3.652;40.775;Embalse de El Vellon ;Madrid;Comunidad de Madrid;2000;Sep;Animalia;Aves;Podicipedidae;Podiceps;Podiceps cristatus;Somormujo lavanco
-3.652;40.775;Embalse de El Vellon ;Madrid;Comunidad de Madrid;2000;Sep;Animalia;Aves;Podicipedidae;Podiceps;Podiceps nigricollis;Zampullin cuellinegro
-3.652;40.775;Embalse de El Vellon ;Madrid;Comunidad de Madrid;2001;Sep;Animalia;Aves;Podicipedidae;Podiceps;Podiceps cristatus;Somormujo lavanco
-3.652;40.775;Embalse de El Vellon ;Madrid;Comunidad de Madrid;2001;Sep;Animalia;Aves;Podicipedidae;Podiceps;Podiceps nigricollis;Zampullin cuellinegro
-3.652;40.775;Embalse de El Vellon ;Madrid;Comunidad de Madrid;2003;Sep;Animalia;Aves;Podicipedidae;Podiceps;Podiceps cristatus;Somormujo lavanco
-3.652;40.775;Embalse de El Vellon ;Madrid;Comunidad de Madrid;2003;Sep;Animalia;Aves;Podicipedidae;Podiceps;Podiceps nigricollis;Zampullin cuellinegro
-3.652;40.775;Embalse de El Vellon ;Madrid;Comunidad de Madrid;2004;Sep;Animalia;Aves;Podicipedidae;Podiceps;Podiceps cristatus;Somormujo lavanco
-3.652;40.775;Embalse de El Vellon ;Madrid;Comunidad de Madrid;2004;Sep;Animalia;Aves;Podicipedidae;Podiceps;Podiceps nigricollis;Zampullin cuellinegro
-4.12;40.67;Embalse de La Jarosa ;Madrid;Comunidad de Madrid;2000;Oct;Animalia;Aves;Podicipedidae;Tachybaptus;Tachybaptus ruficollis;Zampullin comun
-4.12;40.67;Embalse de La Jarosa ;Madrid;Comunidad de Madrid;2001;Sep;Animalia;Aves;Podicipedidae;Podiceps;Podiceps cristatus;Somormujo lavanco
-4.12;40.67;Embalse de La Jarosa ;Madrid;Comunidad de Madrid;2001;Oct;Animalia;Aves;Podicipedidae;Tachybaptus;Tachybaptus ruficollis;Zampullin comun
-4.12;40.67;Embalse de La Jarosa ;Madrid;Comunidad de Madrid;2003;Sep;Animalia;Aves;Podicipedidae;Podiceps;Podiceps cristatus;Somormujo lavanco
-4.12;40.67;Embalse de La Jarosa ;Madrid;Comunidad de Madrid;2003;Oct;Animalia;Aves;Podicipedidae;Tachybaptus;Tachybaptus ruficollis;Zampullin comun
-4.12;40.67;Embalse de La Jarosa ;Madrid;Comunidad de Madrid;2004;Sep;Animalia;Aves;Podicipedidae;Podiceps;Podiceps cristatus;Somormujo lavanco
-4.12;40.67;Embalse de La Jarosa ;Madrid;Comunidad de Madrid;2004;Sep;Animalia;Aves;Podicipedidae;Podiceps;Podiceps nigricollis;Zampullin cuellinegro
-4.243;39.392;Embalse de La Torre de Abraham ;Madrid;Comunidad de Madrid;2000;Sep;Animalia;Aves;Podicipedidae;Podiceps;Podiceps cristatus;Somormujo lavanco
-3.533;41.519;Embalse de Linares del Arroyo (SG);Madrid;Comunidad de Madrid;2001;Sep;Animalia;Aves;Podicipedidae;Podiceps;Podiceps cristatus;Somormujo lavanco
-4.049;40.592;Embalse de los Arroyos ;Madrid;Comunidad de Madrid;2000;Sep;Animalia;Aves;Podicipedidae;Podiceps;Podiceps cristatus;Somormujo lavanco
-4.049;40.592;Embalse de los Arroyos ;Madrid;Comunidad de Madrid;2000;Oct;Animalia;Aves;Podicipedidae;Tachybaptus;Tachybaptus ruficollis;Zampullin comun
-4.049;40.592;Embalse de los Arroyos ;Madrid;Comunidad de Madrid;2001;Sep;Animalia;Aves;Podicipedidae;Podiceps;Podiceps cristatus;Somormujo lavanco
-4.049;40.592;Embalse de los Arroyos ;Madrid;Comunidad de Madrid;2001;Sep;Animalia;Aves;Podicipedidae;Podiceps;Podiceps nigricollis;Zampullin cuellinegro
-4.049;40.592;Embalse de los Arroyos ;Madrid;Comunidad de Madrid;2001;Oct;Animalia;Aves;Podicipedidae;Tachybaptus;Tachybaptus ruficollis;Zampullin comun
-4.049;40.592;Embalse de los Arroyos ;Madrid;Comunidad de Madrid;2003;Sep;Animalia;Aves;Podicipedidae;Podiceps;Podiceps cristatus;Somormujo lavanco
-4.006;40.723;Embalse de Navacerrada ;Madrid;Comunidad de Madrid;2001;Sep;Animalia;Aves;Podicipedidae;Podiceps;Podiceps cristatus;Somormujo lavanco
-4.006;40.723;Embalse de Navacerrada ;Madrid;Comunidad de Madrid;2003;Sep;Animalia;Aves;Podicipedidae;Podiceps;Podiceps cristatus;Somormujo lavanco
-4.006;40.723;Embalse de Navacerrada ;Madrid;Comunidad de Madrid;2004;Sep;Animalia;Aves;Podicipedidae;Podiceps;Podiceps cristatus;Somormujo lavanco
-4.26;40.339;Embalse de Picadas ;Madrid;Comunidad de Madrid;2003;Sep;Animalia;Aves;Podicipedidae;Podiceps;Podiceps cristatus;Somormujo lavanco
-3.594;40.994;Embalse de Puentes Viejas ;Madrid;Comunidad de Madrid;2000;Sep;Animalia;Aves;Podicipedidae;Podiceps;Podiceps cristatus;Somormujo lavanco
-3.594;40.994;Embalse de Puentes Viejas ;Madrid;Comunidad de Madrid;2000;Oct;Animalia;Aves;Podicipedidae;Tachybaptus;Tachybaptus ruficollis;Zampullin comun
-3.594;40.994;Embalse de Puentes Viejas ;Madrid;Comunidad de Madrid;2001;Sep;Animalia;Aves;Podicipedidae;Podiceps;Podiceps cristatus;Somormujo lavanco
-3.594;40.994;Embalse de Puentes Viejas ;Madrid;Comunidad de Madrid;2003;Sep;Animalia;Aves;Podicipedidae;Podiceps;Podiceps cristatus;Somormujo lavanco
-3.594;40.994;Embalse de Puentes Viejas ;Madrid;Comunidad de Madrid;2003;Oct;Animalia;Aves;Podicipedidae;Tachybaptus;Tachybaptus ruficollis;Zampullin comun
-3.672;40.973;Embalse de Riosequillo ;Madrid;Comunidad de Madrid;2000;Sep;Animalia;Aves;Podicipedidae;Podiceps;Podiceps cristatus;Somormujo lavanco
-3.672;40.973;Embalse de Riosequillo ;Madrid;Comunidad de Madrid;2000;Oct;Animalia;Aves;Podicipedidae;Tachybaptus;Tachybaptus ruficollis;Zampullin comun
-3.672;40.973;Embalse de Riosequillo ;Madrid;Comunidad de Madrid;2003;Sep;Animalia;Aves;Podicipedidae;Podiceps;Podiceps cristatus;Somormujo lavanco
-3.672;40.973;Embalse de Riosequillo ;Madrid;Comunidad de Madrid;2004;Sep;Animalia;Aves;Podicipedidae;Podiceps;Podiceps cristatus;Somormujo lavanco
-4.319;40.382;Embalse de San Juan ;Madrid;Comunidad de Madrid;2000;Oct;Animalia;Aves;Podicipedidae;Tachybaptus;Tachybaptus ruficollis;Zampullin comun
-4.319;40.382;Embalse de San Juan ;Madrid;Comunidad de Madrid;2001;Sep;Animalia;Aves;Podicipedidae;Podiceps;Podiceps cristatus;Somormujo lavanco
-4.319;40.382;Embalse de San Juan ;Madrid;Comunidad de Madrid;2003;Sep;Animalia;Aves;Podicipedidae;Podiceps;Podiceps cristatus;Somormujo lavanco
-4.319;40.382;Embalse de San Juan ;Madrid;Comunidad de Madrid;2004;Oct;Animalia;Aves;Podicipedidae;Tachybaptus;Tachybaptus ruficollis;Zampullin comun
-3.829;40.729;Embalse de Santillana ;Madrid;Comunidad de Madrid;2000;Sep;Animalia;Aves;Podicipedidae;Podiceps;Podiceps cristatus;Somormujo lavanco
-3.829;40.729;Embalse de Santillana ;Madrid;Comunidad de Madrid;2000;Sep;Animalia;Aves;Podicipedidae;Podiceps;Podiceps nigricollis;Zampullin cuellinegro
-3.829;40.729;Embalse de Santillana ;Madrid;Comunidad de Madrid;2001;Sep;Animalia;Aves;Podicipedidae;Podiceps;Podiceps cristatus;Somormujo lavanco
-3.829;40.729;Embalse de Santillana ;Madrid;Comunidad de Madrid;2001;Sep;Animalia;Aves;Podicipedidae;Podiceps;Podiceps nigricollis;Zampullin cuellinegro
-3.829;40.729;Embalse de Santillana ;Madrid;Comunidad de Madrid;2003;Sep;Animalia;Aves;Podicipedidae;Podiceps;Podiceps nigricollis;Zampullin cuellinegro
-3.829;40.729;Embalse de Santillana ;Madrid;Comunidad de Madrid;2004;Sep;Animalia;Aves;Podicipedidae;Podiceps;Podiceps cristatus;Somormujo lavanco
-3.829;40.729;Embalse de Santillana ;Madrid;Comunidad de Madrid;2004;Sep;Animalia;Aves;Podicipedidae;Podiceps;Podiceps nigricollis;Zampullin cuellinegro
-4.107;38.546;Embalse de Tablillas y Montoro ;Madrid;Comunidad de Madrid;2000;Sep;Animalia;Aves;Podicipedidae;Podiceps;Podiceps cristatus;Somormujo lavanco
-4.051;40.547;Embalse de Valmayor ;Madrid;Comunidad de Madrid;2000;Sep;Animalia;Aves;Podicipedidae;Podiceps;Podiceps nigricollis;Zampullin cuellinegro
-4.051;40.547;Embalse de Valmayor ;Madrid;Comunidad de Madrid;2000;Oct;Animalia;Aves;Podicipedidae;Tachybaptus;Tachybaptus ruficollis;Zampullin comun
-4.051;40.547;Embalse de Valmayor ;Madrid;Comunidad de Madrid;2001;Sep;Animalia;Aves;Podicipedidae;Podiceps;Podiceps cristatus;Somormujo lavanco
-4.051;40.547;Embalse de Valmayor ;Madrid;Comunidad de Madrid;2001;Sep;Animalia;Aves;Podicipedidae;Podiceps;Podiceps nigricollis;Zampullin cuellinegro
-4.051;40.547;Embalse de Valmayor ;Madrid;Comunidad de Madrid;2003;Sep;Animalia;Aves;Podicipedidae;Podiceps;Podiceps cristatus;Somormujo lavanco
-4.051;40.547;Embalse de Valmayor ;Madrid;Comunidad de Madrid;2004;Sep;Animalia;Aves;Podicipedidae;Podiceps;Podiceps cristatus;Somormujo lavanco
-3.54;40.904;Embalse del Atazar ;Madrid;Comunidad de Madrid;2001;Sep;Animalia;Aves;Podicipedidae;Podiceps;Podiceps cristatus;Somormujo lavanco
-3.991;40.611;Embalse Las Nieves ;Madrid;Comunidad de Madrid;2004;Oct;Animalia;Aves;Podicipedidae;Tachybaptus;Tachybaptus ruficollis;Zampullin comun
-3.728;40.323;Getafe;Madrid;Comunidad de Madrid;2018;Nov;Animalia;Aves;Upupidae;Upupa;Upupa epops;Eurasian Hoopoe
-3.525;40.617;Gravera camino de Salomon ;Madrid;Comunidad de Madrid;2003;Oct;Animalia;Aves;Podicipedidae;Tachybaptus;Tachybaptus ruficollis;Zampullin comun
-3.525;40.617;Gravera camino de Salomon ;Madrid;Comunidad de Madrid;2004;Oct;Animalia;Aves;Podicipedidae;Tachybaptus;Tachybaptus ruficollis;Zampullin comun
-3.571;40.149;Gravera de las Arriadas, Ciempozuelos ;Madrid;Comunidad de Madrid;2003;Oct;Animalia;Aves;Podicipedidae;Tachybaptus;Tachybaptus ruficollis;Zampullin comun
-3.51;40.3;Gravera de Las Madres ;Madrid;Comunidad de Madrid;2004;Sep;Animalia;Aves;Podicipedidae;Podiceps;Podiceps cristatus;Somormujo lavanco
-3.51;40.3;Gravera de Las Madres ;Madrid;Comunidad de Madrid;2004;Oct;Animalia;Aves;Podicipedidae;Tachybaptus;Tachybaptus ruficollis;Zampullin comun
-3.482;40.353;Gravera de Velilla (carretera) ;Madrid;Comunidad de Madrid;2004;Oct;Animalia;Aves;Podicipedidae;Tachybaptus;Tachybaptus ruficollis;Zampullin comun
-3.502;40.362;Gravera de Velilla (pueblo) ;Madrid;Comunidad de Madrid;2000;Sep;Animalia;Aves;Podicipedidae;Podiceps;Podiceps cristatus;Somormujo lavanco
-3.502;40.362;Gravera de Velilla (pueblo) ;Madrid;Comunidad de Madrid;2000;Oct;Animalia;Aves;Podicipedidae;Tachybaptus;Tachybaptus ruficollis;Zampullin comun
-3.502;40.362;Gravera de Velilla (pueblo) ;Madrid;Comunidad de Madrid;2001;Feb;Animalia;Aves;Podicipedidae;Podiceps;Podiceps cristatus;Somormujo lavanco
-3.502;40.362;Gravera de Velilla (pueblo) ;Madrid;Comunidad de Madrid;2001;Oct;Animalia;Aves;Podicipedidae;Tachybaptus;Tachybaptus ruficollis;Zampullin comun
-3.502;40.362;Gravera de Velilla (pueblo) ;Madrid;Comunidad de Madrid;2003;Feb;Animalia;Aves;Podicipedidae;Podiceps;Podiceps cristatus;Somormujo lavanco
-3.502;40.362;Gravera de Velilla (pueblo) ;Madrid;Comunidad de Madrid;2003;Oct;Animalia;Aves;Podicipedidae;Tachybaptus;Tachybaptus ruficollis;Zampullin comun
-3.502;40.362;Gravera de Velilla (pueblo) ;Madrid;Comunidad de Madrid;2004;Feb;Animalia;Aves;Podicipedidae;Podiceps;Podiceps nigricollis;Zampullin cuellinegro
-3.502;40.362;Gravera de Velilla (pueblo) ;Madrid;Comunidad de Madrid;2004;Oct;Animalia;Aves;Podicipedidae;Tachybaptus;Tachybaptus ruficollis;Zampullin comun
-3.504;40.323;Gravera del Campillo ;Madrid;Comunidad de Madrid;2003;Feb;Animalia;Aves;Podicipedidae;Podiceps;Podiceps cristatus;Somormujo lavanco
-3.504;40.323;Gravera del Campillo ;Madrid;Comunidad de Madrid;2003;Oct;Animalia;Aves;Podicipedidae;Tachybaptus;Tachybaptus ruficollis;Zampullin comun
-3.504;40.323;Gravera del Campillo ;Madrid;Comunidad de Madrid;2004;Oct;Animalia;Aves;Podicipedidae;Tachybaptus;Tachybaptus ruficollis;Zampullin comun
-3.491;40.411;Gravera Mejorada del Campo ;Madrid;Comunidad de Madrid;2001;Oct;Animalia;Aves;Podicipedidae;Tachybaptus;Tachybaptus ruficollis;Zampullin comun
-3.491;40.411;Gravera Mejorada del Campo ;Madrid;Comunidad de Madrid;2003;Oct;Animalia;Aves;Podicipedidae;Tachybaptus;Tachybaptus ruficollis;Zampullin comun
-3.491;40.411;Gravera Mejorada del Campo ;Madrid;Comunidad de Madrid;2004;Oct;Animalia;Aves;Podicipedidae;Tachybaptus;Tachybaptus ruficollis;Zampullin comun
-3.543;40.273;Gravera Soto Pajares ;Madrid;Comunidad de Madrid;2000;Oct;Animalia;Aves;Podicipedidae;Tachybaptus;Tachybaptus ruficollis;Zampullin comun
-3.543;40.273;Gravera Soto Pajares ;Madrid;Comunidad de Madrid;2001;Oct;Animalia;Aves;Podicipedidae;Tachybaptus;Tachybaptus ruficollis;Zampullin comun
-3.543;40.273;Gravera Soto Pajares ;Madrid;Comunidad de Madrid;2003;Feb;Animalia;Aves;Podicipedidae;Podiceps;Podiceps cristatus;Somormujo lavanco
-3.543;40.273;Gravera Soto Pajares ;Madrid;Comunidad de Madrid;2003;Oct;Animalia;Aves;Podicipedidae;Tachybaptus;Tachybaptus ruficollis;Zampullin comun
-3.543;40.273;Gravera Soto Pajares ;Madrid;Comunidad de Madrid;2004;Feb;Animalia;Aves;Podicipedidae;Podiceps;Podiceps cristatus;Somormujo lavanco
-3.621;40.064;"Graveras ""El Puente"" Aranjuez (M-TO)";Madrid;Comunidad de Madrid;2000;Feb;Animalia;Aves;Podicipedidae;Podiceps;Podiceps cristatus;Somormujo lavanco
-3.621;40.064;"Graveras ""El Puente"" Aranjuez (M-TO)";Madrid;Comunidad de Madrid;2000;Oct;Animalia;Aves;Podicipedidae;Tachybaptus;Tachybaptus ruficollis;Zampullin comun
-3.621;40.064;"Graveras ""El Puente"" Aranjuez (M-TO)";Madrid;Comunidad de Madrid;2004;Feb;Animalia;Aves;Podicipedidae;Podiceps;Podiceps cristatus;Somormujo lavanco
-3.53;40.303;Graveras de El Porcal ;Madrid;Comunidad de Madrid;2000;Oct;Animalia;Aves;Podicipedidae;Tachybaptus;Tachybaptus ruficollis;Zampullin comun
-3.53;40.303;Graveras de El Porcal ;Madrid;Comunidad de Madrid;2001;Sep;Animalia;Aves;Anatidae;Netta;Netta rufina;Pato colorado
-3.53;40.303;Graveras de El Porcal ;Madrid;Comunidad de Madrid;2003;Feb;Animalia;Aves;Podicipedidae;Podiceps;Podiceps cristatus;Somormujo lavanco
-3.53;40.303;Graveras de El Porcal ;Madrid;Comunidad de Madrid;2003;Sep;Animalia;Aves;Anatidae;Netta;Netta rufina;Pato colorado
-3.53;40.303;Graveras de El Porcal ;Madrid;Comunidad de Madrid;2003;Oct;Animalia;Aves;Podicipedidae;Tachybaptus;Tachybaptus ruficollis;Zampullin comun
-3.53;40.303;Graveras de El Porcal ;Madrid;Comunidad de Madrid;2004;Feb;Animalia;Aves;Podicipedidae;Podiceps;Podiceps cristatus;Somormujo lavanco
-3.53;40.303;Graveras de El Porcal ;Madrid;Comunidad de Madrid;2004;Oct;Animalia;Aves;Podicipedidae;Tachybaptus;Tachybaptus ruficollis;Zampullin comun
-3.534;40.603;Graveras Duque de Alburquerque ;Madrid;Comunidad de Madrid;2000;Oct;Animalia;Aves;Podicipedidae;Tachybaptus;Tachybaptus ruficollis;Zampullin comun
-3.534;40.603;Graveras Duque de Alburquerque ;Madrid;Comunidad de Madrid;2004;Oct;Animalia;Aves;Podicipedidae;Tachybaptus;Tachybaptus ruficollis;Zampullin comun
-3.544;40.226;Graveras San Martin de la Vega, explotacion ;Madrid;Comunidad de Madrid;2000;Oct;Animalia;Aves;Podicipedidae;Tachybaptus;Tachybaptus ruficollis;Zampullin comun
-3.544;40.226;Graveras San Martin de la Vega, explotacion ;Madrid;Comunidad de Madrid;2003;Oct;Animalia;Aves;Podicipedidae;Tachybaptus;Tachybaptus ruficollis;Zampullin comun
-4.073;40.592;Laguna de Las Radas ;Madrid;Comunidad de Madrid;2001;Oct;Animalia;Aves;Podicipedidae;Tachybaptus;Tachybaptus ruficollis;Zampullin comun
-4.073;40.592;Laguna de Las Radas ;Madrid;Comunidad de Madrid;2003;Oct;Animalia;Aves;Podicipedidae;Tachybaptus;Tachybaptus ruficollis;Zampullin comun
-3.803;40.33;Laguna de Mari Pascuala, Parque La Polvoranca ;Madrid;Comunidad de Madrid;2004;Oct;Animalia;Aves;Podicipedidae;Tachybaptus;Tachybaptus ruficollis;Zampullin comun
-3.995;41.285;Laguna de Navahornos (SG);Madrid;Comunidad de Madrid;2000;Oct;Animalia;Aves;Podicipedidae;Tachybaptus;Tachybaptus ruficollis;Zampullin comun
-3.496;40.156;Laguna de San Galindo ;Madrid;Comunidad de Madrid;2000;Oct;Animalia;Aves;Podicipedidae;Tachybaptus;Tachybaptus ruficollis;Zampullin comun
-3.496;40.156;Laguna de San Galindo ;Madrid;Comunidad de Madrid;2001;Oct;Animalia;Aves;Podicipedidae;Tachybaptus;Tachybaptus ruficollis;Zampullin comun
-3.496;40.156;Laguna de San Galindo ;Madrid;Comunidad de Madrid;2003;Oct;Animalia;Aves;Podicipedidae;Tachybaptus;Tachybaptus ruficollis;Zampullin comun
-3.517;40.144;Laguna de San Juan ;Madrid;Comunidad de Madrid;2000;Oct;Animalia;Aves;Ardeidae;Ixobrychus;Ixobrychus minutus;Avetorillo comun
-3.517;40.144;Laguna de San Juan ;Madrid;Comunidad de Madrid;2000;Oct;Animalia;Aves;Podicipedidae;Tachybaptus;Tachybaptus ruficollis;Zampullin comun
-3.517;40.144;Laguna de San Juan ;Madrid;Comunidad de Madrid;2001;Oct;Animalia;Aves;Podicipedidae;Tachybaptus;Tachybaptus ruficollis;Zampullin comun
-3.517;40.144;Laguna de San Juan ;Madrid;Comunidad de Madrid;2004;Feb;Animalia;Aves;Podicipedidae;Podiceps;Podiceps cristatus;Somormujo lavanco
-3.562;40.613;Laguna Soto de Mozanaque ;Madrid;Comunidad de Madrid;2000;Oct;Animalia;Aves;Podicipedidae;Tachybaptus;Tachybaptus ruficollis;Zampullin comun
-3.562;40.613;Laguna Soto de Mozanaque ;Madrid;Comunidad de Madrid;2001;Feb;Animalia;Aves;Podicipedidae;Podiceps;Podiceps cristatus;Somormujo lavanco
-3.562;40.613;Laguna Soto de Mozanaque ;Madrid;Comunidad de Madrid;2001;Oct;Animalia;Aves;Podicipedidae;Tachybaptus;Tachybaptus ruficollis;Zampullin comun
-3.562;40.613;Laguna Soto de Mozanaque ;Madrid;Comunidad de Madrid;2003;Oct;Animalia;Aves;Podicipedidae;Tachybaptus;Tachybaptus ruficollis;Zampullin comun
-3.562;40.613;Laguna Soto de Mozanaque ;Madrid;Comunidad de Madrid;2004;Oct;Animalia;Aves;Podicipedidae;Tachybaptus;Tachybaptus ruficollis;Zampullin comun
-3.9;40.75;Manzanares el Real;Madrid;Comunidad de Madrid;2019;Feb;Animalia;Mammalia;Canidae;Vulpes;Vulpes vulpes;Red Fox
-3.893;40.776;Manzanares el Real;Madrid;Comunidad de Madrid;2019;Feb;Animalia;Mammalia;Bovidae;Capra;Capra pyrenaica;Iberian Ibex
-3.885;40.769;Manzanares el Real;Madrid;Comunidad de Madrid;2019;Oct;Animalia;Mammalia;Bovidae;Capra;Capra pyrenaica;Iberian Ibex
-3.88;40.789;Manzanares el Real;Madrid;Comunidad de Madrid;2019;Feb;Animalia;Mammalia;Bovidae;Capra;Capra pyrenaica;Iberian Ibex
-3.873;40.781;Manzanares el Real;Madrid;Comunidad de Madrid;2019;Oct;Animalia;Mammalia;Bovidae;Capra;Capra pyrenaica;Iberian Ibex
-3.868;40.785;Manzanares el Real;Madrid;Comunidad de Madrid;2019;Oct;Animalia;Mammalia;Bovidae;Capra;Capra pyrenaica;Iberian Ibex
-3.866;40.758;Manzanares el Real;Madrid;Comunidad de Madrid;2019;Mar;Animalia;Mammalia;Bovidae;Capra;Capra pyrenaica;Iberian Ibex
-3.865;40.747;Manzanares el Real;Madrid;Comunidad de Madrid;2019;Mar;Animalia;Mammalia;Bovidae;Capra;Capra pyrenaica;Iberian Ibex
-3.85;40.8;Manzanares el Real;Madrid;Comunidad de Madrid;2019;Feb;Animalia;Mammalia;Canidae;Vulpes;Vulpes vulpes;Red Fox
-3.85;40.75;Manzanares el Real;Madrid;Comunidad de Madrid;2019;Feb;Animalia;Mammalia;Canidae;Vulpes;Vulpes vulpes;Red Fox
-3.846;40.747;Manzanares el Real;Madrid;Comunidad de Madrid;2019;Oct;Animalia;Mammalia;Bovidae;Capra;Capra pyrenaica;Iberian Ibex
-3.834;40.796;Manzanares el Real;Madrid;Comunidad de Madrid;2019;Feb;Animalia;Mammalia;Mustelidae;Meles;Meles meles;Eurasian Badger
-3.832;40.782;Manzanares el Real;Madrid;Comunidad de Madrid;2019;Mar;Animalia;Mammalia;Bovidae;Capra;Capra pyrenaica;Iberian Ibex
-3.842;40.783;Manzanares el Real;Madrid;Comunidad de Madrid;2020;Mar;Animalia;Mammalia;Mustelidae;Meles;Meles meles;Eurasian Badger
-3.596;40.02;Mar de Ontigola ;Madrid;Comunidad de Madrid;2000;Oct;Animalia;Aves;Podicipedidae;Tachybaptus;Tachybaptus ruficollis;Zampullin comun
-3.596;40.02;Mar de Ontigola ;Madrid;Comunidad de Madrid;2003;Oct;Animalia;Aves;Podicipedidae;Tachybaptus;Tachybaptus ruficollis;Zampullin comun
-3.8;40.75;Miraflores de la Sierra;Madrid;Comunidad de Madrid;2019;Oct;Animalia;Mammalia;Canidae;Vulpes;Vulpes vulpes;Red Fox
-3.769;40.79;Miraflores de la Sierra;Madrid;Comunidad de Madrid;2019;Oct;Animalia;Mammalia;Mustelidae;Meles;Meles meles;Eurasian Badger
-3.8;40.417;Monte Alina;Madrid;Comunidad de Madrid;2004;Oct;Animalia;Aves;Fringillidae;Fringilla;Fringilla coelebs;Pinzon vulgar
-3.8;40.417;Monte Alina;Madrid;Comunidad de Madrid;2016;Oct;Animalia;Aves;Fringillidae;Fringilla;Fringilla coelebs;Pinzon vulgar
-3.8;40.417;Monte Alina;Madrid;Comunidad de Madrid;2017;Oct;Animalia;Aves;Fringillidae;Fringilla;Fringilla coelebs;Pinzon vulgar
-3.8;40.417;Monte Alina;Madrid;Comunidad de Madrid;2018;Oct;Animalia;Aves;Fringillidae;Fringilla;Fringilla coelebs;Pinzon vulgar
-3.8;40.417;Monte Alina;Madrid;Comunidad de Madrid;2019;Oct;Animalia;Aves;Fringillidae;Fringilla;Fringilla coelebs;Pinzon vulgar
-3.749;40.488;Monte de El Pardo;Madrid;Comunidad de Madrid;2015;Oct;Animalia;Aves;Fringillidae;Fringilla;Fringilla coelebs;Common Chaffinch
-3.797;40.549;Monte de El Pardo;Madrid;Comunidad de Madrid;2017;Feb;Animalia;Aves;Anatidae;Tadorna;Tadorna tadorna;Common Shelduck
-3.797;40.549;Monte de El Pardo;Madrid;Comunidad de Madrid;2017;Feb;Animalia;Aves;Podicipedidae;Podiceps;Podiceps nigricollis;Eared Grebe
-3.789;40.535;Monte de El Pardo--Mingorrubio;Madrid;Comunidad de Madrid;2012;Oct;Animalia;Aves;Fringillidae;Fringilla;Fringilla coelebs;Common Chaffinch
-3.789;40.535;Monte de El Pardo--Mingorrubio;Madrid;Comunidad de Madrid;2013;Oct;Animalia;Aves;Fringillidae;Fringilla;Fringilla coelebs;Common Chaffinch
-3.789;40.535;Monte de El Pardo--Mingorrubio;Madrid;Comunidad de Madrid;2013;Nov;Animalia;Aves;Upupidae;Upupa;Upupa epops;Eurasian Hoopoe
-3.789;40.535;Monte de El Pardo--Mingorrubio;Madrid;Comunidad de Madrid;2017;Oct;Animalia;Aves;Ardeidae;Ixobrychus;Ixobrychus minutus;Little Bittern
-3.789;40.535;Monte de El Pardo--Mingorrubio;Madrid;Comunidad de Madrid;2018;Oct;Animalia;Aves;Ardeidae;Ixobrychus;Ixobrychus minutus;Little Bittern
-3.789;40.535;Monte de El Pardo--Mingorrubio;Madrid;Comunidad de Madrid;2018;Oct;Animalia;Aves;Podicipedidae;Tachybaptus;Tachybaptus ruficollis;Little Grebe
-4.025;40.723;Navacerrada, Dehesa de la ermita de San Antonio;Madrid;Comunidad de Madrid;2015;Oct;Animalia;Aves;Fringillidae;Fringilla;Fringilla coelebs;Common Chaffinch
-4.267;40.383;Navas del Rey;Madrid;Comunidad de Madrid;2018;Oct;Animalia;Aves;Fringillidae;Fringilla;Fringilla coelebs;Pinzon vulgar
-4.267;40.383;Navas del Rey;Madrid;Comunidad de Madrid;2019;Oct;Animalia;Aves;Fringillidae;Fringilla;Fringilla coelebs;Pinzon vulgar
-5.402;36.243;Pinar del Rey;Madrid;Comunidad de Madrid;2010;Apr;Animalia;Amphibia;Bufonidae;Bufo;Bufo spinosus;Spiny Toad
-4.316;43.378;Ria de la Rabia;Madrid;Comunidad de Madrid;2001;Oct;Animalia;Aves;Fringillidae;Fringilla;Fringilla coelebs;Common Chaffinch
-4.033;43.434;Ria de Suances ;Madrid;Comunidad de Madrid;2000;Oct;Animalia;Aves;Podicipedidae;Tachybaptus;Tachybaptus ruficollis;Zampullin comun
-3.436;40.455;Rio Henares (Tramo Limite provincial Guadalajara-Mejorada) ;Madrid;Comunidad de Madrid;2004;Oct;Animalia;Aves;Podicipedidae;Tachybaptus;Tachybaptus ruficollis;Zampullin comun
-3.541;40.262;Rio Jarama-distintos tramos ;Madrid;Comunidad de Madrid;2000;Oct;Animalia;Aves;Podicipedidae;Tachybaptus;Tachybaptus ruficollis;Zampullin comun
-3.541;40.262;Rio Jarama-distintos tramos ;Madrid;Comunidad de Madrid;2001;Oct;Animalia;Aves;Podicipedidae;Tachybaptus;Tachybaptus ruficollis;Zampullin comun
-3.541;40.262;Rio Jarama-distintos tramos ;Madrid;Comunidad de Madrid;2003;Oct;Animalia;Aves;Podicipedidae;Tachybaptus;Tachybaptus ruficollis;Zampullin comun
-3.541;40.262;Rio Jarama-distintos tramos ;Madrid;Comunidad de Madrid;2004;Oct;Animalia;Aves;Podicipedidae;Tachybaptus;Tachybaptus ruficollis;Zampullin comun
-3.68;40.019;Rio Tajo, tramo inferior Aranjuez ;Madrid;Comunidad de Madrid;2000;Oct;Animalia;Aves;Ardeidae;Nycticorax;Nycticorax nycticorax;Martinete comun
-3.68;40.019;Rio Tajo, tramo inferior Aranjuez ;Madrid;Comunidad de Madrid;2000;Oct;Animalia;Aves;Podicipedidae;Tachybaptus;Tachybaptus ruficollis;Zampullin comun
-3.68;40.019;Rio Tajo, tramo inferior Aranjuez ;Madrid;Comunidad de Madrid;2001;Oct;Animalia;Aves;Ardeidae;Nycticorax;Nycticorax nycticorax;Martinete comun
-3.68;40.019;Rio Tajo, tramo inferior Aranjuez ;Madrid;Comunidad de Madrid;2001;Oct;Animalia;Aves;Podicipedidae;Tachybaptus;Tachybaptus ruficollis;Zampullin comun
-3.68;40.019;Rio Tajo, tramo inferior Aranjuez ;Madrid;Comunidad de Madrid;2003;Oct;Animalia;Aves;Ardeidae;Nycticorax;Nycticorax nycticorax;Martinete comun
-3.68;40.019;Rio Tajo, tramo inferior Aranjuez ;Madrid;Comunidad de Madrid;2003;Oct;Animalia;Aves;Podicipedidae;Tachybaptus;Tachybaptus ruficollis;Zampullin comun
-3.68;40.019;Rio Tajo, tramo inferior Aranjuez ;Madrid;Comunidad de Madrid;2004;Oct;Animalia;Aves;Podicipedidae;Tachybaptus;Tachybaptus ruficollis;Zampullin comun
-3.56;40.046;Rio Tajo, tramo superior Aranjuez ;Madrid;Comunidad de Madrid;2003;Oct;Animalia;Aves;Podicipedidae;Tachybaptus;Tachybaptus ruficollis;Zampullin comun
-3.56;40.046;Rio Tajo, tramo superior Aranjuez ;Madrid;Comunidad de Madrid;2004;Oct;Animalia;Aves;Podicipedidae;Tachybaptus;Tachybaptus ruficollis;Zampullin comun
-3.528;40.322;Rivas-Vaciamadrid;Madrid;Comunidad de Madrid;2018;May;Animalia;Amphibia;Bufonidae;Bufo;Bufo spinosus;Spiny Toad
-4.498;40.307;Rozas de Puerto Real;Madrid;Comunidad de Madrid;2017;May;Animalia;Amphibia;Salamandridae;Lissotriton;Lissotriton boscai;Bosca's Newt
-4.498;40.307;Rozas de Puerto Real;Madrid;Comunidad de Madrid;2018;May;Animalia;Amphibia;Salamandridae;Lissotriton;Lissotriton boscai;Bosca's Newt
-3.685;40.851;Bustarviejo;Madrid;Comunidad de Madrid;2018;Apr;Animalia;Amphibia;Salamandridae;Triturus;Triturus marmoratus;Marbled Newt
-3.685;40.851;Bustarviejo;Madrid;Comunidad de Madrid;2018;Apr;Animalia;Amphibia;Salamandridae;Pleurodeles;Pleurodeles waltl;Spanish Ribbed Newt
-3.682;40.853;Bustarviejo;Madrid;Comunidad de Madrid;2018;Apr;Animalia;Amphibia;Hylidae;Hyla;Hyla molleri;Iberian Tree Frog
-3.682;40.853;Bustarviejo;Madrid;Comunidad de Madrid;2018;Apr;Animalia;Amphibia;Bufonidae;Bufo;Bufo spinosus;Spiny Toad
-3.724;40.854;Bustarviejo;Madrid;Comunidad de Madrid;2020;Feb;Animalia;Amphibia;Salamandridae;Triturus;Triturus marmoratus;Marbled Newt
-3.724;40.854;Bustarviejo;Madrid;Comunidad de Madrid;2020;Feb;Animalia;Amphibia;Salamandridae;Pleurodeles;Pleurodeles waltl;Spanish Ribbed Newt
-3.75;40.85;Bustarviejo;Madrid;Comunidad de Madrid;2019;Oct;Animalia;Mammalia;Canidae;Vulpes;Vulpes vulpes;Red Fox
-3.755;40.872;Canencia;Madrid;Comunidad de Madrid;2019;Mar;Animalia;Amphibia;Hylidae;Hyla;Hyla molleri;Iberian Tree Frog
-3.439;40.438;Cerro Gordo, S. Fernando de Henares ;Madrid;Comunidad de Madrid;2005;Oct;Animalia;Aves;Podicipedidae;Tachybaptus;Tachybaptus ruficollis;Zampullin comun
-3.439;40.438;Cerro Gordo, S. Fernando de Henares ;Madrid;Comunidad de Madrid;2006;Oct;Animalia;Aves;Podicipedidae;Tachybaptus;Tachybaptus ruficollis;Zampullin comun
-3.439;40.438;Cerro Gordo, S. Fernando de Henares ;Madrid;Comunidad de Madrid;2008;Oct;Animalia;Aves;Podicipedidae;Tachybaptus;Tachybaptus ruficollis;Zampullin comun
-3.439;40.438;Cerro Gordo, S. Fernando de Henares ;Madrid;Comunidad de Madrid;2009;Oct;Animalia;Aves;Podicipedidae;Tachybaptus;Tachybaptus ruficollis;Zampullin comun
-3.439;40.438;Cerro Gordo, S. Fernando de Henares ;Madrid;Comunidad de Madrid;2010;Oct;Animalia;Aves;Ardeidae;Ixobrychus;Ixobrychus minutus;Avetorillo comun
-3.439;40.438;Cerro Gordo, S. Fernando de Henares ;Madrid;Comunidad de Madrid;2010;Oct;Animalia;Aves;Podicipedidae;Tachybaptus;Tachybaptus ruficollis;Zampullin comun
-3.439;40.438;Cerro Gordo, S. Fernando de Henares ;Madrid;Comunidad de Madrid;2011;Oct;Animalia;Aves;Podicipedidae;Tachybaptus;Tachybaptus ruficollis;Zampullin comun
-3.439;40.438;Cerro Gordo, S. Fernando de Henares ;Madrid;Comunidad de Madrid;2012;Oct;Animalia;Aves;Podicipedidae;Tachybaptus;Tachybaptus ruficollis;Zampullin comun
-3.439;40.438;Cerro Gordo, S. Fernando de Henares ;Madrid;Comunidad de Madrid;2013;Oct;Animalia;Aves;Podicipedidae;Tachybaptus;Tachybaptus ruficollis;Zampullin comun
-3.997;40.618;Collado Villalba, Las Suertes - Rio Guadarrama;Madrid;Comunidad de Madrid;2015;Oct;Animalia;Aves;Podicipedidae;Tachybaptus;Tachybaptus ruficollis;Little Grebe
-3.997;40.618;Collado Villalba, Las Suertes - Rio Guadarrama;Madrid;Comunidad de Madrid;2017;Oct;Animalia;Aves;Podicipedidae;Tachybaptus;Tachybaptus ruficollis;Little Grebe
-3.837;40.726;Cuenca alta del Manzanares PNat--Emb. Santillana;Madrid;Comunidad de Madrid;2016;Feb;Animalia;Aves;Podicipedidae;Podiceps;Podiceps nigricollis;Eared Grebe
-3.837;40.726;Cuenca alta del Manzanares PNat--Emb. Santillana;Madrid;Comunidad de Madrid;2016;Oct;Animalia;Aves;Podicipedidae;Tachybaptus;Tachybaptus ruficollis;Little Grebe
-3.837;40.726;Cuenca alta del Manzanares PNat--Emb. Santillana;Madrid;Comunidad de Madrid;2017;Oct;Animalia;Aves;Podicipedidae;Tachybaptus;Tachybaptus ruficollis;Little Grebe
-3.837;40.726;Cuenca alta del Manzanares PNat--Emb. Santillana;Madrid;Comunidad de Madrid;2018;Sep;Animalia;Aves;Anatidae;Anas;Mareca penelope;Eurasian Wigeon
-3.869;40.718;Cuenca Alta Manzanares PNat--Aryo. Samburiel, emb. Santillana;Madrid;Comunidad de Madrid;2018;Oct;Animalia;Aves;Ardeidae;Ardea;Ardea alba;Great Egret
-3.869;40.718;Cuenca Alta Manzanares PNat--Aryo. Samburiel, emb. Santillana;Madrid;Comunidad de Madrid;2019;Feb;Animalia;Aves;Podicipedidae;Podiceps;Podiceps nigricollis;Eared Grebe
-3.869;40.718;Cuenca Alta Manzanares PNat--Aryo. Samburiel, emb. Santillana;Madrid;Comunidad de Madrid;2019;Oct;Animalia;Aves;Podicipedidae;Tachybaptus;Tachybaptus ruficollis;Little Grebe
-3.796;40.936;Embalse de  Pinilla ;Madrid;Comunidad de Madrid;2005;Feb;Animalia;Aves;Podicipedidae;Podiceps;Podiceps cristatus;Somormujo lavanco
-3.796;40.936;Embalse de  Pinilla ;Madrid;Comunidad de Madrid;2006;Feb;Animalia;Aves;Podicipedidae;Podiceps;Podiceps cristatus;Somormujo lavanco
-3.796;40.936;Embalse de  Pinilla ;Madrid;Comunidad de Madrid;2007;Feb;Animalia;Aves;Podicipedidae;Podiceps;Podiceps cristatus;Somormujo lavanco
-3.796;40.936;Embalse de  Pinilla ;Madrid;Comunidad de Madrid;2008;Feb;Animalia;Aves;Podicipedidae;Podiceps;Podiceps cristatus;Somormujo lavanco
-3.796;40.936;Embalse de  Pinilla ;Madrid;Comunidad de Madrid;2009;Feb;Animalia;Aves;Podicipedidae;Podiceps;Podiceps cristatus;Somormujo lavanco
-3.796;40.936;Embalse de  Pinilla ;Madrid;Comunidad de Madrid;2010;Feb;Animalia;Aves;Podicipedidae;Podiceps;Podiceps cristatus;Somormujo lavanco
-3.796;40.936;Embalse de  Pinilla ;Madrid;Comunidad de Madrid;2013;Feb;Animalia;Aves;Podicipedidae;Podiceps;Podiceps cristatus;Somormujo lavanco
-16.781;28.174;Embalse de Abama;Madrid;Comunidad de Madrid;2016;Oct;Animalia;Aves;Phasianidae;Alectoris;Alectoris barbara;Barbary Partridge
-6.864;39.688;Embalse de Abastecimiento Alcantara ;Madrid;Comunidad de Madrid;2007;Feb;Animalia;Aves;Podicipedidae;Podiceps;Podiceps cristatus;Somormujo lavanco
-3.652;40.775;Embalse de El Vellon ;Madrid;Comunidad de Madrid;2005;Feb;Animalia;Aves;Podicipedidae;Podiceps;Podiceps cristatus;Somormujo lavanco
-3.652;40.775;Embalse de El Vellon ;Madrid;Comunidad de Madrid;2005;Feb;Animalia;Aves;Podicipedidae;Podiceps;Podiceps nigricollis;Zampullin cuellinegro
-3.652;40.775;Embalse de El Vellon ;Madrid;Comunidad de Madrid;2005;Oct;Animalia;Aves;Podicipedidae;Tachybaptus;Tachybaptus ruficollis;Zampullin comun
-3.652;40.775;Embalse de El Vellon ;Madrid;Comunidad de Madrid;2006;Feb;Animalia;Aves;Podicipedidae;Podiceps;Podiceps cristatus;Somormujo lavanco
-3.652;40.775;Embalse de El Vellon ;Madrid;Comunidad de Madrid;2007;Feb;Animalia;Aves;Podicipedidae;Podiceps;Podiceps cristatus;Somormujo lavanco
-3.652;40.775;Embalse de El Vellon ;Madrid;Comunidad de Madrid;2007;Feb;Animalia;Aves;Podicipedidae;Podiceps;Podiceps nigricollis;Zampullin cuellinegro
-3.652;40.775;Embalse de El Vellon ;Madrid;Comunidad de Madrid;2007;Oct;Animalia;Aves;Podicipedidae;Tachybaptus;Tachybaptus ruficollis;Zampullin comun
-3.652;40.775;Embalse de El Vellon ;Madrid;Comunidad de Madrid;2008;Feb;Animalia;Aves;Podicipedidae;Podiceps;Podiceps cristatus;Somormujo lavanco
-3.652;40.775;Embalse de El Vellon ;Madrid;Comunidad de Madrid;2008;Feb;Animalia;Aves;Podicipedidae;Podiceps;Podiceps nigricollis;Zampullin cuellinegro
-3.652;40.775;Embalse de El Vellon ;Madrid;Comunidad de Madrid;2008;Oct;Animalia;Aves;Podicipedidae;Tachybaptus;Tachybaptus ruficollis;Zampullin comun
-3.652;40.775;Embalse de El Vellon ;Madrid;Comunidad de Madrid;2009;Feb;Animalia;Aves;Podicipedidae;Podiceps;Podiceps cristatus;Somormujo lavanco
-3.652;40.775;Embalse de El Vellon ;Madrid;Comunidad de Madrid;2009;Oct;Animalia;Aves;Podicipedidae;Tachybaptus;Tachybaptus ruficollis;Zampullin comun
-3.652;40.775;Embalse de El Vellon ;Madrid;Comunidad de Madrid;2010;Feb;Animalia;Aves;Podicipedidae;Podiceps;Podiceps cristatus;Somormujo lavanco
-3.652;40.775;Embalse de El Vellon ;Madrid;Comunidad de Madrid;2010;Oct;Animalia;Aves;Podicipedidae;Tachybaptus;Tachybaptus ruficollis;Zampullin comun
-3.652;40.775;Embalse de El Vellon ;Madrid;Comunidad de Madrid;2011;Feb;Animalia;Aves;Podicipedidae;Podiceps;Podiceps cristatus;Somormujo lavanco
-3.652;40.775;Embalse de El Vellon ;Madrid;Comunidad de Madrid;2011;Oct;Animalia;Aves;Podicipedidae;Tachybaptus;Tachybaptus ruficollis;Zampullin comun
-3.652;40.775;Embalse de El Vellon ;Madrid;Comunidad de Madrid;2012;Feb;Animalia;Aves;Podicipedidae;Podiceps;Podiceps cristatus;Somormujo lavanco
-3.652;40.775;Embalse de El Vellon ;Madrid;Comunidad de Madrid;2013;Feb;Animalia;Aves;Podicipedidae;Podiceps;Podiceps cristatus;Somormujo lavanco
-3.652;40.775;Embalse de El Vellon ;Madrid;Comunidad de Madrid;2015;Oct;Animalia;Aves;Threskiornithidae;Platalea;Platalea leucorodia;Espatula comun
-3.652;40.775;Embalse de El Vellon ;Madrid;Comunidad de Madrid;2015;Oct;Animalia;Aves;Podicipedidae;Tachybaptus;Tachybaptus ruficollis;Zampullin comun
-3.652;40.775;Embalse de El Vellon ;Madrid;Comunidad de Madrid;2016;Feb;Animalia;Aves;Podicipedidae;Podiceps;Podiceps cristatus;Somormujo lavanco
-3.652;40.775;Embalse de El Vellon ;Madrid;Comunidad de Madrid;2016;Oct;Animalia;Aves;Podicipedidae;Tachybaptus;Tachybaptus ruficollis;Zampullin comun
-4.12;40.67;Embalse de La Jarosa ;Madrid;Comunidad de Madrid;2005;Feb;Animalia;Aves;Podicipedidae;Podiceps;Podiceps cristatus;Somormujo lavanco
-4.12;40.67;Embalse de La Jarosa ;Madrid;Comunidad de Madrid;2005;Feb;Animalia;Aves;Podicipedidae;Podiceps;Podiceps nigricollis;Zampullin cuellinegro
-4.12;40.67;Embalse de La Jarosa ;Madrid;Comunidad de Madrid;2005;Oct;Animalia;Aves;Podicipedidae;Tachybaptus;Tachybaptus ruficollis;Zampullin comun
-4.12;40.67;Embalse de La Jarosa ;Madrid;Comunidad de Madrid;2006;Feb;Animalia;Aves;Podicipedidae;Podiceps;Podiceps cristatus;Somormujo lavanco
-4.12;40.67;Embalse de La Jarosa ;Madrid;Comunidad de Madrid;2006;Feb;Animalia;Aves;Podicipedidae;Podiceps;Podiceps nigricollis;Zampullin cuellinegro
-4.12;40.67;Embalse de La Jarosa ;Madrid;Comunidad de Madrid;2006;Oct;Animalia;Aves;Podicipedidae;Tachybaptus;Tachybaptus ruficollis;Zampullin comun
-4.12;40.67;Embalse de La Jarosa ;Madrid;Comunidad de Madrid;2007;Feb;Animalia;Aves;Podicipedidae;Podiceps;Podiceps cristatus;Somormujo lavanco
-4.12;40.67;Embalse de La Jarosa ;Madrid;Comunidad de Madrid;2007;Oct;Animalia;Aves;Podicipedidae;Tachybaptus;Tachybaptus ruficollis;Zampullin comun
-4.12;40.67;Embalse de La Jarosa ;Madrid;Comunidad de Madrid;2008;Feb;Animalia;Aves;Podicipedidae;Podiceps;Podiceps cristatus;Somormujo lavanco
-4.12;40.67;Embalse de La Jarosa ;Madrid;Comunidad de Madrid;2008;Oct;Animalia;Aves;Podicipedidae;Tachybaptus;Tachybaptus ruficollis;Zampullin comun
-4.12;40.67;Embalse de La Jarosa ;Madrid;Comunidad de Madrid;2009;Feb;Animalia;Aves;Podicipedidae;Podiceps;Podiceps cristatus;Somormujo lavanco
-4.12;40.67;Embalse de La Jarosa ;Madrid;Comunidad de Madrid;2009;Feb;Animalia;Aves;Podicipedidae;Podiceps;Podiceps nigricollis;Zampullin cuellinegro
-4.12;40.67;Embalse de La Jarosa ;Madrid;Comunidad de Madrid;2009;Oct;Animalia;Aves;Podicipedidae;Tachybaptus;Tachybaptus ruficollis;Zampullin comun
-4.12;40.67;Embalse de La Jarosa ;Madrid;Comunidad de Madrid;2010;Feb;Animalia;Aves;Podicipedidae;Podiceps;Podiceps cristatus;Somormujo lavanco
-4.12;40.67;Embalse de La Jarosa ;Madrid;Comunidad de Madrid;2011;Feb;Animalia;Aves;Podicipedidae;Podiceps;Podiceps cristatus;Somormujo lavanco
-4.12;40.67;Embalse de La Jarosa ;Madrid;Comunidad de Madrid;2011;Oct;Animalia;Aves;Podicipedidae;Tachybaptus;Tachybaptus ruficollis;Zampullin comun
-4.12;40.67;Embalse de La Jarosa ;Madrid;Comunidad de Madrid;2012;Feb;Animalia;Aves;Podicipedidae;Podiceps;Podiceps cristatus;Somormujo lavanco
-4.12;40.67;Embalse de La Jarosa ;Madrid;Comunidad de Madrid;2013;Feb;Animalia;Aves;Podicipedidae;Podiceps;Podiceps cristatus;Somormujo lavanco
-4.12;40.67;Embalse de La Jarosa ;Madrid;Comunidad de Madrid;2013;Oct;Animalia;Aves;Podicipedidae;Tachybaptus;Tachybaptus ruficollis;Zampullin comun
-4.12;40.67;Embalse de La Jarosa ;Madrid;Comunidad de Madrid;2015;Feb;Animalia;Aves;Podicipedidae;Podiceps;Podiceps cristatus;Somormujo lavanco
-4.12;40.67;Embalse de La Jarosa ;Madrid;Comunidad de Madrid;2015;Oct;Animalia;Aves;Podicipedidae;Tachybaptus;Tachybaptus ruficollis;Zampullin comun
-4.12;40.67;Embalse de La Jarosa ;Madrid;Comunidad de Madrid;2016;Feb;Animalia;Aves;Podicipedidae;Podiceps;Podiceps cristatus;Somormujo lavanco
-4.12;40.67;Embalse de La Jarosa ;Madrid;Comunidad de Madrid;2016;Oct;Animalia;Aves;Podicipedidae;Tachybaptus;Tachybaptus ruficollis;Zampullin comun
-3.666;40.778;Embalse de Pedrezuela, Guadalix de la Sierra;Madrid;Comunidad de Madrid;2016;Sep;Animalia;Aves;Anatidae;Anas;Mareca penelope;Eurasian Wigeon
-3.666;40.778;Embalse de Pedrezuela, Guadalix de la Sierra;Madrid;Comunidad de Madrid;2017;Feb;Animalia;Aves;Anatidae;Tadorna;Tadorna tadorna;Common Shelduck
-3.666;40.778;Embalse de Pedrezuela, Guadalix de la Sierra;Madrid;Comunidad de Madrid;2017;Feb;Animalia;Aves;Podicipedidae;Podiceps;Podiceps nigricollis;Eared Grebe
-3.666;40.778;Embalse de Pedrezuela, Guadalix de la Sierra;Madrid;Comunidad de Madrid;2018;Oct;Animalia;Aves;Podicipedidae;Tachybaptus;Tachybaptus ruficollis;Little Grebe
-3.666;40.778;Embalse de Pedrezuela, Guadalix de la Sierra;Madrid;Comunidad de Madrid;2018;Oct;Animalia;Aves;Ardeidae;Ardea;Ardea alba;Great Egret
-3.666;40.778;Embalse de Pedrezuela, Guadalix de la Sierra;Madrid;Comunidad de Madrid;2019;Oct;Animalia;Aves;Ardeidae;Ardea;Ardea alba;Great Egret
-4.26;40.339;Embalse de Picadas ;Madrid;Comunidad de Madrid;2006;Feb;Animalia;Aves;Podicipedidae;Podiceps;Podiceps cristatus;Somormujo lavanco
-4.26;40.339;Embalse de Picadas ;Madrid;Comunidad de Madrid;2007;Feb;Animalia;Aves;Podicipedidae;Podiceps;Podiceps cristatus;Somormujo lavanco
-4.26;40.339;Embalse de Picadas ;Madrid;Comunidad de Madrid;2008;Feb;Animalia;Aves;Podicipedidae;Podiceps;Podiceps cristatus;Somormujo lavanco
-4.26;40.339;Embalse de Picadas ;Madrid;Comunidad de Madrid;2009;Oct;Animalia;Aves;Podicipedidae;Tachybaptus;Tachybaptus ruficollis;Zampullin comun
-4.26;40.339;Embalse de Picadas ;Madrid;Comunidad de Madrid;2010;Feb;Animalia;Aves;Podicipedidae;Podiceps;Podiceps cristatus;Somormujo lavanco
-4.26;40.339;Embalse de Picadas ;Madrid;Comunidad de Madrid;2010;Oct;Animalia;Aves;Podicipedidae;Tachybaptus;Tachybaptus ruficollis;Zampullin comun
-3.841;40.733;Embalse de Santillana;Madrid;Comunidad de Madrid;2013;Oct;Animalia;Aves;Fringillidae;Fringilla;Fringilla coelebs;Common Chaffinch
-3.841;40.733;Embalse de Santillana;Madrid;Comunidad de Madrid;2013;Feb;Animalia;Aves;Podicipedidae;Podiceps;Podiceps nigricollis;Eared Grebe
-3.87;40.718;Embalse de Santillana;Madrid;Comunidad de Madrid;2016;Nov;Animalia;Aves;Upupidae;Upupa;Upupa epops;Eurasian Hoopoe
-3.87;40.718;Embalse de Santillana;Madrid;Comunidad de Madrid;2016;Feb;Animalia;Aves;Podicipedidae;Podiceps;Podiceps cristatus;Great Crested Grebe
-3.87;40.718;Embalse de Santillana;Madrid;Comunidad de Madrid;2016;Oct;Animalia;Aves;Ardeidae;Ardea;Ardea alba;Great Egret
-3.829;40.729;Embalse de Santillana ;Madrid;Comunidad de Madrid;2005;Feb;Animalia;Aves;Podicipedidae;Podiceps;Podiceps cristatus;Somormujo lavanco
-3.829;40.729;Embalse de Santillana ;Madrid;Comunidad de Madrid;2005;Feb;Animalia;Aves;Podicipedidae;Podiceps;Podiceps nigricollis;Zampullin cuellinegro
-3.829;40.729;Embalse de Santillana ;Madrid;Comunidad de Madrid;2006;Feb;Animalia;Aves;Podicipedidae;Podiceps;Podiceps cristatus;Somormujo lavanco
-3.829;40.729;Embalse de Santillana ;Madrid;Comunidad de Madrid;2006;Feb;Animalia;Aves;Podicipedidae;Podiceps;Podiceps nigricollis;Zampullin cuellinegro
-3.829;40.729;Embalse de Santillana ;Madrid;Comunidad de Madrid;2006;Oct;Animalia;Aves;Podicipedidae;Tachybaptus;Tachybaptus ruficollis;Zampullin comun
-3.829;40.729;Embalse de Santillana ;Madrid;Comunidad de Madrid;2007;Feb;Animalia;Aves;Podicipedidae;Podiceps;Podiceps cristatus;Somormujo lavanco
-3.829;40.729;Embalse de Santillana ;Madrid;Comunidad de Madrid;2008;Feb;Animalia;Aves;Podicipedidae;Podiceps;Podiceps cristatus;Somormujo lavanco
-3.829;40.729;Embalse de Santillana ;Madrid;Comunidad de Madrid;2008;Feb;Animalia;Aves;Podicipedidae;Podiceps;Podiceps nigricollis;Zampullin cuellinegro
-3.829;40.729;Embalse de Santillana ;Madrid;Comunidad de Madrid;2008;Oct;Animalia;Aves;Podicipedidae;Tachybaptus;Tachybaptus ruficollis;Zampullin comun
-3.829;40.729;Embalse de Santillana ;Madrid;Comunidad de Madrid;2009;Feb;Animalia;Aves;Podicipedidae;Podiceps;Podiceps cristatus;Somormujo lavanco
-3.829;40.729;Embalse de Santillana ;Madrid;Comunidad de Madrid;2010;Feb;Animalia;Aves;Podicipedidae;Podiceps;Podiceps cristatus;Somormujo lavanco
-3.829;40.729;Embalse de Santillana ;Madrid;Comunidad de Madrid;2011;Feb;Animalia;Aves;Podicipedidae;Podiceps;Podiceps cristatus;Somormujo lavanco
-3.829;40.729;Embalse de Santillana ;Madrid;Comunidad de Madrid;2011;Feb;Animalia;Aves;Podicipedidae;Podiceps;Podiceps nigricollis;Zampullin cuellinegro
-3.829;40.729;Embalse de Santillana ;Madrid;Comunidad de Madrid;2013;Feb;Animalia;Aves;Podicipedidae;Podiceps;Podiceps cristatus;Somormujo lavanco
-3.829;40.729;Embalse de Santillana ;Madrid;Comunidad de Madrid;2013;Feb;Animalia;Aves;Anatidae;Tadorna;Tadorna tadorna;Tarro blanco
-3.829;40.729;Embalse de Santillana ;Madrid;Comunidad de Madrid;2013;Feb;Animalia;Aves;Podicipedidae;Podiceps;Podiceps nigricollis;Zampullin cuellinegro
-3.829;40.729;Embalse de Santillana ;Madrid;Comunidad de Madrid;2016;Feb;Animalia;Aves;Podicipedidae;Podiceps;Podiceps cristatus;Somormujo lavanco
-3.829;40.729;Embalse de Santillana ;Madrid;Comunidad de Madrid;2016;Feb;Animalia;Aves;Podicipedidae;Podiceps;Podiceps nigricollis;Zampullin cuellinegro
-3.829;40.729;Embalse de Santillana ;Madrid;Comunidad de Madrid;2016;Oct;Animalia;Aves;Ardeidae;Ardea;Egretta alba;Garceta grande
-3.829;40.729;Embalse de Santillana ;Madrid;Comunidad de Madrid;2016;Oct;Animalia;Aves;Podicipedidae;Tachybaptus;Tachybaptus ruficollis;Zampullin comun
-3.809;36.75; Acantilados de Maro; Malaga;Andalucia;2016;Oct;Animalia;Reptilia;Chamaeleonidae;Chamaeleo;Chamaeleo chamaeleon;Common Chameleon
-4.777;37.878; alameda; Malaga;Andalucia;2018;Oct;Animalia;Aves;Ardeidae;Nycticorax;Nycticorax nycticorax;Black-crowned Night-Heron
-4.09;36.919; Alcaucin; Malaga;Andalucia;2010;Jun;Animalia;Reptilia;Colubridae;Hemorrhois;Hemorrhois hippocrepis;Horseshoe Whip Snake
-4.518;36.696; Alhaurin de la Torre; Malaga;Andalucia;2015;Feb;Animalia;Reptilia;Colubridae;Hemorrhois;Hemorrhois hippocrepis;Horseshoe Whip Snake
-4.553;36.696; Alhaurin de la Torre; Malaga;Andalucia;2017;May;Animalia;Reptilia;Chamaeleonidae;Chamaeleo;Chamaeleo chamaeleon;Common Chameleon
-4.801;36.93; Ardales; Malaga;Andalucia;2018;Oct;Animalia;Aves;Podicipedidae;Tachybaptus;Tachybaptus ruficollis;Little Grebe
-5.282;36.553; Benarraba; Malaga;Andalucia;2020;Feb;Animalia;Reptilia;Colubridae;Hemorrhois;Hemorrhois hippocrepis;Horseshoe Whip Snake
-5.268;36.546; Benarraba; Malaga;Andalucia;2020;Feb;Animalia;Reptilia;Colubridae;Hemorrhois;Hemorrhois hippocrepis;Horseshoe Whip Snake
-3.842;36.757; Maro; Malaga;Andalucia;2019;Sep;Animalia;Reptilia;Chamaeleonidae;Chamaeleo;Chamaeleo chamaeleon;Common Chameleon
-3.807;36.771; Nerja; Malaga;Andalucia;2016;Dec;Animalia;Reptilia;Chamaeleonidae;Chamaeleo;Chamaeleo chamaeleon;Common Chameleon
-3.865;36.756; Nerja; Malaga;Andalucia;2019;Apr;Animalia;Reptilia;Colubridae;Hemorrhois;Hemorrhois hippocrepis;Horseshoe Whip Snake
-5.201;36.482; Paraje Natural Los Reales de Sierra Bermeja; Malaga;Andalucia;2016;Oct;Animalia;Reptilia;Lacertidae;Timon;Timon lepidus;Ocellated Lizard
-3.769;36.732;Acantilados de Maro; Malaga;Andalucia;2014;Mar;Animalia;Mammalia;Bovidae;Capra;Capra pyrenaica;South-eastern Spanish Ibex
-3.774;36.745;Acantilados de Maro; Malaga;Andalucia;2015;Apr;Animalia;Mammalia;Bovidae;Capra;Capra pyrenaica;Iberian Ibex
-3.766;36.731;Acantilados de Maro; Malaga;Andalucia;2015;Mar;Animalia;Mammalia;Bovidae;Capra;Capra pyrenaica;Iberian Ibex
-3.766;36.731;Acantilados de Maro; Malaga;Andalucia;2016;Oct;Animalia;Mammalia;Bovidae;Capra;Capra pyrenaica;Iberian Ibex
-3.785;36.749;Acantilados de Maro; Malaga;Andalucia;2018;Mar;Animalia;Mammalia;Bovidae;Capra;Capra pyrenaica;Iberian Ibex
-4.068;36.921;Alcaucin; Malaga;Andalucia;2017;Oct;Animalia;Mammalia;Bovidae;Capra;Capra pyrenaica;Iberian Ibex
-4.807;37.636;Antequera; Malaga;Andalucia;2006;Nov;Animalia;Aves;Upupidae;Upupa;Upupa epops;Eurasian Hoopoe
-4.522;36.956;Antequera; Malaga;Andalucia;2020;Feb;Animalia;Amphibia;Bufonidae;Bufo;Bufo spinosus;Spiny Toad
-4.521;36.956;Antequera; Malaga;Andalucia;2020;Feb;Animalia;Amphibia;Bufonidae;Bufo;Bufo spinosus;Spiny Toad
-5.31;36.6;Benadalid; Malaga;Andalucia;2019;Oct;Animalia;Amphibia;Hylidae;Hyla;Hyla meridionalis;Mediterranean Tree Frog
-5.31;36.6;Benadalid; Malaga;Andalucia;2019;Oct;Animalia;Amphibia;Pelodytidae;Pelodytes;Pelodytes ibericus;Iberian Parsley Frog
-5.309;36.607;Benadalid; Malaga;Andalucia;2019;Mar;Animalia;Amphibia;Hylidae;Hyla;Hyla meridionalis;Mediterranean Tree Frog
-5.309;36.608;Benadalid; Malaga;Andalucia;2019;Mar;Animalia;Amphibia;Hylidae;Hyla;Hyla meridionalis;Mediterranean Tree Frog
-5.045;36.532;Benahavis; Malaga;Andalucia;2010;Feb;Animalia;Amphibia;Hylidae;Hyla;Hyla meridionalis;Mediterranean Tree Frog
-5.313;36.595;BenalauRia; Malaga;Andalucia;2018;May;Animalia;Amphibia;Bufonidae;Bufo;Bufo spinosus;Spiny Toad
-5.308;36.602;BenalauRia; Malaga;Andalucia;2020;Mar;Animalia;Amphibia;Pelodytidae;Pelodytes;Pelodytes ibericus;Iberian Parsley Frog
-4.65;36.7;Cartama; Malaga;Andalucia;2007;Jul;Animalia;Mammalia;Mustelidae;Meles;Meles meles;Eurasian Badger
-4.833;37.032;Complejo lacustre de Campillos; Malaga;Andalucia;2002;Sep;Animalia;Aves;Anatidae;Netta;Netta rufina;Pato colorado
-4.833;37.032;Complejo lacustre de Campillos; Malaga;Andalucia;2002;Feb;Animalia;Aves;Podicipedidae;Podiceps;Podiceps nigricollis;Zampullin cuellinegro
-4.833;37.032;Complejo lacustre de Campillos; Malaga;Andalucia;2002;Oct;Animalia;Aves;Podicipedidae;Tachybaptus;Tachybaptus ruficollis;Zampullin comun
-4.455;36.668;Desembocadura del Rio Guadalhorce; Malaga;Andalucia;2002;Feb;Animalia;Aves;Podicipedidae;Podiceps;Podiceps nigricollis;Zampullin cuellinegro
-4.455;36.668;Desembocadura del Rio Guadalhorce; Malaga;Andalucia;2002;Oct;Animalia;Aves;Podicipedidae;Tachybaptus;Tachybaptus ruficollis;Zampullin comun
-4.455;36.668;Desembocadura del Rio Guadalhorce; Malaga;Andalucia;2003;Feb;Animalia;Aves;Podicipedidae;Podiceps;Podiceps nigricollis;Zampullin cuellinegro
-4.455;36.668;Desembocadura del Rio Guadalhorce; Malaga;Andalucia;2003;Oct;Animalia;Aves;Podicipedidae;Tachybaptus;Tachybaptus ruficollis;Zampullin comun
-4.455;36.668;Desembocadura del Rio Guadalhorce; Malaga;Andalucia;2004;Feb;Animalia;Aves;Podicipedidae;Podiceps;Podiceps cristatus;Somormujo lavanco
-4.455;36.668;Desembocadura del Rio Guadalhorce; Malaga;Andalucia;2004;Oct;Animalia;Aves;Threskiornithidae;Platalea;Platalea leucorodia;Espatula comun
-4.455;36.668;Desembocadura del Rio Guadalhorce; Malaga;Andalucia;2004;Feb;Animalia;Aves;Podicipedidae;Podiceps;Podiceps nigricollis;Zampullin cuellinegro
-4.455;36.668;Desembocadura del Rio Guadalhorce; Malaga;Andalucia;2004;Oct;Animalia;Aves;Podicipedidae;Tachybaptus;Tachybaptus ruficollis;Zampullin comun
-5;36.6;Istan; Malaga;Andalucia;2007;Jul;Animalia;Mammalia;Mustelidae;Meles;Meles meles;Eurasian Badger
-4.826;37.024;Laguna de Capacete; Malaga;Andalucia;2004;Oct;Animalia;Aves;Podicipedidae;Tachybaptus;Tachybaptus ruficollis;Zampullin comun
-4.762;37.119;Laguna de Fuente de Piedra; Malaga;Andalucia;2002;Feb;Animalia;Aves;Anatidae;Tadorna;Tadorna tadorna;Tarro blanco
-4.762;37.119;Laguna de Fuente de Piedra; Malaga;Andalucia;2003;Feb;Animalia;Aves;Anatidae;Tadorna;Tadorna tadorna;Tarro blanco
-4.762;37.119;Laguna de Fuente de Piedra; Malaga;Andalucia;2004;Feb;Animalia;Aves;Anatidae;Tadorna;Tadorna tadorna;Tarro blanco
-4.302;37.11;Laguna Grande de Archidona; Malaga;Andalucia;2003;Oct;Animalia;Aves;Podicipedidae;Tachybaptus;Tachybaptus ruficollis;Zampullin comun
-4.302;37.11;Laguna Grande de Archidona; Malaga;Andalucia;2004;Oct;Animalia;Aves;Podicipedidae;Tachybaptus;Tachybaptus ruficollis;Zampullin comun
-4.302;37.109;Lagunas de Archidona; Malaga;Andalucia;2002;Oct;Animalia;Aves;Podicipedidae;Tachybaptus;Tachybaptus ruficollis;Zampullin comun
-4.833;37.049;Lagunas de Campillos; Malaga;Andalucia;2015;May;Animalia;Mammalia;Mustelidae;Meles;Meles meles;Eurasian Badger
-4.424;36.718;Malaga; Malaga;Andalucia;2002;Nov;Animalia;Aves;Upupidae;Upupa;Upupa epops;Eurasian Hoopoe
-4.417;36.95;Malaga; Malaga;Andalucia;2015;Apr;Animalia;Mammalia;Bovidae;Capra;Capra pyrenaica;Iberian Ibex
-4.312;36.782;Malaga; Malaga;Andalucia;2011;Mar;Animalia;Amphibia;Bufonidae;Bufo;Bufo spinosus;Spiny Toad
-3.953;36.811;Malaga; Malaga;Andalucia;2014;Mar;Animalia;Amphibia;Bufonidae;Bufo;Bufo spinosus;Spiny Toad
-4.324;36.851;Malaga; Malaga;Andalucia;2018;Jul;Animalia;Amphibia;Bufonidae;Bufo;Bufo spinosus;Spiny Toad
-5.233;36.37;Manilva; Malaga;Andalucia;2019;Feb;Animalia;Mammalia;Mustelidae;Meles;Meles meles;Eurasian Badger
-4.64;36.598;Mijas; Malaga;Andalucia;2019;Feb;Animalia;Mammalia;Bovidae;Capra;Capra pyrenaica;Iberian Ibex
-4.85;36.6;Monda; Malaga;Andalucia;2007;Jul;Animalia;Mammalia;Mustelidae;Meles;Meles meles;Eurasian Badger
-5.253;36.748;Montejaque; Malaga;Andalucia;2010;Sep;Animalia;Amphibia;Hylidae;Hyla;Hyla meridionalis;Mediterranean Tree Frog
-5.297;36.754;Montejaque; Malaga;Andalucia;2018;Mar;Animalia;Amphibia;Hylidae;Hyla;Hyla meridionalis;Mediterranean Tree Frog
-5.291;36.754;Montejaque; Malaga;Andalucia;2018;Mar;Animalia;Amphibia;Hylidae;Hyla;Hyla meridionalis;Mediterranean Tree Frog
-5.295;36.709;Montejaque; Malaga;Andalucia;2010;Jul;Animalia;Mammalia;Bovidae;Capra;Capra pyrenaica;Iberian Ibex
-5.3;36.7;Montejaque; Malaga;Andalucia;2019;Oct;Animalia;Mammalia;Canidae;Vulpes;Vulpes vulpes;Red Fox
-4.417;36.767;MONTES DE MALAGA; Malaga;Andalucia;2004;Oct;Animalia;Aves;Fringillidae;Fringilla;Fringilla coelebs;Pinzon vulgar
-4.389;36.818;Montes de Malaga; Malaga;Andalucia;2011;Mar;Animalia;Amphibia;Bufonidae;Bufo;Bufo spinosus;Spiny Toad
-4.385;36.824;Montes de Malaga PNat--Area General; Malaga;Andalucia;2014;Oct;Animalia;Aves;Fringillidae;Fringilla;Fringilla coelebs;Common Chaffinch
-4.385;36.824;Montes de Malaga PNat--Area General; Malaga;Andalucia;2014;Oct;Animalia;Aves;Fringillidae;Loxia;Loxia curvirostra;Red Crossbill
-3.821;36.792;Nerja; Malaga;Andalucia;2016;Feb;Animalia;Mammalia;Bovidae;Capra;Capra pyrenaica;Iberian Ibex
-3.845;36.762;Nerja; Malaga;Andalucia;2020;Oct;Animalia;Mammalia;Sciuridae;Sciurus;Sciurus vulgaris;Eurasian Red Squirrel
-4.85;36.5;Ojen; Malaga;Andalucia;2007;Jul;Animalia;Mammalia;Mustelidae;Meles;Meles meles;Eurasian Badger
-5.278;36.285;Paraje Nat. Estuario Rio Guadiaro; Malaga;Andalucia;2005;Oct;Animalia;Aves;Podicipedidae;Tachybaptus;Tachybaptus ruficollis;Zampullin comun
-5.278;36.285;Paraje Nat. Estuario Rio Guadiaro; Malaga;Andalucia;2006;Oct;Animalia;Aves;Podicipedidae;Tachybaptus;Tachybaptus ruficollis;Zampullin comun
-5.278;36.285;Paraje Nat. Estuario Rio Guadiaro; Malaga;Andalucia;2011;Oct;Animalia;Aves;Podicipedidae;Tachybaptus;Tachybaptus ruficollis;Zampullin comun
-5.278;36.285;Paraje Nat. Estuario Rio Guadiaro; Malaga;Andalucia;2012;Oct;Animalia;Aves;Podicipedidae;Tachybaptus;Tachybaptus ruficollis;Zampullin comun
-5.278;36.285;Paraje Nat. Estuario Rio Guadiaro; Malaga;Andalucia;2014;Oct;Animalia;Aves;Podicipedidae;Tachybaptus;Tachybaptus ruficollis;Zampullin comun
-5.283;36.454;Paraje Natural Sierra Crestellina; Malaga;Andalucia;2019;Feb;Animalia;Mammalia;Bovidae;Capra;Capra pyrenaica;Iberian Ibex
-5.027;36.685;Parauta; Malaga;Andalucia;2017;Feb;Animalia;Mammalia;Bovidae;Capra;Capra pyrenaica;Iberian Ibex
-5.026;36.686;Parauta; Malaga;Andalucia;2017;Feb;Animalia;Mammalia;Bovidae;Capra;Capra pyrenaica;Iberian Ibex
-5.016;36.7;Parque Natural Sierra de las Nieves; Malaga;Andalucia;2017;Oct;Animalia;Mammalia;Bovidae;Capra;Capra pyrenaica;Iberian Ibex
-5.043;36.693;Parque Natural Sierra de las Nieves; Malaga;Andalucia;2019;Mar;Animalia;Mammalia;Bovidae;Capra;Capra pyrenaica;Iberian Ibex
-4.698;36.757;Pizarra; Malaga;Andalucia;2011;Oct;Animalia;Amphibia;Pelodytidae;Pelodytes;Pelodytes ibericus;Iberian Parsley Frog
-3.436;40.455;Rio Henares (Tramo Limite provincial Guadalajara-Mejorada) ; Malaga;Andalucia;2002;Oct;Animalia;Aves;Podicipedidae;Tachybaptus;Tachybaptus ruficollis;Zampullin comun
-4.722;36.717;Rios Guadalhorce, Fabalas y Pereilas; Malaga;Andalucia;2010;Oct;Animalia;Mammalia;Mustelidae;Meles;Meles meles;Eurasian Badger
-4.753;36.681;Rios Guadalhorce, Fabalas y Pereilas; Malaga;Andalucia;2019;Mar;Animalia;Mammalia;Canidae;Vulpes;Vulpes vulpes;Red Fox
-5.3;36.8;Ronda; Malaga;Andalucia;2017;Apr;Animalia;Mammalia;Canidae;Vulpes;Vulpes vulpes;Red Fox
-5.25;36.75;Ronda; Malaga;Andalucia;2018;Oct;Animalia;Mammalia;Canidae;Vulpes;Vulpes vulpes;Red Fox
-5.096;36.823;Ronda; Malaga;Andalucia;2018;Feb;Animalia;Mammalia;Herpestidae;Herpestes;Herpestes ichneumon;Egyptian Mongoose
-5.301;36.819;Ronda; Malaga;Andalucia;2017;Oct;Animalia;Amphibia;Salamandridae;Salamandra;Salamandra salamandra;Long-snouted Fire Salamander
-4.517;36.991;Sierra de Camarolos; Malaga;Andalucia;2010;Jul;Animalia;Mammalia;Bovidae;Capra;Capra pyrenaica;Iberian Ibex
-4.363;36.953;Sierra de Camarolos; Malaga;Andalucia;2020;Mar;Animalia;Mammalia;Mustelidae;Meles;Meles meles;Eurasian Badger
-5.399;36.779;Sierra de Grazalema; Malaga;Andalucia;2008;Apr;Animalia;Mammalia;Bovidae;Capra;Capra pyrenaica;South-eastern Spanish Ibex
-5.365;36.753;Sierra de Grazalema; Malaga;Andalucia;2008;Apr;Animalia;Mammalia;Bovidae;Capra;Capra pyrenaica;Iberian Ibex
-5.32;36.67;Sierra de Grazalema; Malaga;Andalucia;2010;Feb;Animalia;Mammalia;Bovidae;Capra;Capra pyrenaica;Iberian Ibex
-5.379;36.774;Sierra de Grazalema; Malaga;Andalucia;2012;Mar;Animalia;Mammalia;Bovidae;Capra;Capra pyrenaica;Iberian Ibex
-5.24;36.72;Sierra de Grazalema; Malaga;Andalucia;2013;May;Animalia;Mammalia;Herpestidae;Herpestes;Herpestes ichneumon;Egyptian Mongoose
-5.411;36.756;Sierra de Grazalema; Malaga;Andalucia;2014;Mar;Animalia;Mammalia;Bovidae;Capra;Capra pyrenaica;South-eastern Spanish Ibex
-5.381;36.77;Sierra de Grazalema; Malaga;Andalucia;2014;Mar;Animalia;Mammalia;Bovidae;Capra;Capra pyrenaica;South-eastern Spanish Ibex
-5.38;36.768;Sierra de Grazalema; Malaga;Andalucia;2014;Mar;Animalia;Mammalia;Bovidae;Capra;Capra pyrenaica;Iberian Ibex
-5.437;36.756;Sierra de Grazalema; Malaga;Andalucia;2015;Apr;Animalia;Mammalia;Bovidae;Capra;Capra pyrenaica;South-eastern Spanish Ibex
-5.414;36.756;Sierra de Grazalema; Malaga;Andalucia;2015;Mar;Animalia;Mammalia;Bovidae;Capra;Capra pyrenaica;Iberian Ibex
-5.39;36.759;Sierra de Grazalema; Malaga;Andalucia;2015;Mar;Animalia;Mammalia;Bovidae;Capra;Capra pyrenaica;Iberian Ibex
-5.385;36.736;Sierra de Grazalema; Malaga;Andalucia;2015;Mar;Animalia;Mammalia;Bovidae;Capra;Capra pyrenaica;Iberian Ibex
-5.382;36.75;Sierra de Grazalema; Malaga;Andalucia;2015;Apr;Animalia;Mammalia;Bovidae;Capra;Capra pyrenaica;Iberian Ibex
-5.38;36.768;Sierra de Grazalema; Malaga;Andalucia;2015;Mar;Animalia;Mammalia;Bovidae;Capra;Capra pyrenaica;Iberian Ibex
-5.311;36.682;Sierra de Grazalema; Malaga;Andalucia;2015;Oct;Animalia;Mammalia;Bovidae;Capra;Capra pyrenaica;Iberian Ibex
-5.297;36.69;Sierra de Grazalema; Malaga;Andalucia;2015;Apr;Animalia;Mammalia;Bovidae;Capra;Capra pyrenaica;Iberian Ibex
-5.274;36.726;Sierra de Grazalema; Malaga;Andalucia;2015;Apr;Animalia;Mammalia;Bovidae;Capra;Capra pyrenaica;Iberian Ibex
-5.253;36.745;Sierra de Grazalema; Malaga;Andalucia;2015;May;Animalia;Mammalia;Bovidae;Capra;Capra pyrenaica;Iberian Ibex
-5.238;36.753;Sierra de Grazalema; Malaga;Andalucia;2015;Oct;Animalia;Mammalia;Bovidae;Capra;Capra pyrenaica;Iberian Ibex
-4.9;36.95;Teba; Malaga;Andalucia;2020;Apr;Animalia;Mammalia;Mustelidae;Meles;Meles meles;Eurasian Badger
-4.509;36.629;Torremolinos; Malaga;Andalucia;2011;Feb;Animalia;Amphibia;Hylidae;Hyla;Hyla meridionalis;Mediterranean Tree Frog
-3.924;36.74;Torrox; Malaga;Andalucia;2011;Feb;Animalia;Amphibia;Alytidae;Discoglossus;Discoglossus galganoi;Spanish Painted Frog
-4.688;36.942;Valle de Abdalajas; Malaga;Andalucia;2011;Feb;Animalia;Amphibia;Salamandridae;Salamandra;Salamandra salamandra;Long-snouted Fire Salamander
-5.547;37.849;Venta de las Navas; Malaga;Andalucia;2011;May;Animalia;Amphibia;Bufonidae;Bufo;Bufo spinosus;Spiny Toad
-4.701;36.702; Alhaurin el Grande; Malaga;Andalucia;2014;Oct;Animalia;Reptilia;Colubridae;Hemorrhois;Hemorrhois hippocrepis;Horseshoe Whip Snake
-4.522;36.848; Almogia; Malaga;Andalucia;2010;Nov;Animalia;Reptilia;Colubridae;Hemorrhois;Hemorrhois hippocrepis;Horseshoe Whip Snake
-4.411;36.723; Ciudad de Malaga; Malaga;Andalucia;2017;Apr;Animalia;Reptilia;Chamaeleonidae;Chamaeleo;Chamaeleo chamaeleon;Common Chameleon
-4.414;36.722; Ciudad de Malaga; Malaga;Andalucia;2019;Apr;Animalia;Reptilia;Chamaeleonidae;Chamaeleo;Chamaeleo chamaeleon;Common Chameleon
-4.19;36.725; Velez-Malaga; Malaga;Andalucia;2017;Aug;Animalia;Reptilia;Chamaeleonidae;Chamaeleo;Chamaeleo chamaeleon;Common Chameleon
-4.168;36.753; Velez-Malaga; Malaga;Andalucia;2018;Jul;Animalia;Reptilia;Chamaeleonidae;Chamaeleo;Chamaeleo chamaeleon;Common Chameleon
-4.167;36.753; Velez-Malaga; Malaga;Andalucia;2018;Jul;Animalia;Reptilia;Chamaeleonidae;Chamaeleo;Chamaeleo chamaeleon;Common Chameleon
-4.153;36.742; Velez-Malaga; Malaga;Andalucia;2018;Jul;Animalia;Reptilia;Chamaeleonidae;Chamaeleo;Chamaeleo chamaeleon;Common Chameleon
-5.305;36.59;Algatocin; Malaga;Andalucia;2018;May;Animalia;Amphibia;Bufonidae;Bufo;Bufo spinosus;Spiny Toad
-5.299;36.582;Algatocin; Malaga;Andalucia;2018;May;Animalia;Amphibia;Bufonidae;Bufo;Bufo spinosus;Spiny Toad
-5.298;36.581;Algatocin; Malaga;Andalucia;2019;May;Animalia;Amphibia;Bufonidae;Bufo;Bufo spinosus;Spiny Toad
-5.282;36.575;Algatocin; Malaga;Andalucia;2019;Oct;Animalia;Mammalia;Bovidae;Capra;Capra pyrenaica;Iberian Ibex
-4.632;36.638;Alhaurin de la Torre; Malaga;Andalucia;2011;Feb;Animalia;Amphibia;Bufonidae;Bufo;Bufo spinosus;Spiny Toad
-4.629;36.67;Alhaurin de la Torre; Malaga;Andalucia;2011;Feb;Animalia;Amphibia;Alytidae;Discoglossus;Discoglossus galganoi;Spanish Painted Frog
-4.55;36.6;Alhaurin de la Torre; Malaga;Andalucia;2007;Oct;Animalia;Mammalia;Bovidae;Capra;Capra pyrenaica;Iberian Ibex
-4.657;36.633;Alhaurin el Grande; Malaga;Andalucia;2010;Dec;Animalia;Amphibia;Bufonidae;Bufo;Bufo spinosus;Spiny Toad
-4.686;36.671;Alhaurin el Grande; Malaga;Andalucia;2011;Feb;Animalia;Amphibia;Alytidae;Discoglossus;Discoglossus galganoi;Spanish Painted Frog
-4.686;36.67;Alhaurin el Grande; Malaga;Andalucia;2011;Feb;Animalia;Amphibia;Alytidae;Discoglossus;Discoglossus galganoi;Spanish Painted Frog
-4.657;36.633;Alhaurin el Grande; Malaga;Andalucia;2011;Feb;Animalia;Amphibia;Salamandridae;Salamandra;Salamandra salamandra;Long-snouted Fire Salamander
-4.657;36.633;Alhaurin el Grande; Malaga;Andalucia;2011;Feb;Animalia;Amphibia;Bufonidae;Bufo;Bufo spinosus;Spiny Toad
-4.657;36.633;Alhaurin el Grande; Malaga;Andalucia;2012;Oct;Animalia;Amphibia;Salamandridae;Salamandra;Salamandra salamandra;Long-snouted Fire Salamander
-4.658;36.634;Alhaurin el Grande; Malaga;Andalucia;2015;Oct;Animalia;Amphibia;Salamandridae;Salamandra;Salamandra salamandra;Long-snouted Fire Salamander
-4.75;36.6;Alhaurin el Grande; Malaga;Andalucia;2007;Jul;Animalia;Mammalia;Mustelidae;Meles;Meles meles;Eurasian Badger
-5.289;36.553;Benarraba; Malaga;Andalucia;2017;Nov;Animalia;Amphibia;Bufonidae;Bufo;Bufo spinosus;Spiny Toad
-5.283;36.552;Benarraba; Malaga;Andalucia;2017;Nov;Animalia;Amphibia;Bufonidae;Bufo;Bufo spinosus;Spiny Toad
-5.282;36.553;Benarraba; Malaga;Andalucia;2017;Nov;Animalia;Amphibia;Bufonidae;Bufo;Bufo spinosus;Spiny Toad
-5.281;36.553;Benarraba; Malaga;Andalucia;2017;Nov;Animalia;Amphibia;Bufonidae;Bufo;Bufo spinosus;Spiny Toad
-5.279;36.546;Benarraba; Malaga;Andalucia;2017;Nov;Animalia;Amphibia;Bufonidae;Bufo;Bufo spinosus;Spiny Toad
-5.296;36.55;Benarraba; Malaga;Andalucia;2018;Jul;Animalia;Amphibia;Bufonidae;Bufo;Bufo spinosus;Spiny Toad
-5.29;36.55;Benarraba; Malaga;Andalucia;2018;Feb;Animalia;Amphibia;Salamandridae;Salamandra;Salamandra salamandra;Long-snouted Fire Salamander
-5.289;36.553;Benarraba; Malaga;Andalucia;2018;Feb;Animalia;Amphibia;Bufonidae;Bufo;Bufo spinosus;Spiny Toad
-5.281;36.555;Benarraba; Malaga;Andalucia;2018;May;Animalia;Amphibia;Bufonidae;Bufo;Bufo spinosus;Spiny Toad
-5.278;36.55;Benarraba; Malaga;Andalucia;2018;May;Animalia;Amphibia;Bufonidae;Bufo;Bufo spinosus;Spiny Toad
-5.276;36.552;Benarraba; Malaga;Andalucia;2018;Jun;Animalia;Amphibia;Bufonidae;Bufo;Bufo spinosus;Spiny Toad
-5.272;36.548;Benarraba; Malaga;Andalucia;2018;Jun;Animalia;Amphibia;Bufonidae;Bufo;Bufo spinosus;Spiny Toad
-5.27;36.54;Benarraba; Malaga;Andalucia;2018;Oct;Animalia;Amphibia;Salamandridae;Salamandra;Salamandra salamandra;Long-snouted Fire Salamander
-5.29;36.552;Benarraba; Malaga;Andalucia;2019;Oct;Animalia;Amphibia;Bufonidae;Bufo;Bufo spinosus;Spiny Toad
-5.29;36.552;Benarraba; Malaga;Andalucia;2019;Feb;Animalia;Amphibia;Bufonidae;Bufo;Bufo spinosus;Spiny Toad
-5.279;36.548;Benarraba; Malaga;Andalucia;2019;Feb;Animalia;Amphibia;Alytidae;Discoglossus;Discoglossus galganoi;Iberian Painted Frog
-5.278;36.55;Benarraba; Malaga;Andalucia;2019;Mar;Animalia;Amphibia;Bufonidae;Bufo;Bufo spinosus;Spiny Toad
-5.27;36.54;Benarraba; Malaga;Andalucia;2019;Oct;Animalia;Amphibia;Salamandridae;Salamandra;Salamandra salamandra;Long-snouted Fire Salamander
-5.264;36.537;Benarraba; Malaga;Andalucia;2020;Feb;Animalia;Amphibia;Alytidae;Discoglossus;Discoglossus galganoi;Iberian Painted Frog
-5.264;36.537;Benarraba; Malaga;Andalucia;2020;Feb;Animalia;Amphibia;Salamandridae;Salamandra;Salamandra salamandra;Long-snouted Fire Salamander
-4.455;36.668;Desembocadura del Rio Guadalhorce; Malaga;Andalucia;2005;Feb;Animalia;Aves;Podicipedidae;Podiceps;Podiceps cristatus;Somormujo lavanco
-4.455;36.668;Desembocadura del Rio Guadalhorce; Malaga;Andalucia;2005;Feb;Animalia;Aves;Podicipedidae;Podiceps;Podiceps nigricollis;Zampullin cuellinegro
-4.455;36.668;Desembocadura del Rio Guadalhorce; Malaga;Andalucia;2005;Oct;Animalia;Aves;Ardeidae;Ixobrychus;Ixobrychus minutus;Avetorillo comun
-4.455;36.668;Desembocadura del Rio Guadalhorce; Malaga;Andalucia;2005;Oct;Animalia;Aves;Podicipedidae;Tachybaptus;Tachybaptus ruficollis;Zampullin comun
-4.455;36.668;Desembocadura del Rio Guadalhorce; Malaga;Andalucia;2006;Feb;Animalia;Aves;Podicipedidae;Podiceps;Podiceps cristatus;Somormujo lavanco
-4.455;36.668;Desembocadura del Rio Guadalhorce; Malaga;Andalucia;2006;Feb;Animalia;Aves;Podicipedidae;Podiceps;Podiceps nigricollis;Zampullin cuellinegro
-4.455;36.668;Desembocadura del Rio Guadalhorce; Malaga;Andalucia;2006;Oct;Animalia;Aves;Threskiornithidae;Platalea;Platalea leucorodia;Espatula comun
-4.455;36.668;Desembocadura del Rio Guadalhorce; Malaga;Andalucia;2007;Feb;Animalia;Aves;Podicipedidae;Podiceps;Podiceps nigricollis;Zampullin cuellinegro
-4.455;36.668;Desembocadura del Rio Guadalhorce; Malaga;Andalucia;2007;Feb;Animalia;Aves;Anatidae;Tadorna;Tadorna tadorna;Tarro blanco
-4.455;36.668;Desembocadura del Rio Guadalhorce; Malaga;Andalucia;2007;Oct;Animalia;Aves;Podicipedidae;Tachybaptus;Tachybaptus ruficollis;Zampullin comun
-4.455;36.668;Desembocadura del Rio Guadalhorce; Malaga;Andalucia;2007;Oct;Animalia;Aves;Ardeidae;Ardea;Egretta alba;Garceta grande
-4.455;36.668;Desembocadura del Rio Guadalhorce; Malaga;Andalucia;2008;Feb;Animalia;Aves;Podicipedidae;Podiceps;Podiceps cristatus;Somormujo lavanco
-4.455;36.668;Desembocadura del Rio Guadalhorce; Malaga;Andalucia;2008;Feb;Animalia;Aves;Podicipedidae;Podiceps;Podiceps nigricollis;Zampullin cuellinegro
-4.455;36.668;Desembocadura del Rio Guadalhorce; Malaga;Andalucia;2008;Oct;Animalia;Aves;Threskiornithidae;Platalea;Platalea leucorodia;Espatula comun
-4.455;36.668;Desembocadura del Rio Guadalhorce; Malaga;Andalucia;2009;Oct;Animalia;Aves;Threskiornithidae;Platalea;Platalea leucorodia;Espatula comun
-4.455;36.668;Desembocadura del Rio Guadalhorce; Malaga;Andalucia;2009;Feb;Animalia;Aves;Podicipedidae;Podiceps;Podiceps nigricollis;Zampullin cuellinegro
-4.455;36.668;Desembocadura del Rio Guadalhorce; Malaga;Andalucia;2009;Oct;Animalia;Aves;Podicipedidae;Tachybaptus;Tachybaptus ruficollis;Zampullin comun
-4.455;36.668;Desembocadura del Rio Guadalhorce; Malaga;Andalucia;2012;Feb;Animalia;Aves;Podicipedidae;Podiceps;Podiceps cristatus;Somormujo lavanco
-4.455;36.668;Desembocadura del Rio Guadalhorce; Malaga;Andalucia;2012;Feb;Animalia;Aves;Podicipedidae;Podiceps;Podiceps nigricollis;Zampullin cuellinegro
-4.455;36.668;Desembocadura del Rio Guadalhorce; Malaga;Andalucia;2012;Oct;Animalia;Aves;Ardeidae;Ixobrychus;Ixobrychus minutus;Avetorillo comun
-4.455;36.668;Desembocadura del Rio Guadalhorce; Malaga;Andalucia;2013;Feb;Animalia;Aves;Podicipedidae;Podiceps;Podiceps nigricollis;Zampullin cuellinegro
-4.455;36.668;Desembocadura del Rio Guadalhorce; Malaga;Andalucia;2013;Oct;Animalia;Aves;Threskiornithidae;Platalea;Platalea leucorodia;Espatula comun
-4.455;36.668;Desembocadura del Rio Guadalhorce; Malaga;Andalucia;2014;Feb;Animalia;Aves;Podicipedidae;Podiceps;Podiceps nigricollis;Zampullin cuellinegro
-4.455;36.668;Desembocadura del Rio Guadalhorce; Malaga;Andalucia;2014;Feb;Animalia;Aves;Anatidae;Tadorna;Tadorna tadorna;Tarro blanco
-4.31;37.12;Archidona; Malaga;Andalucia;2020;Feb;Animalia;Amphibia;Salamandridae;Pleurodeles;Pleurodeles waltl;Spanish Ribbed Newt
2.962;39.702; Mallorca - Inca;Mallorca;Illes Balears;2019;Jun;Animalia;Reptilia;Colubridae;Hemorrhois;Hemorrhois hippocrepis;Horseshoe Whip Snake
3.144;39.368;Mallorca;Mallorca;Illes Balears;2013;Jul;Animalia;Mammalia;Mustelidae;Martes;Martes martes;Pine Marten
2.742;39.473;Mallorca - Cap Enderrocat i cap Blanc;Mallorca;Illes Balears;2020;Feb;Animalia;Mammalia;Gliridae;Eliomys;Eliomys quercinus;Garden Dormouse
3.033;39.849;Mallorca - PollenA§a;Mallorca;Illes Balears;2019;Mar;Animalia;Mammalia;Mustelidae;Martes;Martes martes;Pine Marten
3.119;39.842;Maristany;Mallorca;Illes Balears;2017;Sep;Animalia;Aves;Anatidae;Netta;Netta rufina;Red-crested Pochard
3.119;39.842;Maristany;Mallorca;Illes Balears;2018;Feb;Animalia;Aves;Podicipedidae;Podiceps;Podiceps nigricollis;Eared Grebe
3.115;39.845;Maristany;Mallorca;Illes Balears;2011;Oct;Animalia;Aves;Podicipedidae;Tachybaptus;Tachybaptus ruficollis;Zampullin comun
3.115;39.845;Maristany;Mallorca;Illes Balears;2012;Feb;Animalia;Aves;Podicipedidae;Podiceps;Podiceps nigricollis;Zampullin cuellinegro
3.115;39.845;Maristany;Mallorca;Illes Balears;2012;Oct;Animalia;Aves;Ardeidae;Ardea;Egretta alba;Garceta grande
3.115;39.845;Maristany;Mallorca;Illes Balears;2012;Oct;Animalia;Aves;Podicipedidae;Tachybaptus;Tachybaptus ruficollis;Zampullin comun
2.65;39.567;Olivaret;Mallorca;Illes Balears;2018;Feb;Animalia;Aves;Tytonidae;Tyto;Tyto alba;Lechuza comun
1.417;38.806;Otras localidades Ibiza y Formentera;Mallorca;Illes Balears;2004;Feb;Animalia;Aves;Anatidae;Tadorna;Tadorna tadorna;Tarro blanco
1.417;38.806;Otras localidades Ibiza y Formentera;Mallorca;Illes Balears;2004;Feb;Animalia;Aves;Podicipedidae;Podiceps;Podiceps nigricollis;Zampullin cuellinegro
1.417;38.806;Otras localidades Ibiza y Formentera;Mallorca;Illes Balears;2010;Feb;Animalia;Aves;Podicipedidae;Podiceps;Podiceps nigricollis;Zampullin cuellinegro
1.417;38.806;Otras localidades Ibiza y Formentera;Mallorca;Illes Balears;2010;Feb;Animalia;Aves;Anatidae;Tadorna;Tadorna tadorna;Tarro blanco
1.417;38.806;Otras localidades Ibiza y Formentera;Mallorca;Illes Balears;2010;Oct;Animalia;Aves;Podicipedidae;Tachybaptus;Tachybaptus ruficollis;Zampullin comun
3.038;39.318;Otras localidades Mallorca;Mallorca;Illes Balears;2004;Feb;Animalia;Aves;Podicipedidae;Podiceps;Podiceps nigricollis;Zampullin cuellinegro
3.038;39.318;Otras localidades Mallorca;Mallorca;Illes Balears;2008;Sep;Animalia;Aves;Anatidae;Netta;Netta rufina;Pato colorado
3.038;39.318;Otras localidades Mallorca;Mallorca;Illes Balears;2010;Oct;Animalia;Aves;Podicipedidae;Tachybaptus;Tachybaptus ruficollis;Zampullin comun
3.038;39.318;Otras localidades Mallorca;Mallorca;Illes Balears;2011;Feb;Animalia;Aves;Podicipedidae;Podiceps;Podiceps nigricollis;Zampullin cuellinegro
3.038;39.318;Otras localidades Mallorca;Mallorca;Illes Balears;2011;Feb;Animalia;Aves;Anatidae;Tadorna;Tadorna tadorna;Tarro blanco
3.038;39.318;Otras localidades Mallorca;Mallorca;Illes Balears;2011;Oct;Animalia;Aves;Podicipedidae;Tachybaptus;Tachybaptus ruficollis;Zampullin comun
3.038;39.318;Otras localidades Mallorca;Mallorca;Illes Balears;2012;Feb;Animalia;Aves;Podicipedidae;Podiceps;Podiceps nigricollis;Zampullin cuellinegro
3.038;39.318;Otras localidades Mallorca;Mallorca;Illes Balears;2012;Feb;Animalia;Aves;Anatidae;Netta;Netta rufina;Pato colorado
3.038;39.318;Otras localidades Mallorca;Mallorca;Illes Balears;2012;Oct;Animalia;Aves;Podicipedidae;Tachybaptus;Tachybaptus ruficollis;Zampullin comun
2.648;39.567;Palma de Mallorca (ciudad) ;Mallorca;Illes Balears;2017;Feb;Animalia;Aves;Podicipedidae;Podiceps;Podiceps nigricollis;Eared Grebe
3.138;39.48;Bassa de Son Navata-Mallorca;Mallorca;Illes Balears;2004;Oct;Animalia;Aves;Podicipedidae;Tachybaptus;Tachybaptus ruficollis;Zampullin comun
3.138;39.48;Bassa de Son Navata-Mallorca;Mallorca;Illes Balears;2006;Oct;Animalia;Aves;Podicipedidae;Tachybaptus;Tachybaptus ruficollis;Zampullin comun
3.138;39.48;Bassa de Son Navata-Mallorca;Mallorca;Illes Balears;2007;Oct;Animalia;Aves;Podicipedidae;Tachybaptus;Tachybaptus ruficollis;Zampullin comun
3.138;39.48;Bassa de Son Navata-Mallorca;Mallorca;Illes Balears;2010;Oct;Animalia;Aves;Ardeidae;Nycticorax;Nycticorax nycticorax;Martinete comun
3.138;39.48;Bassa de Son Navata-Mallorca;Mallorca;Illes Balears;2010;Oct;Animalia;Aves;Podicipedidae;Tachybaptus;Tachybaptus ruficollis;Zampullin comun
3.138;39.48;Bassa de Son Navata-Mallorca;Mallorca;Illes Balears;2011;Oct;Animalia;Aves;Ardeidae;Nycticorax;Nycticorax nycticorax;Martinete comun
3.138;39.48;Bassa de Son Navata-Mallorca;Mallorca;Illes Balears;2011;Oct;Animalia;Aves;Podicipedidae;Tachybaptus;Tachybaptus ruficollis;Zampullin comun
3.138;39.48;Bassa de Son Navata-Mallorca;Mallorca;Illes Balears;2012;Oct;Animalia;Aves;Podicipedidae;Tachybaptus;Tachybaptus ruficollis;Zampullin comun
3.138;39.48;Bassa de Son Navata-Mallorca;Mallorca;Illes Balears;2012;Oct;Animalia;Aves;Ardeidae;Nycticorax;Nycticorax nycticorax;Martinete comun
2.77;39.555;Basses de L' aeroport de Son Sant Jordi i Pla de Sant Jordi;Mallorca;Illes Balears;2007;Feb;Animalia;Aves;Podicipedidae;Podiceps;Podiceps nigricollis;Zampullin cuellinegro
2.77;39.555;Basses de L' aeroport de Son Sant Jordi i Pla de Sant Jordi;Mallorca;Illes Balears;2007;Oct;Animalia;Aves;Podicipedidae;Tachybaptus;Tachybaptus ruficollis;Zampullin comun
2.77;39.555;Basses de L' aeroport de Son Sant Jordi i Pla de Sant Jordi;Mallorca;Illes Balears;2010;Oct;Animalia;Aves;Podicipedidae;Tachybaptus;Tachybaptus ruficollis;Zampullin comun
2.77;39.555;Basses de L' aeroport de Son Sant Jordi i Pla de Sant Jordi;Mallorca;Illes Balears;2011;Feb;Animalia;Aves;Anatidae;Tadorna;Tadorna tadorna;Tarro blanco
2.77;39.555;Basses de L' aeroport de Son Sant Jordi i Pla de Sant Jordi;Mallorca;Illes Balears;2011;Feb;Animalia;Aves;Anatidae;Netta;Netta rufina;Pato colorado
2.77;39.555;Basses de L' aeroport de Son Sant Jordi i Pla de Sant Jordi;Mallorca;Illes Balears;2011;Oct;Animalia;Aves;Podicipedidae;Tachybaptus;Tachybaptus ruficollis;Zampullin comun
-2.967;35.296;Vivero Guelaya;Melilla;;2019;Apr;Animalia;Reptilia;Chamaeleonidae;Chamaeleo;Chamaeleo chamaeleon;Common Chameleon
4.253;39.987;Menorca;Menorca;Illes Balears;2008;Aug;Animalia;Amphibia;Hylidae;Hyla;Hyla meridionalis;Mediterranean Tree Frog
4.251;39.949;Otras localidades Menorca;Menorca;Illes Balears;2004;Feb;Animalia;Aves;Podicipedidae;Podiceps;Podiceps nigricollis;Zampullin cuellinegro
4.251;39.949;Otras localidades Menorca;Menorca;Illes Balears;2008;Feb;Animalia;Aves;Anatidae;Tadorna;Tadorna tadorna;Tarro blanco
4.251;39.949;Otras localidades Menorca;Menorca;Illes Balears;2009;Feb;Animalia;Aves;Anatidae;Tadorna;Tadorna tadorna;Tarro blanco
4.251;39.949;Otras localidades Menorca;Menorca;Illes Balears;2010;Feb;Animalia;Aves;Anatidae;Netta;Netta rufina;Pato colorado
4.251;39.949;Otras localidades Menorca;Menorca;Illes Balears;2010;Feb;Animalia;Aves;Anatidae;Tadorna;Tadorna tadorna;Tarro blanco
4.251;39.949;Otras localidades Menorca;Menorca;Illes Balears;2010;Oct;Animalia;Aves;Threskiornithidae;Platalea;Platalea leucorodia;Espatula comun
4.251;39.949;Otras localidades Menorca;Menorca;Illes Balears;2010;Oct;Animalia;Aves;Ardeidae;Ardea;Egretta alba;Garceta grande
4.251;39.949;Otras localidades Menorca;Menorca;Illes Balears;2010;Oct;Animalia;Aves;Podicipedidae;Tachybaptus;Tachybaptus ruficollis;Zampullin comun
4.251;39.949;Otras localidades Menorca;Menorca;Illes Balears;2011;Feb;Animalia;Aves;Podicipedidae;Podiceps;Podiceps cristatus;Somormujo lavanco
4.251;39.949;Otras localidades Menorca;Menorca;Illes Balears;2011;Feb;Animalia;Aves;Podicipedidae;Podiceps;Podiceps nigricollis;Zampullin cuellinegro
4.251;39.949;Otras localidades Menorca;Menorca;Illes Balears;2011;Oct;Animalia;Aves;Threskiornithidae;Platalea;Platalea leucorodia;Espatula comun
4.251;39.949;Otras localidades Menorca;Menorca;Illes Balears;2011;Feb;Animalia;Aves;Anatidae;Tadorna;Tadorna tadorna;Tarro blanco
4.251;39.949;Otras localidades Menorca;Menorca;Illes Balears;2011;Oct;Animalia;Aves;Podicipedidae;Tachybaptus;Tachybaptus ruficollis;Zampullin comun
4.251;39.949;Otras localidades Menorca;Menorca;Illes Balears;2012;Oct;Animalia;Aves;Threskiornithidae;Platalea;Platalea leucorodia;Espatula comun
4.251;39.949;Otras localidades Menorca;Menorca;Illes Balears;2012;Feb;Animalia;Aves;Anatidae;Tadorna;Tadorna tadorna;Tarro blanco
4.251;39.949;Otras localidades Menorca;Menorca;Illes Balears;2012;Oct;Animalia;Aves;Ardeidae;Ardea;Egretta alba;Garceta grande
4.251;39.949;Otras localidades Menorca;Menorca;Illes Balears;2012;Oct;Animalia;Aves;Podicipedidae;Tachybaptus;Tachybaptus ruficollis;Zampullin comun
4.2;40;Parc Natural de s'Albufera des Grau;Menorca;Illes Balears;2011;Nov;Animalia;Aves;Upupidae;Upupa;Upupa epops;Abubilla
4.2;40;Parc Natural de s'Albufera des Grau;Menorca;Illes Balears;2012;Oct;Animalia;Aves;Fringillidae;Fringilla;Fringilla coelebs;Pinzon vulgar
-1.14;37.929; Carrascoy y El Valle;Murcia;Murcia;2009;Feb;Animalia;Reptilia;Chamaeleonidae;Chamaeleo;Chamaeleo chamaeleon;Common Chameleon
-1.136;37.924; Carrascoy y El Valle;Murcia;Murcia;2018;Oct;Animalia;Reptilia;Chamaeleonidae;Chamaeleo;Chamaeleo chamaeleon;Common Chameleon
-0.764;37.843; Salinas de San Pedro;Murcia;Murcia;2016;Feb;Animalia;Reptilia;Chamaeleonidae;Chamaeleo;Chamaeleo chamaeleon;Common Chameleon
-0.77;37.83; Salinas y Arenales de San Pedro del Pinatar;Murcia;Murcia;2018;Apr;Animalia;Reptilia;Chamaeleonidae;Chamaeleo;Chamaeleo chamaeleon;Common Chameleon
-0.764;37.833; Salinas y Arenales de San Pedro del Pinatar;Murcia;Murcia;2018;Apr;Animalia;Reptilia;Chamaeleonidae;Chamaeleo;Chamaeleo chamaeleon;Common Chameleon
-2.16;37.401;Albox Rambla de Meana;Murcia;Murcia;2018;Nov;Animalia;Aves;Upupidae;Upupa;Upupa epops;Eurasian Hoopoe
-1.526;38.218;Embalse de Carcabo ;Murcia;Murcia;2003;Feb;Animalia;Aves;Podicipedidae;Podiceps;Podiceps cristatus;Somormujo lavanco
-1.831;37.744;Embalse de Puentes ;Murcia;Murcia;2003;Feb;Animalia;Aves;Podicipedidae;Podiceps;Podiceps cristatus;Somormujo lavanco
-1.831;37.744;Embalse de Puentes ;Murcia;Murcia;2004;Feb;Animalia;Aves;Podicipedidae;Podiceps;Podiceps cristatus;Somormujo lavanco
-1.831;37.744;Embalse de Puentes ;Murcia;Murcia;2004;Oct;Animalia;Aves;Podicipedidae;Tachybaptus;Tachybaptus ruficollis;Zampullin comun
-1.601;38.215;Embalse de Quipar ;Murcia;Murcia;2003;Feb;Animalia;Aves;Podicipedidae;Podiceps;Podiceps cristatus;Somormujo lavanco
-1.601;38.215;Embalse de Quipar ;Murcia;Murcia;2003;Feb;Animalia;Aves;Podicipedidae;Podiceps;Podiceps nigricollis;Zampullin cuellinegro
-1.091;38.107;Embalse de Santomera y ramblas adyacentes ;Murcia;Murcia;2003;Feb;Animalia;Aves;Podicipedidae;Podiceps;Podiceps nigricollis;Zampullin cuellinegro
-1.741;38.166;Embalse del Argos ;Murcia;Murcia;2003;Feb;Animalia;Aves;Podicipedidae;Podiceps;Podiceps cristatus;Somormujo lavanco
-0.756;37.719;Las Encanizadas ;Murcia;Murcia;2003;Oct;Animalia;Aves;Threskiornithidae;Platalea;Platalea leucorodia;Espatula comun
-0.799;37.729;Mar Menor ;Murcia;Murcia;2003;Feb;Animalia;Aves;Podicipedidae;Podiceps;Podiceps cristatus;Somormujo lavanco
-0.799;37.729;Mar Menor ;Murcia;Murcia;2003;Feb;Animalia;Aves;Podicipedidae;Podiceps;Podiceps nigricollis;Zampullin cuellinegro
-0.799;37.729;Mar Menor ;Murcia;Murcia;2003;Feb;Animalia;Aves;Anatidae;Tadorna;Tadorna tadorna;Tarro blanco
-0.856;37.694;Marina del Carmoli ;Murcia;Murcia;2003;Feb;Animalia;Aves;Podicipedidae;Podiceps;Podiceps cristatus;Somormujo lavanco
-0.856;37.694;Marina del Carmoli ;Murcia;Murcia;2003;Feb;Animalia;Aves;Podicipedidae;Podiceps;Podiceps nigricollis;Zampullin cuellinegro
-0.856;37.694;Marina del Carmoli ;Murcia;Murcia;2003;Feb;Animalia;Aves;Anatidae;Tadorna;Tadorna tadorna;Tarro blanco
-6.423;37.09;Matasgordas ;Murcia;Murcia;2000;Feb;Animalia;Aves;Anatidae;Tadorna;Tadorna tadorna;Tarro blanco
-1.118;37.963;Murcia;Murcia;Murcia;2015;Oct;Animalia;Aves;Fringillidae;Fringilla;Fringilla coelebs;Common Chaffinch
-1.118;37.963;Murcia;Murcia;Murcia;2015;Nov;Animalia;Aves;Upupidae;Upupa;Upupa epops;Eurasian Hoopoe
-1.067;37.733;Murcia;Murcia;Murcia;2019;Feb;Animalia;Aves;Tytonidae;Tyto;Tyto alba;Lechuza comun
-0.721;37.637;Salinas de Marchamalo ;Murcia;Murcia;2003;Feb;Animalia;Aves;Anatidae;Tadorna;Tadorna tadorna;Tarro blanco
-0.77;37.824;Salinas de San Pedro del Pinatar ;Murcia;Murcia;2003;Feb;Animalia;Aves;Podicipedidae;Podiceps;Podiceps nigricollis;Zampullin cuellinegro
-0.77;37.824;Salinas de San Pedro del Pinatar ;Murcia;Murcia;2003;Feb;Animalia;Aves;Anatidae;Tadorna;Tadorna tadorna;Tarro blanco
-0.739;37.606;Salinas del Rasall o de Calblanque ;Murcia;Murcia;2003;Feb;Animalia;Aves;Anatidae;Tadorna;Tadorna tadorna;Tarro blanco
-0.769;37.844; Mar Menor;Murcia;Murcia;2015;Jun;Animalia;Reptilia;Chamaeleonidae;Chamaeleo;Chamaeleo chamaeleon;Common Chameleon
-0.766;37.843; Mar Menor;Murcia;Murcia;2015;Jun;Animalia;Reptilia;Chamaeleonidae;Chamaeleo;Chamaeleo chamaeleon;Common Chameleon
-0.766;37.843; Mar Menor;Murcia;Murcia;2015;Jul;Animalia;Reptilia;Chamaeleonidae;Chamaeleo;Chamaeleo chamaeleon;Common Chameleon
-1.355;38.166;Azud de Ojos;Murcia;Murcia;2015;Oct;Animalia;Aves;Podicipedidae;Tachybaptus;Tachybaptus ruficollis;Little Grebe
-1.355;38.166;Azud de Ojos;Murcia;Murcia;2018;Oct;Animalia;Aves;Podicipedidae;Tachybaptus;Tachybaptus ruficollis;Little Grebe
-1.358;38.173;Azud de Ojos ;Murcia;Murcia;2004;Oct;Animalia;Aves;Podicipedidae;Tachybaptus;Tachybaptus ruficollis;Zampullin comun
-1.358;38.173;Azud de Ojos ;Murcia;Murcia;2008;Feb;Animalia;Aves;Podicipedidae;Podiceps;Podiceps cristatus;Somormujo lavanco
-0.925;37.659;Balsas de Campo de Cartagena ;Murcia;Murcia;2004;Feb;Animalia;Aves;Podicipedidae;Podiceps;Podiceps nigricollis;Zampullin cuellinegro
-0.925;37.659;Balsas de Campo de Cartagena ;Murcia;Murcia;2011;Feb;Animalia;Aves;Anatidae;Tadorna;Tadorna tadorna;Tarro blanco
-0.925;37.659;Balsas de Campo de Cartagena ;Murcia;Murcia;2011;Feb;Animalia;Aves;Podicipedidae;Podiceps;Podiceps nigricollis;Zampullin cuellinegro
-0.925;37.659;Balsas de Campo de Cartagena ;Murcia;Murcia;2011;Oct;Animalia;Aves;Podicipedidae;Tachybaptus;Tachybaptus ruficollis;Zampullin comun
-0.925;37.659;Balsas de Campo de Cartagena ;Murcia;Murcia;2012;Feb;Animalia;Aves;Podicipedidae;Podiceps;Podiceps cristatus;Somormujo lavanco
-0.925;37.659;Balsas de Campo de Cartagena ;Murcia;Murcia;2012;Feb;Animalia;Aves;Podicipedidae;Podiceps;Podiceps nigricollis;Zampullin cuellinegro
-0.925;37.659;Balsas de Campo de Cartagena ;Murcia;Murcia;2012;Feb;Animalia;Aves;Anatidae;Tadorna;Tadorna tadorna;Tarro blanco
-0.925;37.659;Balsas de Campo de Cartagena ;Murcia;Murcia;2012;Feb;Animalia;Aves;Anatidae;Netta;Netta rufina;Pato colorado
-0.925;37.659;Balsas de Campo de Cartagena ;Murcia;Murcia;2012;Oct;Animalia;Aves;Podicipedidae;Tachybaptus;Tachybaptus ruficollis;Zampullin comun
-0.925;37.659;Balsas de Campo de Cartagena ;Murcia;Murcia;2013;Feb;Animalia;Aves;Podicipedidae;Podiceps;Podiceps cristatus;Somormujo lavanco
-0.925;37.659;Balsas de Campo de Cartagena ;Murcia;Murcia;2013;Feb;Animalia;Aves;Podicipedidae;Podiceps;Podiceps nigricollis;Zampullin cuellinegro
-0.925;37.659;Balsas de Campo de Cartagena ;Murcia;Murcia;2013;Feb;Animalia;Aves;Anatidae;Tadorna;Tadorna tadorna;Tarro blanco
-0.925;37.659;Balsas de Campo de Cartagena ;Murcia;Murcia;2013;Oct;Animalia;Aves;Podicipedidae;Tachybaptus;Tachybaptus ruficollis;Zampullin comun
-0.925;37.659;Balsas de Campo de Cartagena ;Murcia;Murcia;2014;Feb;Animalia;Aves;Podicipedidae;Podiceps;Podiceps nigricollis;Zampullin cuellinegro
-0.925;37.659;Balsas de Campo de Cartagena ;Murcia;Murcia;2014;Feb;Animalia;Aves;Anatidae;Tadorna;Tadorna tadorna;Tarro blanco
-0.925;37.659;Balsas de Campo de Cartagena ;Murcia;Murcia;2014;Oct;Animalia;Aves;Podicipedidae;Tachybaptus;Tachybaptus ruficollis;Zampullin comun
-0.8;37.606;Campo de Golf La Manga Club ;Murcia;Murcia;2011;Oct;Animalia;Aves;Podicipedidae;Tachybaptus;Tachybaptus ruficollis;Zampullin comun
-0.8;37.606;Campo de Golf La Manga Club ;Murcia;Murcia;2012;Oct;Animalia;Aves;Podicipedidae;Tachybaptus;Tachybaptus ruficollis;Zampullin comun
-0.8;37.606;Campo de Golf La Manga Club ;Murcia;Murcia;2013;Oct;Animalia;Aves;Podicipedidae;Tachybaptus;Tachybaptus ruficollis;Zampullin comun
-0.8;37.606;Campo de Golf La Manga Club ;Murcia;Murcia;2014;Oct;Animalia;Aves;Podicipedidae;Tachybaptus;Tachybaptus ruficollis;Zampullin comun
-0.949;37.638;Depuradora de Cartagena ;Murcia;Murcia;2004;Feb;Animalia;Aves;Anatidae;Tadorna;Tadorna tadorna;Tarro blanco
-0.949;37.638;Depuradora de Cartagena ;Murcia;Murcia;2004;Feb;Animalia;Aves;Podicipedidae;Podiceps;Podiceps nigricollis;Zampullin cuellinegro
-0.949;37.638;Depuradora de Cartagena ;Murcia;Murcia;2005;Feb;Animalia;Aves;Podicipedidae;Podiceps;Podiceps nigricollis;Zampullin cuellinegro
-0.949;37.638;Depuradora de Cartagena ;Murcia;Murcia;2005;Feb;Animalia;Aves;Anatidae;Tadorna;Tadorna tadorna;Tarro blanco
-0.949;37.638;Depuradora de Cartagena ;Murcia;Murcia;2007;Feb;Animalia;Aves;Podicipedidae;Podiceps;Podiceps nigricollis;Zampullin cuellinegro
-0.949;37.638;Depuradora de Cartagena ;Murcia;Murcia;2007;Feb;Animalia;Aves;Anatidae;Tadorna;Tadorna tadorna;Tarro blanco
-0.949;37.638;Depuradora de Cartagena ;Murcia;Murcia;2007;Oct;Animalia;Aves;Podicipedidae;Tachybaptus;Tachybaptus ruficollis;Zampullin comun
-0.949;37.638;Depuradora de Cartagena ;Murcia;Murcia;2008;Feb;Animalia;Aves;Anatidae;Tadorna;Tadorna tadorna;Tarro blanco
-0.949;37.638;Depuradora de Cartagena ;Murcia;Murcia;2008;Feb;Animalia;Aves;Podicipedidae;Podiceps;Podiceps nigricollis;Zampullin cuellinegro
-0.949;37.638;Depuradora de Cartagena ;Murcia;Murcia;2008;Oct;Animalia;Aves;Podicipedidae;Tachybaptus;Tachybaptus ruficollis;Zampullin comun
-0.949;37.638;Depuradora de Cartagena ;Murcia;Murcia;2009;Feb;Animalia;Aves;Anatidae;Tadorna;Tadorna tadorna;Tarro blanco
-0.949;37.638;Depuradora de Cartagena ;Murcia;Murcia;2009;Feb;Animalia;Aves;Podicipedidae;Podiceps;Podiceps nigricollis;Zampullin cuellinegro
-0.949;37.638;Depuradora de Cartagena ;Murcia;Murcia;2009;Oct;Animalia;Aves;Podicipedidae;Tachybaptus;Tachybaptus ruficollis;Zampullin comun
-0.949;37.638;Depuradora de Cartagena ;Murcia;Murcia;2011;Feb;Animalia;Aves;Podicipedidae;Podiceps;Podiceps nigricollis;Zampullin cuellinegro
-0.949;37.638;Depuradora de Cartagena ;Murcia;Murcia;2011;Feb;Animalia;Aves;Anatidae;Tadorna;Tadorna tadorna;Tarro blanco
-0.949;37.638;Depuradora de Cartagena ;Murcia;Murcia;2011;Oct;Animalia;Aves;Podicipedidae;Tachybaptus;Tachybaptus ruficollis;Zampullin comun
-0.949;37.638;Depuradora de Cartagena ;Murcia;Murcia;2012;Feb;Animalia;Aves;Anatidae;Tadorna;Tadorna tadorna;Tarro blanco
-0.949;37.638;Depuradora de Cartagena ;Murcia;Murcia;2012;Feb;Animalia;Aves;Podicipedidae;Podiceps;Podiceps nigricollis;Zampullin cuellinegro
-0.949;37.638;Depuradora de Cartagena ;Murcia;Murcia;2012;Oct;Animalia;Aves;Podicipedidae;Tachybaptus;Tachybaptus ruficollis;Zampullin comun
-0.949;37.638;Depuradora de Cartagena ;Murcia;Murcia;2013;Feb;Animalia;Aves;Podicipedidae;Podiceps;Podiceps nigricollis;Zampullin cuellinegro
-0.949;37.638;Depuradora de Cartagena ;Murcia;Murcia;2013;Feb;Animalia;Aves;Anatidae;Tadorna;Tadorna tadorna;Tarro blanco
-0.949;37.638;Depuradora de Cartagena ;Murcia;Murcia;2013;Oct;Animalia;Aves;Podicipedidae;Tachybaptus;Tachybaptus ruficollis;Zampullin comun
-0.949;37.638;Depuradora de Cartagena ;Murcia;Murcia;2014;Feb;Animalia;Aves;Anatidae;Tadorna;Tadorna tadorna;Tarro blanco
-0.949;37.638;Depuradora de Cartagena ;Murcia;Murcia;2014;Feb;Animalia;Aves;Podicipedidae;Podiceps;Podiceps nigricollis;Zampullin cuellinegro
-0.949;37.638;Depuradora de Cartagena ;Murcia;Murcia;2014;Oct;Animalia;Aves;Podicipedidae;Tachybaptus;Tachybaptus ruficollis;Zampullin comun
-0.887;37.742;Depuradora de Los Alcazares ;Murcia;Murcia;2005;Feb;Animalia;Aves;Anatidae;Tadorna;Tadorna tadorna;Tarro blanco
-0.887;37.742;Depuradora de Los Alcazares ;Murcia;Murcia;2007;Feb;Animalia;Aves;Anatidae;Tadorna;Tadorna tadorna;Tarro blanco
-0.887;37.742;Depuradora de Los Alcazares ;Murcia;Murcia;2009;Feb;Animalia;Aves;Anatidae;Tadorna;Tadorna tadorna;Tarro blanco
-0.887;37.742;Depuradora de Los Alcazares ;Murcia;Murcia;2011;Feb;Animalia;Aves;Anatidae;Tadorna;Tadorna tadorna;Tarro blanco
-0.887;37.742;Depuradora de Los Alcazares ;Murcia;Murcia;2011;Feb;Animalia;Aves;Podicipedidae;Podiceps;Podiceps nigricollis;Zampullin cuellinegro
-0.887;37.742;Depuradora de Los Alcazares ;Murcia;Murcia;2011;Oct;Animalia;Aves;Podicipedidae;Tachybaptus;Tachybaptus ruficollis;Zampullin comun
-0.887;37.742;Depuradora de Los Alcazares ;Murcia;Murcia;2012;Feb;Animalia;Aves;Anatidae;Tadorna;Tadorna tadorna;Tarro blanco
-0.887;37.742;Depuradora de Los Alcazares ;Murcia;Murcia;2012;Feb;Animalia;Aves;Podicipedidae;Podiceps;Podiceps nigricollis;Zampullin cuellinegro
-0.887;37.742;Depuradora de Los Alcazares ;Murcia;Murcia;2012;Oct;Animalia;Aves;Podicipedidae;Tachybaptus;Tachybaptus ruficollis;Zampullin comun
-0.887;37.742;Depuradora de Los Alcazares ;Murcia;Murcia;2013;Feb;Animalia;Aves;Anatidae;Tadorna;Tadorna tadorna;Tarro blanco
-0.887;37.742;Depuradora de Los Alcazares ;Murcia;Murcia;2013;Oct;Animalia;Aves;Podicipedidae;Tachybaptus;Tachybaptus ruficollis;Zampullin comun
-0.887;37.742;Depuradora de Los Alcazares ;Murcia;Murcia;2014;Oct;Animalia;Aves;Podicipedidae;Tachybaptus;Tachybaptus ruficollis;Zampullin comun
-0.913;37.679;Rambla de Miranda ;Murcia;Murcia;2004;Feb;Animalia;Aves;Anatidae;Tadorna;Tadorna tadorna;Tarro blanco
-0.913;37.679;Rambla de Miranda ;Murcia;Murcia;2007;Feb;Animalia;Aves;Anatidae;Tadorna;Tadorna tadorna;Tarro blanco
-0.913;37.679;Rambla de Miranda ;Murcia;Murcia;2007;Oct;Animalia;Aves;Podicipedidae;Tachybaptus;Tachybaptus ruficollis;Zampullin comun
-0.913;37.679;Rambla de Miranda ;Murcia;Murcia;2008;Feb;Animalia;Aves;Podicipedidae;Podiceps;Podiceps nigricollis;Zampullin cuellinegro
-0.913;37.679;Rambla de Miranda ;Murcia;Murcia;2008;Oct;Animalia;Aves;Podicipedidae;Tachybaptus;Tachybaptus ruficollis;Zampullin comun
-0.913;37.679;Rambla de Miranda ;Murcia;Murcia;2009;Oct;Animalia;Aves;Podicipedidae;Tachybaptus;Tachybaptus ruficollis;Zampullin comun
-0.913;37.679;Rambla de Miranda ;Murcia;Murcia;2010;Feb;Animalia;Aves;Anatidae;Tadorna;Tadorna tadorna;Tarro blanco
-0.86;37.716;Rambla del Albujon;Murcia;Murcia;2014;Feb;Animalia;Aves;Podicipedidae;Podiceps;Podiceps cristatus;Great Crested Grebe
-0.86;37.716;Rambla del Albujon;Murcia;Murcia;2014;Nov;Animalia;Aves;Upupidae;Upupa;Upupa epops;Eurasian Hoopoe
-0.86;37.716;Rambla del Albujon;Murcia;Murcia;2014;Feb;Animalia;Aves;Podicipedidae;Podiceps;Podiceps nigricollis;Eared Grebe
-0.86;37.716;Rambla del Albujon--desembocadura;Murcia;Murcia;2018;Oct;Animalia;Aves;Podicipedidae;Tachybaptus;Tachybaptus ruficollis;Little Grebe
-1.325;42.553;Aibar--Valladana;Alava;Euskadi;2015;Oct;Animalia;Aves;Fringillidae;Fringilla;Fringilla coelebs;Common Chaffinch
-2.62;43.01;Albina;Alava;Euskadi;2000;Feb;Animalia;Aves;Podicipedidae;Podiceps;Podiceps cristatus;Somormujo lavanco
-2.62;43.01;Albina;Alava;Euskadi;2001;Feb;Animalia;Aves;Podicipedidae;Podiceps;Podiceps cristatus;Somormujo lavanco
-2.62;43.01;Albina;Alava;Euskadi;2002;Feb;Animalia;Aves;Podicipedidae;Podiceps;Podiceps cristatus;Somormujo lavanco
-2.62;43.01;Albina;Alava;Euskadi;2003;Feb;Animalia;Aves;Podicipedidae;Podiceps;Podiceps cristatus;Somormujo lavanco
-2.62;43.01;Albina;Alava;Euskadi;2004;Feb;Animalia;Aves;Podicipedidae;Podiceps;Podiceps cristatus;Somormujo lavanco
-2.62;43.01;Albina;Alava;Euskadi;2005;Feb;Animalia;Aves;Podicipedidae;Podiceps;Podiceps cristatus;Somormujo lavanco
-2.62;43.01;Albina;Alava;Euskadi;2007;Feb;Animalia;Aves;Podicipedidae;Podiceps;Podiceps cristatus;Somormujo lavanco
-2.62;43.01;Albina;Alava;Euskadi;2008;Feb;Animalia;Aves;Podicipedidae;Podiceps;Podiceps cristatus;Somormujo lavanco
-2.62;43.01;Albina;Alava;Euskadi;2009;Feb;Animalia;Aves;Podicipedidae;Podiceps;Podiceps cristatus;Somormujo lavanco
-2.62;43.01;Albina;Alava;Euskadi;2009;Oct;Animalia;Aves;Podicipedidae;Tachybaptus;Tachybaptus ruficollis;Zampullin comun
-2.62;43.01;Albina;Alava;Euskadi;2010;Feb;Animalia;Aves;Podicipedidae;Podiceps;Podiceps cristatus;Somormujo lavanco
-2.62;43.01;Albina;Alava;Euskadi;2011;Feb;Animalia;Aves;Podicipedidae;Podiceps;Podiceps cristatus;Somormujo lavanco
-2.62;43.01;Albina;Alava;Euskadi;2012;Feb;Animalia;Aves;Podicipedidae;Podiceps;Podiceps cristatus;Somormujo lavanco
-2.62;43.01;Albina;Alava;Euskadi;2014;Feb;Animalia;Aves;Podicipedidae;Podiceps;Podiceps cristatus;Somormujo lavanco
-2.62;43.01;Albina;Alava;Euskadi;2016;Feb;Animalia;Aves;Podicipedidae;Podiceps;Podiceps cristatus;Somormujo lavanco
-2.82;42.56;Andaverde;Alava;Euskadi;2009;Oct;Animalia;Aves;Podicipedidae;Tachybaptus;Tachybaptus ruficollis;Zampullin comun
-2.82;42.56;Andaverde;Alava;Euskadi;2013;Oct;Animalia;Aves;Podicipedidae;Tachybaptus;Tachybaptus ruficollis;Zampullin comun
-6.464;37.134;Plana de inundacion del Partido;Alava;Euskadi;2020;Feb;Animalia;Amphibia;Hylidae;Hyla;Hyla meridionalis;Mediterranean Tree Frog
-7.2;39.2;Rio Gevora Alto;Alava;Euskadi;2018;Mar;Animalia;Amphibia;Salamandridae;Salamandra;Salamandra salamandra;Fire Salamander
-1.582;41.977;Ablitas--Balsa de Bajabon;Navarra;Navarra - Nafarroa;2015;Feb;Animalia;Aves;Anatidae;Anas;Mareca penelope;Eurasian Wigeon
-1.519;42.772;Aranguren;Navarra;Navarra - Nafarroa;2019;Jul;Animalia;Amphibia;Bufonidae;Bufo;Bufo spinosus;Spiny Toad
-1.55;42.75;Aranguren;Navarra;Navarra - Nafarroa;2012;Feb;Animalia;Mammalia;Canidae;Vulpes;Vulpes vulpes;Red Fox
-1.542;42.788;Aranguren;Navarra;Navarra - Nafarroa;2019;Oct;Animalia;Mammalia;Mustelidae;Meles;Meles meles;Eurasian Badger
-1.578;42.773;Aranguren;Navarra;Navarra - Nafarroa;2020;Feb;Animalia;Mammalia;Mustelidae;Meles;Meles meles;Eurasian Badger
-1.536;42.756;Aranguren;Navarra;Navarra - Nafarroa;2020;Oct;Animalia;Mammalia;Mustelidae;Meles;Meles meles;Eurasian Badger
-1.361;42.959;Arce;Navarra;Navarra - Nafarroa;2006;Oct;Animalia;Amphibia;Salamandridae;Salamandra;Salamandra salamandra;Fire Salamander
-1.423;42.734;Ardanaz;Navarra;Navarra - Nafarroa;2005;Oct;Animalia;Aves;Fringillidae;Fringilla;Fringilla coelebs;Common Chaffinch
-1.422;42.727;Ardanaz;Navarra;Navarra - Nafarroa;2005;Oct;Animalia;Aves;Fringillidae;Fringilla;Fringilla coelebs;Common Chaffinch
-1.597;42.176;Arguedas;Navarra;Navarra - Nafarroa;2006;Sep;Animalia;Amphibia;Pelobatidae;Pelobates;Pelobates cultripes;Western Spadefoot
-1.597;42.176;Arguedas;Navarra;Navarra - Nafarroa;2005;Oct;Animalia;Mammalia;Gliridae;Eliomys;Eliomys quercinus;Garden Dormouse
-1.558;42.154;Arguedas;Navarra;Navarra - Nafarroa;2020;Oct;Animalia;Mammalia;Mustelidae;Lutra;Lutra lutra;Eurasian Otter
-1.558;42.154;Arguedas;Navarra;Navarra - Nafarroa;2020;Oct;Animalia;Mammalia;Canidae;Vulpes;Vulpes vulpes;Red Fox
-1.598;42.15;Arguedas--arrozales;Navarra;Navarra - Nafarroa;2015;Oct;Animalia;Aves;Fringillidae;Fringilla;Fringilla coelebs;Common Chaffinch
-1.598;42.15;Arguedas--arrozales;Navarra;Navarra - Nafarroa;2015;Oct;Animalia;Aves;Ardeidae;Ardea;Ardea alba;Great Egret
-1.598;42.15;Arguedas--arrozales;Navarra;Navarra - Nafarroa;2016;Oct;Animalia;Aves;Threskiornithidae;Plegadis;Plegadis falcinellus;Glossy Ibis
-1.598;42.15;Arguedas--arrozales;Navarra;Navarra - Nafarroa;2016;Oct;Animalia;Aves;Podicipedidae;Tachybaptus;Tachybaptus ruficollis;Little Grebe
-1.598;42.15;Arguedas--arrozales;Navarra;Navarra - Nafarroa;2016;Oct;Animalia;Aves;Ardeidae;Ardea;Ardea alba;Great Egret
-1.598;42.15;Arguedas--arrozales;Navarra;Navarra - Nafarroa;2017;Oct;Animalia;Aves;Ardeidae;Ardea;Ardea alba;Great Egret
-1.576;42.145;Arrozales de Arguedas;Navarra;Navarra - Nafarroa;2018;Feb;Animalia;Aves;Anatidae;Tadorna;Tadorna tadorna;Common Shelduck
-1.369;42.336;Arrozales de Figarol;Navarra;Navarra - Nafarroa;2019;Oct;Animalia;Aves;Ardeidae;Ardea;Ardea alba;Great Egret
-1.764;42.588;Artajona;Navarra;Navarra - Nafarroa;2004;Mar;Animalia;Amphibia;Bufonidae;Bufo;Bufo spinosus;Spiny Toad
-1.754;42.591;Artajona--alto Las Cabras;Navarra;Navarra - Nafarroa;2016;Oct;Animalia;Aves;Fringillidae;Fringilla;Fringilla coelebs;Common Chaffinch
-1.763;42.589;Artajona--Area General;Navarra;Navarra - Nafarroa;2014;Oct;Animalia;Aves;Fringillidae;Fringilla;Fringilla coelebs;Common Chaffinch
-1.721;42.582;Artajona--Artadia;Navarra;Navarra - Nafarroa;2018;Oct;Animalia;Aves;Fringillidae;Fringilla;Fringilla coelebs;Common Chaffinch
-1.761;42.577;Artajona--depuradora;Navarra;Navarra - Nafarroa;2016;Oct;Animalia;Aves;Podicipedidae;Tachybaptus;Tachybaptus ruficollis;Little Grebe
-1.759;42.587;Artajona--fuente Los Cabos;Navarra;Navarra - Nafarroa;2016;Oct;Animalia;Aves;Fringillidae;Fringilla;Fringilla coelebs;Common Chaffinch
-1.81;42.567;Artajona--Olagorria;Navarra;Navarra - Nafarroa;2018;Oct;Animalia;Aves;Fringillidae;Fringilla;Fringilla coelebs;Common Chaffinch
-1.343;43.026;Auritz;Navarra;Navarra - Nafarroa;2019;Jul;Animalia;Amphibia;Bufonidae;Bufo;Bufo spinosus;Spiny Toad
-1.908;42.3;Azagra ;Navarra;Navarra - Nafarroa;2001;Oct;Animalia;Aves;Podicipedidae;Tachybaptus;Tachybaptus ruficollis;Zampullin comun
-1.908;42.3;Azagra ;Navarra;Navarra - Nafarroa;2003;Feb;Animalia;Aves;Podicipedidae;Podiceps;Podiceps cristatus;Somormujo lavanco
-1.908;42.3;Azagra ;Navarra;Navarra - Nafarroa;2003;Oct;Animalia;Aves;Podicipedidae;Tachybaptus;Tachybaptus ruficollis;Zampullin comun
-1.908;42.3;Azagra ;Navarra;Navarra - Nafarroa;2004;Feb;Animalia;Aves;Podicipedidae;Podiceps;Podiceps cristatus;Somormujo lavanco
-1.908;42.3;Azagra ;Navarra;Navarra - Nafarroa;2004;Oct;Animalia;Aves;Podicipedidae;Tachybaptus;Tachybaptus ruficollis;Zampullin comun
-1.826;42.072;Balsa de Agua Potable, Estanca de Cintruenigo ;Navarra;Navarra - Nafarroa;2003;Feb;Animalia;Aves;Podicipedidae;Podiceps;Podiceps cristatus;Somormujo lavanco
-1.826;42.072;Balsa de Agua Potable, Estanca de Cintruenigo ;Navarra;Navarra - Nafarroa;2004;Feb;Animalia;Aves;Podicipedidae;Podiceps;Podiceps cristatus;Somormujo lavanco
-1.826;42.072;Balsa de Agua Potable, Estanca de Cintruenigo ;Navarra;Navarra - Nafarroa;2004;Oct;Animalia;Aves;Podicipedidae;Tachybaptus;Tachybaptus ruficollis;Zampullin comun
-1.702;42.111;Balsa de Agua Salada ;Navarra;Navarra - Nafarroa;2001;Oct;Animalia;Aves;Podicipedidae;Tachybaptus;Tachybaptus ruficollis;Zampullin comun
-1.642;41.98;Balsa de aguas pluviales, Tudela ;Navarra;Navarra - Nafarroa;2003;Oct;Animalia;Aves;Podicipedidae;Tachybaptus;Tachybaptus ruficollis;Zampullin comun
-1.65;42.052;Balsa de Cardete ;Navarra;Navarra - Nafarroa;2001;Feb;Animalia;Aves;Podicipedidae;Podiceps;Podiceps cristatus;Somormujo lavanco
-1.65;42.052;Balsa de Cardete ;Navarra;Navarra - Nafarroa;2001;Oct;Animalia;Aves;Podicipedidae;Tachybaptus;Tachybaptus ruficollis;Zampullin comun
-1.65;42.052;Balsa de Cardete ;Navarra;Navarra - Nafarroa;2003;Feb;Animalia;Aves;Podicipedidae;Podiceps;Podiceps cristatus;Somormujo lavanco
-1.65;42.052;Balsa de Cardete ;Navarra;Navarra - Nafarroa;2003;Oct;Animalia;Aves;Podicipedidae;Tachybaptus;Tachybaptus ruficollis;Zampullin comun
-1.632;41.978;Balsa de Prado Bajo ;Navarra;Navarra - Nafarroa;2003;Feb;Animalia;Aves;Podicipedidae;Podiceps;Podiceps cristatus;Somormujo lavanco
-1.709;42.057;Balsa de Pulguer ;Navarra;Navarra - Nafarroa;2001;Feb;Animalia;Aves;Podicipedidae;Podiceps;Podiceps cristatus;Somormujo lavanco
-1.709;42.057;Balsa de Pulguer ;Navarra;Navarra - Nafarroa;2001;Feb;Animalia;Aves;Podicipedidae;Podiceps;Podiceps nigricollis;Zampullin cuellinegro
-1.709;42.057;Balsa de Pulguer ;Navarra;Navarra - Nafarroa;2001;Oct;Animalia;Aves;Podicipedidae;Tachybaptus;Tachybaptus ruficollis;Zampullin comun
-1.709;42.057;Balsa de Pulguer ;Navarra;Navarra - Nafarroa;2003;Feb;Animalia;Aves;Anatidae;Netta;Netta rufina;Pato colorado
-1.579;42.306;Balsa de Rada ;Navarra;Navarra - Nafarroa;2000;Feb;Animalia;Aves;Podicipedidae;Podiceps;Podiceps cristatus;Somormujo lavanco
-1.408;42.175;Balsa de Zapata ;Navarra;Navarra - Nafarroa;2000;Feb;Animalia;Aves;Podicipedidae;Podiceps;Podiceps cristatus;Somormujo lavanco
-1.408;42.175;Balsa de Zapata ;Navarra;Navarra - Nafarroa;2001;Feb;Animalia;Aves;Podicipedidae;Podiceps;Podiceps nigricollis;Zampullin cuellinegro
-1.408;42.175;Balsa de Zapata ;Navarra;Navarra - Nafarroa;2001;Feb;Animalia;Aves;Anatidae;Netta;Netta rufina;Pato colorado
-1.613;42.02;Balsa del SenoRio de Beraiz, Ulzama ;Navarra;Navarra - Nafarroa;2003;Oct;Animalia;Aves;Podicipedidae;Tachybaptus;Tachybaptus ruficollis;Zampullin comun
-1.673;42.16;Balsa zona recreativa, Castejon ;Navarra;Navarra - Nafarroa;2001;Oct;Animalia;Aves;Podicipedidae;Tachybaptus;Tachybaptus ruficollis;Zampullin comun
-1.512;42.219;Bardenas Reales;Navarra;Navarra - Nafarroa;2019;Feb;Animalia;Mammalia;Canidae;Vulpes;Vulpes vulpes;Red Fox
-1.429;42.197;Bardenas Reales;Navarra;Navarra - Nafarroa;2019;Feb;Animalia;Mammalia;Canidae;Vulpes;Vulpes vulpes;Red Fox
-1.758;43.033;Basaburua;Navarra;Navarra - Nafarroa;2011;Aug;Animalia;Amphibia;Bufonidae;Bufo;Bufo spinosus;Spiny Toad
-1.8;43;Basaburua;Navarra;Navarra - Nafarroa;2013;Sep;Animalia;Mammalia;Gliridae;Glis;Glis glis;Edible Dormouse
-1.479;43.202;Baztan;Navarra;Navarra - Nafarroa;2004;Aug;Animalia;Amphibia;Bufonidae;Bufo;Bufo spinosus;Spiny Toad
-1.456;43.181;Baztan;Navarra;Navarra - Nafarroa;2005;Mar;Animalia;Amphibia;Bufonidae;Bufo;Bufo spinosus;Spiny Toad
-1.45;43.18;Baztan;Navarra;Navarra - Nafarroa;2005;Mar;Animalia;Amphibia;Bufonidae;Bufo;Bufo spinosus;Spiny Toad
-1.45;43.18;Baztan;Navarra;Navarra - Nafarroa;2007;Jul;Animalia;Amphibia;Bufonidae;Bufo;Bufo spinosus;Spiny Toad
-1.45;43.18;Baztan;Navarra;Navarra - Nafarroa;2007;Aug;Animalia;Amphibia;Bufonidae;Bufo;Bufo spinosus;Spiny Toad
-1.456;43.168;Baztan;Navarra;Navarra - Nafarroa;2008;Apr;Animalia;Amphibia;Bufonidae;Bufo;Bufo spinosus;Spiny Toad
-1.45;43.18;Baztan;Navarra;Navarra - Nafarroa;2010;Aug;Animalia;Amphibia;Bufonidae;Bufo;Bufo spinosus;Spiny Toad
-1.6;43.1;Baztan;Navarra;Navarra - Nafarroa;2016;Apr;Animalia;Mammalia;Mustelidae;Meles;Meles meles;Eurasian Badger
-1.549;43.217;Baztan;Navarra;Navarra - Nafarroa;2019;Feb;Animalia;Mammalia;Mustelidae;Meles;Meles meles;Eurasian Badger
-1.548;43.217;Baztan;Navarra;Navarra - Nafarroa;2019;Feb;Animalia;Mammalia;Canidae;Vulpes;Vulpes vulpes;Red Fox
-1.639;42.73;Beriain;Navarra;Navarra - Nafarroa;2017;Aug;Animalia;Actinopterygii;Esocidae;Esox;Esox lucius;Northern pike
-1.627;43.135;Bertiz-Arana;Navarra;Navarra - Nafarroa;2003;Apr;Animalia;Actinopterygii;Salmonidae;Salmo;Salmo trutta;Atlantic trout
-1.4;42.35;Carcastillo;Navarra;Navarra - Nafarroa;2011;Jul;Animalia;Mammalia;Canidae;Vulpes;Vulpes vulpes;Red Fox
-1.665;42.138;Carrizal de Valdelafuente ;Navarra;Navarra - Nafarroa;2003;Oct;Animalia;Aves;Podicipedidae;Tachybaptus;Tachybaptus ruficollis;Zampullin comun
-1.798;42.038;Cintruenigo--Embalse de la Estanquillas o Agua potable;Navarra;Navarra - Nafarroa;2000;Feb;Animalia;Aves;Anatidae;Anas;Mareca penelope;Eurasian Wigeon
-1.651;42.811;Ciudadela de Pamplona;Navarra;Navarra - Nafarroa;2019;Mar;Animalia;Amphibia;Alytidae;Alytes;Alytes obstetricans;Midwife Toad
-1.653;42.812;Ciudadela de Pamplona;Navarra;Navarra - Nafarroa;2020;Oct;Animalia;Amphibia;Alytidae;Alytes;Alytes obstetricans;Midwife Toad
-1.652;42.813;Ciudadela de Pamplona;Navarra;Navarra - Nafarroa;2020;Oct;Animalia;Amphibia;Alytidae;Alytes;Alytes obstetricans;Midwife Toad
-1.652;42.812;Ciudadela de Pamplona;Navarra;Navarra - Nafarroa;2020;Feb;Animalia;Amphibia;Alytidae;Alytes;Alytes obstetricans;Midwife Toad
-1.652;42.813;Ciudadela de Pamplona;Navarra;Navarra - Nafarroa;2020;Feb;Animalia;Amphibia;Alytidae;Alytes;Alytes obstetricans;Midwife Toad
-1.651;42.811;Ciudadela de Pamplona;Navarra;Navarra - Nafarroa;2020;Feb;Animalia;Amphibia;Alytidae;Alytes;Alytes obstetricans;Midwife Toad
-1.65;42.81;Ciudadela de Pamplona;Navarra;Navarra - Nafarroa;2020;Feb;Animalia;Amphibia;Alytidae;Alytes;Alytes obstetricans;Midwife Toad
-1.649;42.81;Ciudadela de Pamplona;Navarra;Navarra - Nafarroa;2020;Feb;Animalia;Amphibia;Alytidae;Alytes;Alytes obstetricans;Midwife Toad
-1.649;42.811;Ciudadela de Pamplona;Navarra;Navarra - Nafarroa;2020;Feb;Animalia;Amphibia;Alytidae;Alytes;Alytes obstetricans;Midwife Toad
-1.77;42.123;Corella--La Estanca;Navarra;Navarra - Nafarroa;2000;Feb;Animalia;Aves;Anatidae;Anas;Mareca penelope;Eurasian Wigeon
-1.77;42.123;Corella--La Estanca;Navarra;Navarra - Nafarroa;2000;Oct;Animalia;Aves;Podicipedidae;Tachybaptus;Tachybaptus ruficollis;Little Grebe
-1.603;42.799;Egues;Navarra;Navarra - Nafarroa;2019;Feb;Animalia;Mammalia;Mustelidae;Meles;Meles meles;Eurasian Badger
-1.947;42.719;Embalse de Alloz ;Navarra;Navarra - Nafarroa;2000;Feb;Animalia;Aves;Podicipedidae;Podiceps;Podiceps cristatus;Somormujo lavanco
-1.947;42.719;Embalse de Alloz ;Navarra;Navarra - Nafarroa;2001;Feb;Animalia;Aves;Podicipedidae;Podiceps;Podiceps cristatus;Somormujo lavanco
-1.947;42.719;Embalse de Alloz ;Navarra;Navarra - Nafarroa;2002;Feb;Animalia;Aves;Podicipedidae;Podiceps;Podiceps cristatus;Somormujo lavanco
-1.947;42.719;Embalse de Alloz ;Navarra;Navarra - Nafarroa;2002;Feb;Animalia;Aves;Podicipedidae;Podiceps;Podiceps nigricollis;Zampullin cuellinegro
-1.947;42.719;Embalse de Alloz ;Navarra;Navarra - Nafarroa;2003;Feb;Animalia;Aves;Podicipedidae;Podiceps;Podiceps cristatus;Somormujo lavanco
-1.947;42.719;Embalse de Alloz ;Navarra;Navarra - Nafarroa;2004;Feb;Animalia;Aves;Podicipedidae;Podiceps;Podiceps cristatus;Somormujo lavanco
-1.947;42.719;Embalse de Alloz ;Navarra;Navarra - Nafarroa;2004;Oct;Animalia;Aves;Podicipedidae;Tachybaptus;Tachybaptus ruficollis;Zampullin comun
-1.871;43.227;Embalse de Anarbe ;Navarra;Navarra - Nafarroa;2003;Oct;Animalia;Aves;Podicipedidae;Tachybaptus;Tachybaptus ruficollis;Zampullin comun
-1.871;43.227;Embalse de Anarbe ;Navarra;Navarra - Nafarroa;2004;Oct;Animalia;Aves;Podicipedidae;Tachybaptus;Tachybaptus ruficollis;Zampullin comun
-1.788;43.218;Embalse de Artikutza ;Navarra;Navarra - Nafarroa;2001;Oct;Animalia;Aves;Podicipedidae;Tachybaptus;Tachybaptus ruficollis;Zampullin comun
-2.416;41.745;Embalse de Cabredo (Genevilla) ;Navarra;Navarra - Nafarroa;2000;Feb;Animalia;Aves;Podicipedidae;Podiceps;Podiceps cristatus;Somormujo lavanco
-2.416;41.745;Embalse de Cabredo (Genevilla) ;Navarra;Navarra - Nafarroa;2001;Feb;Animalia;Aves;Podicipedidae;Podiceps;Podiceps cristatus;Somormujo lavanco
-2.416;41.745;Embalse de Cabredo (Genevilla) ;Navarra;Navarra - Nafarroa;2001;Oct;Animalia;Aves;Podicipedidae;Tachybaptus;Tachybaptus ruficollis;Zampullin comun
-2.416;41.745;Embalse de Cabredo (Genevilla) ;Navarra;Navarra - Nafarroa;2002;Feb;Animalia;Aves;Podicipedidae;Podiceps;Podiceps cristatus;Somormujo lavanco
-2.416;41.745;Embalse de Cabredo (Genevilla) ;Navarra;Navarra - Nafarroa;2003;Oct;Animalia;Aves;Podicipedidae;Tachybaptus;Tachybaptus ruficollis;Zampullin comun
-2.416;41.745;Embalse de Cabredo (Genevilla) ;Navarra;Navarra - Nafarroa;2004;Feb;Animalia;Aves;Podicipedidae;Podiceps;Podiceps cristatus;Somormujo lavanco
-2.416;41.745;Embalse de Cabredo (Genevilla) ;Navarra;Navarra - Nafarroa;2004;Oct;Animalia;Aves;Podicipedidae;Tachybaptus;Tachybaptus ruficollis;Zampullin comun
-1.764;43.252;Embalse de Domiko ;Navarra;Navarra - Nafarroa;2001;Oct;Animalia;Aves;Podicipedidae;Tachybaptus;Tachybaptus ruficollis;Zampullin comun
-1.535;42.077;Embalse de Eugui ;Navarra;Navarra - Nafarroa;2000;Feb;Animalia;Aves;Podicipedidae;Podiceps;Podiceps cristatus;Somormujo lavanco
-1.535;42.077;Embalse de Eugui ;Navarra;Navarra - Nafarroa;2001;Feb;Animalia;Aves;Podicipedidae;Podiceps;Podiceps cristatus;Somormujo lavanco
-1.535;42.077;Embalse de Eugui ;Navarra;Navarra - Nafarroa;2001;Oct;Animalia;Aves;Podicipedidae;Tachybaptus;Tachybaptus ruficollis;Zampullin comun
-1.535;42.077;Embalse de Eugui ;Navarra;Navarra - Nafarroa;2002;Feb;Animalia;Aves;Podicipedidae;Podiceps;Podiceps cristatus;Somormujo lavanco
-1.535;42.077;Embalse de Eugui ;Navarra;Navarra - Nafarroa;2003;Feb;Animalia;Aves;Podicipedidae;Podiceps;Podiceps cristatus;Somormujo lavanco
-1.144;42.991;Embalse de Irabia ;Navarra;Navarra - Nafarroa;2001;Oct;Animalia;Aves;Podicipedidae;Tachybaptus;Tachybaptus ruficollis;Zampullin comun
-1.811;42.052;Embalse de La Nava, Cintruenigo ;Navarra;Navarra - Nafarroa;2001;Oct;Animalia;Aves;Podicipedidae;Tachybaptus;Tachybaptus ruficollis;Zampullin comun
-1.811;42.052;Embalse de La Nava, Cintruenigo ;Navarra;Navarra - Nafarroa;2004;Feb;Animalia;Aves;Podicipedidae;Podiceps;Podiceps cristatus;Somormujo lavanco
-1.811;42.052;Embalse de La Nava, Cintruenigo ;Navarra;Navarra - Nafarroa;2004;Oct;Animalia;Aves;Podicipedidae;Tachybaptus;Tachybaptus ruficollis;Zampullin comun
-2.399;42.487;Embalse de las Canas ;Navarra;Navarra - Nafarroa;2000;Feb;Animalia;Aves;Podicipedidae;Podiceps;Podiceps cristatus;Somormujo lavanco
-2.399;42.487;Embalse de las Canas ;Navarra;Navarra - Nafarroa;2001;Oct;Animalia;Aves;Podicipedidae;Tachybaptus;Tachybaptus ruficollis;Zampullin comun
-2.399;42.487;Embalse de las Canas ;Navarra;Navarra - Nafarroa;2002;Feb;Animalia;Aves;Podicipedidae;Podiceps;Podiceps cristatus;Somormujo lavanco
-2.399;42.487;Embalse de las Canas ;Navarra;Navarra - Nafarroa;2003;Feb;Animalia;Aves;Anatidae;Tadorna;Tadorna tadorna;Tarro blanco
-2.399;42.487;Embalse de las Canas ;Navarra;Navarra - Nafarroa;2004;Feb;Animalia;Aves;Podicipedidae;Podiceps;Podiceps cristatus;Somormujo lavanco
-1.795;42.039;Embalse de las Estanquillas ;Navarra;Navarra - Nafarroa;2000;Feb;Animalia;Aves;Podicipedidae;Podiceps;Podiceps cristatus;Somormujo lavanco
-1.772;43.263;Embalse de San Anton ;Navarra;Navarra - Nafarroa;2001;Oct;Animalia;Aves;Podicipedidae;Tachybaptus;Tachybaptus ruficollis;Zampullin comun
-1.773;43.261;Embalse de San Anton ;Navarra;Navarra - Nafarroa;2003;Oct;Animalia;Aves;Podicipedidae;Tachybaptus;Tachybaptus ruficollis;Zampullin comun
-1.171;42.618;Embalse de Yesa ;Navarra;Navarra - Nafarroa;2001;Feb;Animalia;Aves;Podicipedidae;Podiceps;Podiceps cristatus;Somormujo lavanco
-1.171;42.618;Embalse de Yesa ;Navarra;Navarra - Nafarroa;2001;Oct;Animalia;Aves;Podicipedidae;Tachybaptus;Tachybaptus ruficollis;Zampullin comun
-1.171;42.618;Embalse de Yesa ;Navarra;Navarra - Nafarroa;2002;Feb;Animalia;Aves;Podicipedidae;Podiceps;Podiceps cristatus;Somormujo lavanco
-1.171;42.618;Embalse de Yesa ;Navarra;Navarra - Nafarroa;2003;Feb;Animalia;Aves;Podicipedidae;Podiceps;Podiceps cristatus;Somormujo lavanco
-1.171;42.618;Embalse de Yesa ;Navarra;Navarra - Nafarroa;2000;Feb;Animalia;Aves;Podicipedidae;Podiceps;Podiceps cristatus;Somormujo lavanco
-1.569;42.29;Embalse del Ferial ;Navarra;Navarra - Nafarroa;2001;Feb;Animalia;Aves;Podicipedidae;Podiceps;Podiceps cristatus;Somormujo lavanco
-1.569;42.29;Embalse del Ferial ;Navarra;Navarra - Nafarroa;2001;Oct;Animalia;Aves;Podicipedidae;Tachybaptus;Tachybaptus ruficollis;Zampullin comun
-1.569;42.29;Embalse del Ferial ;Navarra;Navarra - Nafarroa;2003;Feb;Animalia;Aves;Podicipedidae;Podiceps;Podiceps cristatus;Somormujo lavanco
-1.981;42.287;Embalse Perdiguera ;Navarra;Navarra - Nafarroa;2003;Feb;Animalia;Aves;Podicipedidae;Podiceps;Podiceps cristatus;Somormujo lavanco
-1.457;42.895;Erro;Navarra;Navarra - Nafarroa;2019;Oct;Animalia;Mammalia;Mustelidae;Meles;Meles meles;Eurasian Badger
-1.447;42.891;Erro;Navarra;Navarra - Nafarroa;2019;Oct;Animalia;Mammalia;Mustelidae;Meles;Meles meles;Eurasian Badger
-1.445;42.891;Erro;Navarra;Navarra - Nafarroa;2019;Oct;Animalia;Mammalia;Mustelidae;Meles;Meles meles;Eurasian Badger
-1.77;42.125;Estanca de Corella ;Navarra;Navarra - Nafarroa;2000;Feb;Animalia;Aves;Podicipedidae;Podiceps;Podiceps cristatus;Somormujo lavanco
-1.77;42.125;Estanca de Corella ;Navarra;Navarra - Nafarroa;2001;Feb;Animalia;Aves;Podicipedidae;Podiceps;Podiceps cristatus;Somormujo lavanco
-1.77;42.125;Estanca de Corella ;Navarra;Navarra - Nafarroa;2001;Feb;Animalia;Aves;Anatidae;Netta;Netta rufina;Pato colorado
-1.77;42.125;Estanca de Corella ;Navarra;Navarra - Nafarroa;2001;Oct;Animalia;Aves;Podicipedidae;Tachybaptus;Tachybaptus ruficollis;Zampullin comun
-1.503;42.945;Esteribar;Navarra;Navarra - Nafarroa;2004;Mar;Animalia;Actinopterygii;Salmonidae;Salmo;Salmo trutta;Atlantic trout
-1.511;42.954;Esteribar;Navarra;Navarra - Nafarroa;2019;May;Animalia;Actinopterygii;Salmonidae;Salmo;Salmo trutta;Atlantic trout
-1.8;42.75;Etxauri;Navarra;Navarra - Nafarroa;2012;Apr;Animalia;Mammalia;Mustelidae;Meles;Meles meles;Eurasian Badger
-1.561;42.052;Isla de la Mejana de Mosquera, Tudela ;Navarra;Navarra - Nafarroa;2003;Oct;Animalia;Aves;Podicipedidae;Tachybaptus;Tachybaptus ruficollis;Zampullin comun
-2.114;42.892;Iturmendi;Navarra;Navarra - Nafarroa;2020;Feb;Animalia;Mammalia;Mustelidae;Meles;Meles meles;Eurasian Badger
-1.795;42.124;La Estanquilla, Corella ;Navarra;Navarra - Nafarroa;2000;Feb;Animalia;Aves;Podicipedidae;Podiceps;Podiceps cristatus;Somormujo lavanco
-1.504;42.217;Laguna de Cortinas ;Navarra;Navarra - Nafarroa;2001;Oct;Animalia;Aves;Podicipedidae;Tachybaptus;Tachybaptus ruficollis;Zampullin comun
-1.4;42.3;Laguna de Dos Reinos;Navarra;Navarra - Nafarroa;2013;Apr;Animalia;Mammalia;Mustelidae;Meles;Meles meles;Eurasian Badger
-1.343;42.345;Laguna de Dos Reinos ;Navarra;Navarra - Nafarroa;2000;Feb;Animalia;Aves;Podicipedidae;Podiceps;Podiceps cristatus;Somormujo lavanco
-1.343;42.345;Laguna de Dos Reinos ;Navarra;Navarra - Nafarroa;2001;Feb;Animalia;Aves;Anatidae;Tadorna;Tadorna tadorna;Tarro blanco
-1.343;42.345;Laguna de Dos Reinos ;Navarra;Navarra - Nafarroa;2001;Oct;Animalia;Aves;Ardeidae;Ardea;Egretta alba;Garceta grande
-1.343;42.345;Laguna de Dos Reinos ;Navarra;Navarra - Nafarroa;2001;Oct;Animalia;Aves;Podicipedidae;Tachybaptus;Tachybaptus ruficollis;Zampullin comun
-1.65;41.987;Laguna de Lor ;Navarra;Navarra - Nafarroa;2000;Feb;Animalia;Aves;Podicipedidae;Podiceps;Podiceps cristatus;Somormujo lavanco
-1.65;41.987;Laguna de Lor ;Navarra;Navarra - Nafarroa;2001;Feb;Animalia;Aves;Podicipedidae;Podiceps;Podiceps cristatus;Somormujo lavanco
-1.65;41.987;Laguna de Lor ;Navarra;Navarra - Nafarroa;2001;Oct;Animalia;Aves;Podicipedidae;Tachybaptus;Tachybaptus ruficollis;Zampullin comun
-1.65;41.987;Laguna de Lor ;Navarra;Navarra - Nafarroa;2002;Feb;Animalia;Aves;Podicipedidae;Podiceps;Podiceps cristatus;Somormujo lavanco
-1.65;41.987;Laguna de Lor ;Navarra;Navarra - Nafarroa;2003;Oct;Animalia;Aves;Podicipedidae;Tachybaptus;Tachybaptus ruficollis;Zampullin comun
-1.58;42.414;Laguna de Pitillas ;Navarra;Navarra - Nafarroa;2001;Feb;Animalia;Aves;Podicipedidae;Podiceps;Podiceps nigricollis;Zampullin cuellinegro
-1.58;42.414;Laguna de Pitillas ;Navarra;Navarra - Nafarroa;2001;Oct;Animalia;Aves;Ardeidae;Ardea;Egretta alba;Garceta grande
-1.58;42.414;Laguna de Pitillas ;Navarra;Navarra - Nafarroa;2001;Oct;Animalia;Aves;Podicipedidae;Tachybaptus;Tachybaptus ruficollis;Zampullin comun
-1.58;42.414;Laguna de Pitillas ;Navarra;Navarra - Nafarroa;2003;Oct;Animalia;Aves;Podicipedidae;Tachybaptus;Tachybaptus ruficollis;Zampullin comun
-1.711;42.518;Laguna del Juncal, Tafalla ;Navarra;Navarra - Nafarroa;2001;Oct;Animalia;Aves;Podicipedidae;Tachybaptus;Tachybaptus ruficollis;Zampullin comun
-1.631;42.984;Lantz;Navarra;Navarra - Nafarroa;2020;Feb;Animalia;Mammalia;Canidae;Vulpes;Vulpes vulpes;Red Fox
-1.9;42.9;Larraun;Navarra;Navarra - Nafarroa;2017;Feb;Animalia;Mammalia;Canidae;Vulpes;Vulpes vulpes;Red Fox
-1.9;43;Larraun;Navarra;Navarra - Nafarroa;2017;Mar;Animalia;Mammalia;Mustelidae;Meles;Meles meles;Eurasian Badger
-1.876;42.938;Larraun;Navarra;Navarra - Nafarroa;2017;Feb;Animalia;Mammalia;Canidae;Vulpes;Vulpes vulpes;Red Fox
-1.95;42.45;Lerin;Navarra;Navarra - Nafarroa;2016;Apr;Animalia;Mammalia;Mustelidae;Meles;Meles meles;Eurasian Badger
-1.95;42.45;Lerin;Navarra;Navarra - Nafarroa;2017;Mar;Animalia;Mammalia;Mustelidae;Meles;Meles meles;Eurasian Badger
-1.918;42.452;Lerin;Navarra;Navarra - Nafarroa;2020;Feb;Animalia;Mammalia;Mustelidae;Meles;Meles meles;Eurasian Badger
-1.418;42.778;Longuida;Navarra;Navarra - Nafarroa;2020;Oct;Animalia;Mammalia;Mustelidae;Meles;Meles meles;Eurasian Badger
-1.846;42.662;Maneru;Navarra;Navarra - Nafarroa;2020;Oct;Animalia;Mammalia;Sciuridae;Sciurus;Sciurus vulgaris;Eurasian Red Squirrel
-1.878;42.591;MendigorRia;Navarra;Navarra - Nafarroa;2016;Apr;Animalia;Mammalia;Canidae;Vulpes;Vulpes vulpes;Red Fox
-1.843;42.615;MendigorRia;Navarra;Navarra - Nafarroa;2018;Mar;Animalia;Mammalia;Canidae;Vulpes;Vulpes vulpes;Red Fox
-1.824;42.636;MendigorRia;Navarra;Navarra - Nafarroa;2020;Oct;Animalia;Mammalia;Mustelidae;Meles;Meles meles;Eurasian Badger
-1.835;42.628;Mendigorria--Area General;Navarra;Navarra - Nafarroa;2015;Oct;Animalia;Aves;Fringillidae;Fringilla;Fringilla coelebs;Common Chaffinch
-1.835;42.628;Mendigorria--Area General;Navarra;Navarra - Nafarroa;2015;Feb;Animalia;Aves;Tytonidae;Tyto;Tyto alba;Barn Owl
-1.818;42.617;Mendigorria--ctra. Artajona;Navarra;Navarra - Nafarroa;2016;Oct;Animalia;Aves;Fringillidae;Fringilla;Fringilla coelebs;Common Chaffinch
-1.842;42.62;Mendigorria--Rio Arga, puente de Andion;Navarra;Navarra - Nafarroa;2015;Oct;Animalia;Aves;Fringillidae;Fringilla;Fringilla coelebs;Common Chaffinch
-1.842;42.62;Mendigorria--Rio Arga, puente de Andion;Navarra;Navarra - Nafarroa;2015;Oct;Animalia;Aves;Podicipedidae;Tachybaptus;Tachybaptus ruficollis;Little Grebe
-1.842;42.62;Mendigorria--Rio Arga, puente de Andion;Navarra;Navarra - Nafarroa;2016;Oct;Animalia;Aves;Ardeidae;Ardea;Ardea alba;Great Egret
-1.773;42.223;Milagro;Navarra;Navarra - Nafarroa;2020;Oct;Animalia;Mammalia;Mustelidae;Lutra;Lutra lutra;Eurasian Otter
-1.769;42.225;Milagro;Navarra;Navarra - Nafarroa;2020;Oct;Animalia;Mammalia;Mustelidae;Meles;Meles meles;Eurasian Badger
-1.527;42.724;Monreal;Navarra;Navarra - Nafarroa;2020;Feb;Animalia;Mammalia;Mustelidae;Meles;Meles meles;Eurasian Badger
-1.529;42.723;Monreal--balsa del canal;Navarra;Navarra - Nafarroa;2016;Feb;Animalia;Aves;Anatidae;Anas;Mareca penelope;Eurasian Wigeon
-1.465;43.016;Monte Alduide;Navarra;Navarra - Nafarroa;2010;May;Animalia;Amphibia;Salamandridae;Salamandra;Salamandra salamandra;Fire Salamander
-1.569;42.123;Murillo de las Limas (arroyo) ;Navarra;Navarra - Nafarroa;2003;Feb;Animalia;Aves;Podicipedidae;Podiceps;Podiceps cristatus;Somormujo lavanco
-1.569;42.123;Murillo de las Limas (arroyo) ;Navarra;Navarra - Nafarroa;2004;Oct;Animalia;Aves;Podicipedidae;Podiceps;Podiceps cristatus;Somormujo lavanco
-1.569;42.123;Murillo de las Limas (arroyo) ;Navarra;Navarra - Nafarroa;2004;Oct;Animalia;Aves;Podicipedidae;Tachybaptus;Tachybaptus ruficollis;Zampullin comun
-1.5;42.35;Murillo el Fruto;Navarra;Navarra - Nafarroa;2015;Jul;Animalia;Mammalia;Mustelidae;Meles;Meles meles;Eurasian Badger
-1.456;42.385;Murillo el Fruto--Rio Aragon;Navarra;Navarra - Nafarroa;2007;Oct;Animalia;Aves;Ardeidae;Ardea;Ardea alba;Great Egret
-0.898;42.893;NA-137 Burgui-Isaba;Navarra;Navarra - Nafarroa;2018;Feb;Animalia;Mammalia;Canidae;Vulpes;Vulpes vulpes;Red Fox
-0.865;42.924;Navarra;Navarra;Navarra - Nafarroa;2010;May;Animalia;Mammalia;Canidae;Vulpes;Vulpes vulpes;Red Fox
-2.399;42.481;Navarra;Navarra;Navarra - Nafarroa;2009;Apr;Animalia;Amphibia;Salamandridae;Triturus;Triturus marmoratus;Marbled Newt
-2.132;42.8;Navarra;Navarra;Navarra - Nafarroa;2015;Apr;Animalia;Actinopterygii;Salmonidae;Salmo;Salmo trutta;Atlantic trout
-1.113;42.716;Navascues;Navarra;Navarra - Nafarroa;2016;Jul;Animalia;Amphibia;Salamandridae;Calotriton;Calotriton asper;Pyrenean Brook Newt
-1.77;42.664;Obanos;Navarra;Navarra - Nafarroa;2020;Oct;Animalia;Mammalia;Canidae;Vulpes;Vulpes vulpes;Red Fox
-1.2;42.95;Ochagavia;Navarra;Navarra - Nafarroa;2004;Nov;Animalia;Amphibia;Alytidae;Alytes;Alytes obstetricans;Midwife Toad
-1.158;42.985;Ochagavia;Navarra;Navarra - Nafarroa;2005;Apr;Animalia;Amphibia;Salamandridae;Calotriton;Calotriton asper;Pyrenean Brook Newt
-1.658;42.953;Odieta;Navarra;Navarra - Nafarroa;2019;Mar;Animalia;Mammalia;Mustelidae;Meles;Meles meles;Eurasian Badger
-1.668;42.932;Odieta;Navarra;Navarra - Nafarroa;2020;Oct;Animalia;Mammalia;Canidae;Canis;Canis lupus;Wolf or Domesticated Dog
-2.181;42.875;Olazti;Navarra;Navarra - Nafarroa;2020;Oct;Animalia;Mammalia;Mustelidae;Martes;Martes foina;Beech Marten
-1.868;42.847;Ollo;Navarra;Navarra - Nafarroa;2018;Oct;Animalia;Actinopterygii;Salmonidae;Salmo;Salmo trutta;Atlantic trout
-1.868;42.847;Ollo;Navarra;Navarra - Nafarroa;2019;May;Animalia;Actinopterygii;Salmonidae;Salmo;Salmo trutta;Atlantic trout
-1.868;42.847;Ollo;Navarra;Navarra - Nafarroa;2019;May;Animalia;Actinopterygii;Salmonidae;Salmo;Salmo trutta;Brown Trout
-1.603;42.654;Oloriz;Navarra;Navarra - Nafarroa;2017;Mar;Animalia;Amphibia;Salamandridae;Triturus;Triturus marmoratus;Marbled Newt
-1.598;42.658;Oloriz;Navarra;Navarra - Nafarroa;2017;Mar;Animalia;Amphibia;Salamandridae;Triturus;Triturus marmoratus;Marbled Newt
-1.61;42.606;Orisoain;Navarra;Navarra - Nafarroa;2020;Feb;Animalia;Mammalia;Mustelidae;Meles;Meles meles;Eurasian Badger
-1.649;42.812;Pamplona;Navarra;Navarra - Nafarroa;2015;Oct;Animalia;Aves;Fringillidae;Fringilla;Fringilla coelebs;Common Chaffinch
-1.653;42.812;Pamplona;Navarra;Navarra - Nafarroa;2018;Feb;Animalia;Amphibia;Alytidae;Alytes;Alytes obstetricans;Midwife Toad
-1.653;42.812;Pamplona;Navarra;Navarra - Nafarroa;2018;Mar;Animalia;Amphibia;Alytidae;Alytes;Alytes obstetricans;Midwife Toad
-1.652;42.813;Pamplona;Navarra;Navarra - Nafarroa;2018;Oct;Animalia;Amphibia;Alytidae;Alytes;Alytes obstetricans;Midwife Toad
-1.652;42.813;Pamplona;Navarra;Navarra - Nafarroa;2018;Mar;Animalia;Amphibia;Alytidae;Alytes;Alytes obstetricans;Midwife Toad
-1.652;42.812;Pamplona;Navarra;Navarra - Nafarroa;2018;Mar;Animalia;Amphibia;Alytidae;Alytes;Alytes obstetricans;Midwife Toad
-1.651;42.81;Pamplona;Navarra;Navarra - Nafarroa;2018;Mar;Animalia;Amphibia;Alytidae;Alytes;Alytes obstetricans;Midwife Toad
-1.649;42.81;Pamplona;Navarra;Navarra - Nafarroa;2018;Mar;Animalia;Amphibia;Alytidae;Alytes;Alytes obstetricans;Midwife Toad
-1.647;42.811;Pamplona;Navarra;Navarra - Nafarroa;2018;Mar;Animalia;Amphibia;Alytidae;Alytes;Alytes obstetricans;Midwife Toad
-1.653;42.812;Pamplona;Navarra;Navarra - Nafarroa;2019;Mar;Animalia;Amphibia;Alytidae;Alytes;Alytes obstetricans;Midwife Toad
-1.652;42.812;Pamplona;Navarra;Navarra - Nafarroa;2019;Feb;Animalia;Amphibia;Alytidae;Alytes;Alytes obstetricans;Midwife Toad
-1.652;42.813;Pamplona;Navarra;Navarra - Nafarroa;2019;Feb;Animalia;Amphibia;Alytidae;Alytes;Alytes obstetricans;Midwife Toad
-1.652;42.816;Pamplona;Navarra;Navarra - Nafarroa;2019;Mar;Animalia;Amphibia;Alytidae;Alytes;Alytes obstetricans;Midwife Toad
-1.652;42.812;Pamplona;Navarra;Navarra - Nafarroa;2019;Mar;Animalia;Amphibia;Alytidae;Alytes;Alytes obstetricans;Midwife Toad
-1.652;42.813;Pamplona;Navarra;Navarra - Nafarroa;2019;Mar;Animalia;Amphibia;Alytidae;Alytes;Alytes obstetricans;Midwife Toad
-1.651;42.813;Pamplona;Navarra;Navarra - Nafarroa;2019;Feb;Animalia;Amphibia;Alytidae;Alytes;Alytes obstetricans;Midwife Toad
-1.651;42.811;Pamplona;Navarra;Navarra - Nafarroa;2019;Feb;Animalia;Amphibia;Alytidae;Alytes;Alytes obstetricans;Midwife Toad
-1.651;42.812;Pamplona;Navarra;Navarra - Nafarroa;2019;Mar;Animalia;Amphibia;Alytidae;Alytes;Alytes obstetricans;Midwife Toad
-1.651;42.811;Pamplona;Navarra;Navarra - Nafarroa;2019;Mar;Animalia;Amphibia;Alytidae;Alytes;Alytes obstetricans;Midwife Toad
-1.651;42.813;Pamplona;Navarra;Navarra - Nafarroa;2019;Mar;Animalia;Amphibia;Alytidae;Alytes;Alytes obstetricans;Midwife Toad
-1.651;42.81;Pamplona;Navarra;Navarra - Nafarroa;2019;Mar;Animalia;Amphibia;Alytidae;Alytes;Alytes obstetricans;Midwife Toad
-1.65;42.81;Pamplona;Navarra;Navarra - Nafarroa;2019;Feb;Animalia;Amphibia;Alytidae;Alytes;Alytes obstetricans;Midwife Toad
-1.65;42.81;Pamplona;Navarra;Navarra - Nafarroa;2019;Mar;Animalia;Amphibia;Alytidae;Alytes;Alytes obstetricans;Midwife Toad
-1.649;42.811;Pamplona;Navarra;Navarra - Nafarroa;2019;Feb;Animalia;Amphibia;Alytidae;Alytes;Alytes obstetricans;Midwife Toad
-1.649;42.81;Pamplona;Navarra;Navarra - Nafarroa;2019;Feb;Animalia;Amphibia;Alytidae;Alytes;Alytes obstetricans;Midwife Toad
-1.649;42.811;Pamplona;Navarra;Navarra - Nafarroa;2019;Mar;Animalia;Amphibia;Alytidae;Alytes;Alytes obstetricans;Midwife Toad
-1.649;42.81;Pamplona;Navarra;Navarra - Nafarroa;2019;Mar;Animalia;Amphibia;Alytidae;Alytes;Alytes obstetricans;Midwife Toad
-1.648;42.811;Pamplona;Navarra;Navarra - Nafarroa;2019;Feb;Animalia;Amphibia;Alytidae;Alytes;Alytes obstetricans;Midwife Toad
-1.648;42.811;Pamplona;Navarra;Navarra - Nafarroa;2019;Mar;Animalia;Amphibia;Alytidae;Alytes;Alytes obstetricans;Midwife Toad
-1.647;42.811;Pamplona;Navarra;Navarra - Nafarroa;2019;Feb;Animalia;Amphibia;Alytidae;Alytes;Alytes obstetricans;Midwife Toad
-1.647;42.811;Pamplona;Navarra;Navarra - Nafarroa;2019;Mar;Animalia;Amphibia;Alytidae;Alytes;Alytes obstetricans;Midwife Toad
-1.632;42.814;Pamplona;Navarra;Navarra - Nafarroa;2019;Mar;Animalia;Amphibia;Alytidae;Alytes;Alytes obstetricans;Midwife Toad
-1.651;42.814;Pamplona;Navarra;Navarra - Nafarroa;2020;Feb;Animalia;Amphibia;Alytidae;Alytes;Alytes obstetricans;Midwife Toad
-1.65;42.814;Pamplona;Navarra;Navarra - Nafarroa;2020;Feb;Animalia;Amphibia;Alytidae;Alytes;Alytes obstetricans;Midwife Toad
-1.683;42.815;Pamplona;Navarra;Navarra - Nafarroa;2015;Oct;Animalia;Aves;Fringillidae;Fringilla;Fringilla coelebs;Common Chaffinch
-1.643;42.816;Pamplona--Area General;Navarra;Navarra - Nafarroa;2000;Oct;Animalia;Aves;Fringillidae;Fringilla;Fringilla coelebs;Common Chaffinch
-1.631;42.798;Pamplona--Arrosadia;Navarra;Navarra - Nafarroa;2001;Oct;Animalia;Aves;Tytonidae;Tyto;Tyto alba;Barn Owl
-1.646;42.813;Pamplona--Ciudad;Navarra;Navarra - Nafarroa;2013;Oct;Animalia;Aves;Fringillidae;Fringilla;Fringilla coelebs;Common Chaffinch
-1.646;42.813;Pamplona--Ciudad;Navarra;Navarra - Nafarroa;2015;Oct;Animalia;Aves;Fringillidae;Fringilla;Fringilla coelebs;Common Chaffinch
-1.646;42.813;Pamplona--Ciudad;Navarra;Navarra - Nafarroa;2015;Oct;Animalia;Aves;Podicipedidae;Tachybaptus;Tachybaptus ruficollis;Little Grebe
-1.649;42.811;Pamplona--Ciudadela y vuelta del Castillo;Navarra;Navarra - Nafarroa;2015;Oct;Animalia;Aves;Fringillidae;Fringilla;Fringilla coelebs;Common Chaffinch
-1.615;42.811;Pamplona--Mendillorri;Navarra;Navarra - Nafarroa;2014;Oct;Animalia;Aves;Fringillidae;Fringilla;Fringilla coelebs;Common Chaffinch
-1.615;42.811;Pamplona--Mendillorri;Navarra;Navarra - Nafarroa;2015;Oct;Animalia;Aves;Fringillidae;Fringilla;Fringilla coelebs;Common Chaffinch
-1.615;42.811;Pamplona--Mendillorri;Navarra;Navarra - Nafarroa;2015;Feb;Animalia;Aves;Anatidae;Netta;Netta rufina;Red-crested Pochard
-1.615;42.811;Pamplona--Mendillorri;Navarra;Navarra - Nafarroa;2016;Oct;Animalia;Aves;Fringillidae;Fringilla;Fringilla coelebs;Common Chaffinch
-1.615;42.811;Pamplona--Mendillorri;Navarra;Navarra - Nafarroa;2016;Feb;Animalia;Aves;Anatidae;Netta;Netta rufina;Red-crested Pochard
-1.651;42.817;Pamplona--Parque de La Taconera;Navarra;Navarra - Nafarroa;2013;Oct;Animalia;Aves;Fringillidae;Fringilla;Fringilla coelebs;Common Chaffinch
-1.656;42.8;Pamplona--Universidad de Navarra;Navarra;Navarra - Nafarroa;2016;Oct;Animalia;Aves;Fringillidae;Fringilla;Fringilla coelebs;Common Chaffinch
-1.431;42.679;Pena Izaga;Navarra;Navarra - Nafarroa;2014;Nov;Animalia;Amphibia;Bufonidae;Bufo;Bufo spinosus;Spiny Toad
-1.65;42.4;Pitillas;Navarra;Navarra - Nafarroa;2007;Oct;Animalia;Mammalia;Canidae;Vulpes;Vulpes vulpes;Red Fox
-1.65;42.55;Pueyo;Navarra;Navarra - Nafarroa;2016;Feb;Animalia;Mammalia;Mustelidae;Meles;Meles meles;Eurasian Badger
-1.844;42.615;Rio Arga, MendigorRia ;Navarra;Navarra - Nafarroa;2003;Oct;Animalia;Aves;Podicipedidae;Tachybaptus;Tachybaptus ruficollis;Zampullin comun
-2.995;42.366;Rio Arga, Soto de la Muga ;Navarra;Navarra - Nafarroa;2003;Oct;Animalia;Aves;Podicipedidae;Tachybaptus;Tachybaptus ruficollis;Zampullin comun
-2.995;42.366;Rio Arga, Soto de la Muga ;Navarra;Navarra - Nafarroa;2004;Oct;Animalia;Aves;Podicipedidae;Tachybaptus;Tachybaptus ruficollis;Zampullin comun
-1.788;42.37;Rio Arga, Soto de Santa Eulalia ;Navarra;Navarra - Nafarroa;2001;Oct;Animalia;Aves;Podicipedidae;Tachybaptus;Tachybaptus ruficollis;Zampullin comun
-1.797;42.428;Rio Arga, Sotos de Arquillo-Barbaraces ;Navarra;Navarra - Nafarroa;2004;Oct;Animalia;Aves;Podicipedidae;Tachybaptus;Tachybaptus ruficollis;Zampullin comun
-1.713;43.287;Rio Bidasoa;Navarra;Navarra - Nafarroa;2011;Jun;Animalia;Actinopterygii;Salmonidae;Salmo;Salmo trutta;Sea trout
-1.627;43.134;Rio Bidasoa;Navarra;Navarra - Nafarroa;2015;Nov;Animalia;Actinopterygii;Salmonidae;Salmo;Salmo trutta;Atlantic trout
-1.726;42.2;Rio Ebro, Cadreita ;Navarra;Navarra - Nafarroa;2003;Oct;Animalia;Aves;Podicipedidae;Tachybaptus;Tachybaptus ruficollis;Zampullin comun
-1.589;42.125;Rio Ebro, Murillo de Las Limas ;Navarra;Navarra - Nafarroa;2003;Oct;Animalia;Aves;Podicipedidae;Podiceps;Podiceps cristatus;Somormujo lavanco
-1.639;42.16;Rio Ebro, R.N. Sotos Ramalete y Sardavilla ;Navarra;Navarra - Nafarroa;2000;Oct;Animalia;Aves;Podicipedidae;Podiceps;Podiceps cristatus;Somormujo lavanco
-1.639;42.16;Rio Ebro, R.N. Sotos Ramalete y Sardavilla ;Navarra;Navarra - Nafarroa;2003;Oct;Animalia;Aves;Podicipedidae;Podiceps;Podiceps cristatus;Somormujo lavanco
-1.589;42.127;Rio Ebro, Soto de la Remonta ;Navarra;Navarra - Nafarroa;2003;Oct;Animalia;Aves;Podicipedidae;Podiceps;Podiceps cristatus;Somormujo lavanco
-1.603;42.093;Rio Ebro, Soto de Traslapuente ;Navarra;Navarra - Nafarroa;2000;Oct;Animalia;Aves;Podicipedidae;Podiceps;Podiceps cristatus;Somormujo lavanco
-1.603;42.093;Rio Ebro, Soto de Traslapuente ;Navarra;Navarra - Nafarroa;2001;Oct;Animalia;Aves;Podicipedidae;Podiceps;Podiceps cristatus;Somormujo lavanco
-1.603;42.093;Rio Ebro, Soto de Traslapuente ;Navarra;Navarra - Nafarroa;2002;Oct;Animalia;Aves;Podicipedidae;Podiceps;Podiceps cristatus;Somormujo lavanco
-1.603;42.093;Rio Ebro, Soto de Traslapuente ;Navarra;Navarra - Nafarroa;2003;Oct;Animalia;Aves;Podicipedidae;Podiceps;Podiceps cristatus;Somormujo lavanco
-1.603;42.093;Rio Ebro, Soto de Traslapuente ;Navarra;Navarra - Nafarroa;2003;Oct;Animalia;Aves;Podicipedidae;Tachybaptus;Tachybaptus ruficollis;Zampullin comun
-1.455;41.993;Rio Ebro, Soto Quebrado, Ramillo y La Mejana ;Navarra;Navarra - Nafarroa;2003;Oct;Animalia;Aves;Podicipedidae;Podiceps;Podiceps cristatus;Somormujo lavanco
-1.455;41.993;Rio Ebro, Soto Quebrado, Ramillo y La Mejana ;Navarra;Navarra - Nafarroa;2003;Oct;Animalia;Aves;Ardeidae;Ardea;Egretta alba;Garceta grande
-1.695;42.182;Rio Ebro, Sotos de Castejon ;Navarra;Navarra - Nafarroa;2003;Oct;Animalia;Aves;Podicipedidae;Podiceps;Podiceps cristatus;Somormujo lavanco
-2.276;42.455;Rio Ebro, tramo Logrono-Alfaro ;Navarra;Navarra - Nafarroa;2003;Oct;Animalia;Aves;Podicipedidae;Podiceps;Podiceps cristatus;Somormujo lavanco
-2.276;42.455;Rio Ebro, tramo Logrono-Alfaro ;Navarra;Navarra - Nafarroa;2003;Oct;Animalia;Aves;Ardeidae;Ardea;Egretta alba;Garceta grande
-1.564;42.055;Rio Ebro, Tudela ;Navarra;Navarra - Nafarroa;2001;Oct;Animalia;Aves;Ardeidae;Nycticorax;Nycticorax nycticorax;Martinete comun
-1.564;42.055;Rio Ebro, Tudela ;Navarra;Navarra - Nafarroa;2003;Oct;Animalia;Aves;Podicipedidae;Tachybaptus;Tachybaptus ruficollis;Zampullin comun
-1.564;42.055;Rio Ebro, Tudela ;Navarra;Navarra - Nafarroa;2003;Oct;Animalia;Aves;Ardeidae;Nycticorax;Nycticorax nycticorax;Martinete comun
-1.309;42.65;Rio Salazar;Navarra;Navarra - Nafarroa;2019;Jun;Animalia;Actinopterygii;Salmonidae;Salmo;Salmo trutta;Atlantic trout
-1.677;42.97;Robledales de Ultzama y Basaburua;Navarra;Navarra - Nafarroa;2006;Mar;Animalia;Amphibia;Salamandridae;Triturus;Triturus marmoratus;Marbled Newt
-1.76;43.02;Robledales de Ultzama y Basaburua;Navarra;Navarra - Nafarroa;2011;Aug;Animalia;Amphibia;Bufonidae;Bufo;Bufo spinosus;Spiny Toad
-0.956;42.807;Roncal;Navarra;Navarra - Nafarroa;2004;May;Animalia;Actinopterygii;Salmonidae;Salmo;Salmo trutta;Atlantic trout
-1.3;42.55;Sanguesa;Navarra;Navarra - Nafarroa;2011;Sep;Animalia;Mammalia;Mustelidae;Meles;Meles meles;Eurasian Badger
-1.117;42.664;Sierra de Leire y Foz de Arbaiun;Navarra;Navarra - Nafarroa;2005;Nov;Animalia;Amphibia;Bufonidae;Bufo;Bufo spinosus;Spiny Toad
-1.156;42.674;Sierra de Leire y Foz de Arbaiun;Navarra;Navarra - Nafarroa;2018;May;Animalia;Amphibia;Bufonidae;Bufo;Bufo spinosus;Spiny Toad
-1.712;42.496;Tafalla;Navarra;Navarra - Nafarroa;2017;Jun;Animalia;Amphibia;Salamandridae;Triturus;Triturus marmoratus;Marbled Newt
-1.693;42.638;Tirapu;Navarra;Navarra - Nafarroa;2017;Oct;Animalia;Mammalia;Canidae;Vulpes;Vulpes vulpes;Red Fox
-1.7;42.6;Tirapu;Navarra;Navarra - Nafarroa;2018;Oct;Animalia;Mammalia;Mustelidae;Meles;Meles meles;Eurasian Badger
-1.79;43.35;Txingudi;Navarra;Navarra - Nafarroa;2000;Oct;Animalia;Aves;Podicipedidae;Podiceps;Podiceps cristatus;Somormujo lavanco
-0.941;42.892;Uztarroz;Navarra;Navarra - Nafarroa;2006;Jul;Animalia;Amphibia;Salamandridae;Calotriton;Calotriton asper;Pyrenean Brook Newt
-1.949;42.696;Yerri;Navarra;Navarra - Nafarroa;2019;Aug;Animalia;Actinopterygii;Esocidae;Esox;Esox lucius;Northern pike
-1.952;42.763;Yerri;Navarra;Navarra - Nafarroa;2020;Oct;Animalia;Actinopterygii;Salmonidae;Salmo;Salmo trutta;Brown Trout
-1.603;42.048; Tudela;Navarra;Navarra - Nafarroa;2006;May;Animalia;Reptilia;Lacertidae;Timon;Timon lepidus;Ocellated Lizard
-1.25;42.9;Abaurrepea;Navarra;Navarra - Nafarroa;2004;Sep;Animalia;Amphibia;Alytidae;Alytes;Alytes obstetricans;Midwife Toad
-1.6;41.95;Ablitas;Navarra;Navarra - Nafarroa;2018;Feb;Animalia;Mammalia;Mustelidae;Meles;Meles meles;Eurasian Badger
-1.75;42.6;Anorbe;Navarra;Navarra - Nafarroa;2018;Oct;Animalia;Mammalia;Mustelidae;Meles;Meles meles;Eurasian Badger
-1.704;42.266;Badina de Escudera EN;Navarra;Navarra - Nafarroa;2014;Oct;Animalia;Aves;Fringillidae;Fringilla;Fringilla coelebs;Common Chaffinch
-1.704;42.266;Badina de Escudera EN;Navarra;Navarra - Nafarroa;2014;Oct;Animalia;Aves;Podicipedidae;Tachybaptus;Tachybaptus ruficollis;Little Grebe
-1.704;42.266;Badina de Escudera EN;Navarra;Navarra - Nafarroa;2015;Oct;Animalia;Aves;Podicipedidae;Podiceps;Podiceps nigricollis;Eared Grebe
-1.704;42.266;Badina de Escudera EN;Navarra;Navarra - Nafarroa;2015;Oct;Animalia;Aves;Podicipedidae;Tachybaptus;Tachybaptus ruficollis;Little Grebe
-1.704;42.266;Badina de Escudera EN;Navarra;Navarra - Nafarroa;2017;Oct;Animalia;Aves;Anatidae;Tadorna;Tadorna tadorna;Common Shelduck
-1.704;42.266;Badina de Escudera EN;Navarra;Navarra - Nafarroa;2017;Oct;Animalia;Aves;Podicipedidae;Tachybaptus;Tachybaptus ruficollis;Little Grebe
-1.704;42.266;Badina de Escudera EN;Navarra;Navarra - Nafarroa;2018;Oct;Animalia;Aves;Ardeidae;Ardea;Ardea alba;Great Egret
-1.694;42.263;Badina de Escudera EN--Lamina de agua sur;Navarra;Navarra - Nafarroa;2018;Oct;Animalia;Aves;Podicipedidae;Tachybaptus;Tachybaptus ruficollis;Little Grebe
-1.576;42.778;Balsa de Zolina/Ezkoriz;Navarra;Navarra - Nafarroa;2000;Feb;Animalia;Aves;Threskiornithidae;Platalea;Platalea leucorodia;Eurasian Spoonbill
-1.576;42.778;Balsa de Zolina/Ezkoriz;Navarra;Navarra - Nafarroa;2000;Feb;Animalia;Aves;Anatidae;Anas;Mareca penelope;Eurasian Wigeon
-1.576;42.778;Balsa de Zolina/Ezkoriz;Navarra;Navarra - Nafarroa;2007;Oct;Animalia;Aves;Anatidae;Tadorna;Tadorna tadorna;Common Shelduck
-1.576;42.778;Balsa de Zolina/Ezkoriz;Navarra;Navarra - Nafarroa;2007;May;Animalia;Aves;Anatidae;Anas;Mareca penelope;Eurasian Wigeon
-1.576;42.778;Balsa de Zolina/Ezkoriz;Navarra;Navarra - Nafarroa;2007;Oct;Animalia;Aves;Podicipedidae;Tachybaptus;Tachybaptus ruficollis;Little Grebe
-1.576;42.778;Balsa de Zolina/Ezkoriz;Navarra;Navarra - Nafarroa;2009;May;Animalia;Aves;Anatidae;Anas;Mareca penelope;Eurasian Wigeon
-1.576;42.778;Balsa de Zolina/Ezkoriz;Navarra;Navarra - Nafarroa;2009;Oct;Animalia;Aves;Anatidae;Tadorna;Tadorna tadorna;Common Shelduck
-1.576;42.778;Balsa de Zolina/Ezkoriz;Navarra;Navarra - Nafarroa;2009;Oct;Animalia;Aves;Podicipedidae;Tachybaptus;Tachybaptus ruficollis;Little Grebe
-1.576;42.778;Balsa de Zolina/Ezkoriz;Navarra;Navarra - Nafarroa;2012;May;Animalia;Aves;Anatidae;Anas;Mareca penelope;Eurasian Wigeon
-1.576;42.778;Balsa de Zolina/Ezkoriz;Navarra;Navarra - Nafarroa;2012;Oct;Animalia;Aves;Anatidae;Tadorna;Tadorna tadorna;Common Shelduck
-1.576;42.778;Balsa de Zolina/Ezkoriz;Navarra;Navarra - Nafarroa;2012;Oct;Animalia;Aves;Podicipedidae;Podiceps;Podiceps nigricollis;Eared Grebe
-1.576;42.778;Balsa de Zolina/Ezkoriz;Navarra;Navarra - Nafarroa;2012;Oct;Animalia;Aves;Podicipedidae;Tachybaptus;Tachybaptus ruficollis;Little Grebe
-1.576;42.778;Balsa de Zolina/Ezkoriz;Navarra;Navarra - Nafarroa;2013;May;Animalia;Aves;Anatidae;Anas;Mareca penelope;Eurasian Wigeon
-1.576;42.778;Balsa de Zolina/Ezkoriz;Navarra;Navarra - Nafarroa;2013;Oct;Animalia;Aves;Podicipedidae;Podiceps;Podiceps nigricollis;Eared Grebe
-1.576;42.778;Balsa de Zolina/Ezkoriz;Navarra;Navarra - Nafarroa;2013;Oct;Animalia;Aves;Anatidae;Tadorna;Tadorna tadorna;Common Shelduck
-1.576;42.778;Balsa de Zolina/Ezkoriz;Navarra;Navarra - Nafarroa;2014;Oct;Animalia;Aves;Anatidae;Tadorna;Tadorna tadorna;Common Shelduck
-1.576;42.778;Balsa de Zolina/Ezkoriz;Navarra;Navarra - Nafarroa;2014;Oct;Animalia;Aves;Threskiornithidae;Platalea;Platalea leucorodia;Eurasian Spoonbill
-1.576;42.778;Balsa de Zolina/Ezkoriz;Navarra;Navarra - Nafarroa;2014;Oct;Animalia;Aves;Podicipedidae;Tachybaptus;Tachybaptus ruficollis;Little Grebe
-1.576;42.778;Balsa de Zolina/Ezkoriz;Navarra;Navarra - Nafarroa;2015;Oct;Animalia;Aves;Fringillidae;Fringilla;Fringilla coelebs;Common Chaffinch
-1.576;42.778;Balsa de Zolina/Ezkoriz;Navarra;Navarra - Nafarroa;2015;May;Animalia;Aves;Anatidae;Anas;Mareca penelope;Eurasian Wigeon
-1.576;42.778;Balsa de Zolina/Ezkoriz;Navarra;Navarra - Nafarroa;2015;Oct;Animalia;Aves;Anatidae;Tadorna;Tadorna tadorna;Common Shelduck
-1.576;42.778;Balsa de Zolina/Ezkoriz;Navarra;Navarra - Nafarroa;2015;Oct;Animalia;Aves;Podicipedidae;Tachybaptus;Tachybaptus ruficollis;Little Grebe
-1.576;42.778;Balsa de Zolina/Ezkoriz;Navarra;Navarra - Nafarroa;2016;Oct;Animalia;Aves;Podicipedidae;Podiceps;Podiceps nigricollis;Eared Grebe
-1.576;42.778;Balsa de Zolina/Ezkoriz;Navarra;Navarra - Nafarroa;2016;May;Animalia;Aves;Anatidae;Anas;Mareca penelope;Eurasian Wigeon
-1.576;42.778;Balsa de Zolina/Ezkoriz;Navarra;Navarra - Nafarroa;2016;Oct;Animalia;Aves;Podicipedidae;Tachybaptus;Tachybaptus ruficollis;Little Grebe
-1.576;42.778;Balsa de Zolina/Ezkoriz;Navarra;Navarra - Nafarroa;2017;Oct;Animalia;Aves;Podicipedidae;Podiceps;Podiceps nigricollis;Eared Grebe
-1.576;42.778;Balsa de Zolina/Ezkoriz;Navarra;Navarra - Nafarroa;2017;May;Animalia;Aves;Anatidae;Anas;Mareca penelope;Eurasian Wigeon
-1.576;42.778;Balsa de Zolina/Ezkoriz;Navarra;Navarra - Nafarroa;2017;Oct;Animalia;Aves;Podicipedidae;Tachybaptus;Tachybaptus ruficollis;Little Grebe
-1.576;42.778;Balsa de Zolina/Ezkoriz;Navarra;Navarra - Nafarroa;2018;Oct;Animalia;Aves;Podicipedidae;Podiceps;Podiceps nigricollis;Eared Grebe
-1.576;42.778;Balsa de Zolina/Ezkoriz;Navarra;Navarra - Nafarroa;2018;May;Animalia;Aves;Anatidae;Anas;Mareca penelope;Eurasian Wigeon
-1.576;42.778;Balsa de Zolina/Ezkoriz;Navarra;Navarra - Nafarroa;2018;Oct;Animalia;Aves;Podicipedidae;Tachybaptus;Tachybaptus ruficollis;Little Grebe
-1.576;42.778;Balsa de Zolina/Ezkoriz;Navarra;Navarra - Nafarroa;2019;May;Animalia;Aves;Anatidae;Anas;Mareca penelope;Eurasian Wigeon
-1.576;42.778;Balsa de Zolina/Ezkoriz;Navarra;Navarra - Nafarroa;2019;Oct;Animalia;Aves;Podicipedidae;Podiceps;Podiceps nigricollis;Eared Grebe
-1.576;42.778;Balsa de Zolina/Ezkoriz;Navarra;Navarra - Nafarroa;2019;Oct;Animalia;Aves;Podicipedidae;Tachybaptus;Tachybaptus ruficollis;Little Grebe
-1.709;42.055;Balsa del Pulguer RN;Navarra;Navarra - Nafarroa;2001;May;Animalia;Aves;Anatidae;Anas;Mareca penelope;Eurasian Wigeon
-1.709;42.055;Balsa del Pulguer RN;Navarra;Navarra - Nafarroa;2004;May;Animalia;Aves;Anatidae;Anas;Mareca penelope;Eurasian Wigeon
-1.709;42.055;Balsa del Pulguer RN;Navarra;Navarra - Nafarroa;2015;Nov;Animalia;Aves;Upupidae;Upupa;Upupa epops;Eurasian Hoopoe
-1.709;42.055;Balsa del Pulguer RN;Navarra;Navarra - Nafarroa;2015;Oct;Animalia;Aves;Podicipedidae;Podiceps;Podiceps cristatus;Great Crested Grebe
-1.709;42.055;Balsa del Pulguer RN;Navarra;Navarra - Nafarroa;2015;Oct;Animalia;Aves;Podicipedidae;Tachybaptus;Tachybaptus ruficollis;Little Grebe
-1.709;42.055;Balsa del Pulguer RN;Navarra;Navarra - Nafarroa;2016;Oct;Animalia;Aves;Podicipedidae;Tachybaptus;Tachybaptus ruficollis;Little Grebe
-1.709;42.055;Balsa del Pulguer RN;Navarra;Navarra - Nafarroa;2017;Oct;Animalia;Aves;Podicipedidae;Tachybaptus;Tachybaptus ruficollis;Little Grebe
-1.679;42.964;Bosque de Orgi ANR;Navarra;Navarra - Nafarroa;2011;Oct;Animalia;Aves;Fringillidae;Fringilla;Fringilla coelebs;Common Chaffinch
-1.679;42.964;Bosque de Orgi ANR;Navarra;Navarra - Nafarroa;2013;Oct;Animalia;Aves;Fringillidae;Fringilla;Fringilla coelebs;Common Chaffinch
-1.679;42.964;Bosque de Orgi ANR;Navarra;Navarra - Nafarroa;2014;Oct;Animalia;Aves;Fringillidae;Fringilla;Fringilla coelebs;Common Chaffinch
-1.679;42.964;Bosque de Orgi ANR;Navarra;Navarra - Nafarroa;2015;Oct;Animalia;Aves;Fringillidae;Fringilla;Fringilla coelebs;Common Chaffinch
-1.6;42.4;Laguna de Pitillas;Navarra;Navarra - Nafarroa;2018;Oct;Animalia;Mammalia;Mustelidae;Meles;Meles meles;Eurasian Badger
-7.796;42.343;Embalse de Cachamuina ;Ourense;Galicia;2000;Oct;Animalia;Aves;Podicipedidae;Podiceps;Podiceps cristatus;Somormujo lavanco
-7.761;42.079;A Limia ;Ourense;Galicia;2019;Oct;Animalia;Aves;Ardeidae;Ardea;Ardea alba;Great Egret
-7.761;42.063;A Limia ;Ourense;Galicia;2001;Oct;Animalia;Aves;Podicipedidae;Podiceps;Podiceps cristatus;Somormujo lavanco
-7.761;42.063;A Limia ;Ourense;Galicia;2002;Oct;Animalia;Aves;Podicipedidae;Tachybaptus;Tachybaptus ruficollis;Zampullin comun
-7.761;42.063;A Limia ;Ourense;Galicia;2004;Oct;Animalia;Aves;Podicipedidae;Podiceps;Podiceps cristatus;Somormujo lavanco
-7.761;42.063;A Limia ;Ourense;Galicia;2004;Oct;Animalia;Aves;Podicipedidae;Tachybaptus;Tachybaptus ruficollis;Zampullin comun
-7.761;42.063;A Limia ;Ourense;Galicia;2005;Oct;Animalia;Aves;Threskiornithidae;Plegadis;Plegadis falcinellus;Morito comun
-7.761;42.063;A Limia ;Ourense;Galicia;2005;Oct;Animalia;Aves;Podicipedidae;Tachybaptus;Tachybaptus ruficollis;Zampullin comun
-7.761;42.063;A Limia ;Ourense;Galicia;2006;Oct;Animalia;Aves;Podicipedidae;Podiceps;Podiceps cristatus;Somormujo lavanco
-7.761;42.063;A Limia ;Ourense;Galicia;2006;Oct;Animalia;Aves;Podicipedidae;Tachybaptus;Tachybaptus ruficollis;Zampullin comun
-7.761;42.063;A Limia ;Ourense;Galicia;2007;Oct;Animalia;Aves;Podicipedidae;Podiceps;Podiceps cristatus;Somormujo lavanco
-7.761;42.063;A Limia ;Ourense;Galicia;2008;Oct;Animalia;Aves;Podicipedidae;Podiceps;Podiceps cristatus;Somormujo lavanco
-7.761;42.063;A Limia ;Ourense;Galicia;2008;Oct;Animalia;Aves;Podicipedidae;Tachybaptus;Tachybaptus ruficollis;Zampullin comun
-7.761;42.063;A Limia ;Ourense;Galicia;2010;Oct;Animalia;Aves;Podicipedidae;Podiceps;Podiceps cristatus;Somormujo lavanco
-7.761;42.063;A Limia ;Ourense;Galicia;2010;Oct;Animalia;Aves;Podicipedidae;Tachybaptus;Tachybaptus ruficollis;Zampullin comun
-8.32;42.352;Avion;Ourense;Galicia;2020;Oct;Animalia;Amphibia;Salamandridae;Salamandra;Salamandra salamandra;Fire Salamander
-7.796;42.343;Embalse de Cachamuina (OR);Ourense;Galicia;2004;Oct;Animalia;Aves;Podicipedidae;Tachybaptus;Tachybaptus ruficollis;Zampullin comun
-8.105;42.301;Embalse de Castrelo de Mino;Ourense;Galicia;2000;Oct;Animalia;Aves;Podicipedidae;Podiceps;Podiceps cristatus;Somormujo lavanco
-8.105;42.301;Embalse de Castrelo de Mino (OR);Ourense;Galicia;2001;Oct;Animalia;Aves;Podicipedidae;Podiceps;Podiceps cristatus;Somormujo lavanco
-8.105;42.301;Embalse de Castrelo de Mino (OR);Ourense;Galicia;2002;Oct;Animalia;Aves;Podicipedidae;Podiceps;Podiceps cristatus;Somormujo lavanco
-8.105;42.301;Embalse de Castrelo de Mino (OR);Ourense;Galicia;2002;Oct;Animalia;Aves;Podicipedidae;Tachybaptus;Tachybaptus ruficollis;Zampullin comun
-8.105;42.301;Embalse de Castrelo de Mino (OR);Ourense;Galicia;2004;Oct;Animalia;Aves;Podicipedidae;Podiceps;Podiceps cristatus;Somormujo lavanco
-8.105;42.301;Embalse de Castrelo de Mino (OR);Ourense;Galicia;2004;Oct;Animalia;Aves;Podicipedidae;Tachybaptus;Tachybaptus ruficollis;Zampullin comun
-7.992;41.966;Embalse de Las Conchas (OR);Ourense;Galicia;2000;Oct;Animalia;Aves;Podicipedidae;Podiceps;Podiceps cristatus;Somormujo lavanco
-7.992;41.966;Embalse de Las Conchas (OR);Ourense;Galicia;2001;Oct;Animalia;Aves;Podicipedidae;Podiceps;Podiceps cristatus;Somormujo lavanco
-7.992;41.966;Embalse de Las Conchas (OR);Ourense;Galicia;2002;Oct;Animalia;Aves;Podicipedidae;Podiceps;Podiceps cristatus;Somormujo lavanco
-7.992;41.966;Embalse de Las Conchas (OR);Ourense;Galicia;2002;Oct;Animalia;Aves;Podicipedidae;Tachybaptus;Tachybaptus ruficollis;Zampullin comun
-7.992;41.966;Embalse de Las Conchas (OR);Ourense;Galicia;2004;Oct;Animalia;Aves;Podicipedidae;Podiceps;Podiceps cristatus;Somormujo lavanco
-7.992;41.966;Embalse de Las Conchas (OR);Ourense;Galicia;2004;Oct;Animalia;Aves;Podicipedidae;Tachybaptus;Tachybaptus ruficollis;Zampullin comun
-6.81;42.467;Embalse de Penarrubia (OR-LE);Ourense;Galicia;2001;Oct;Animalia;Aves;Podicipedidae;Podiceps;Podiceps cristatus;Somormujo lavanco
-6.81;42.467;Embalse de Penarrubia (OR-LE);Ourense;Galicia;2002;Oct;Animalia;Aves;Podicipedidae;Podiceps;Podiceps cristatus;Somormujo lavanco
-6.81;42.467;Embalse de Penarrubia (OR-LE);Ourense;Galicia;2002;Oct;Animalia;Aves;Podicipedidae;Tachybaptus;Tachybaptus ruficollis;Zampullin comun
-6.81;42.467;Embalse de Penarrubia (OR-LE);Ourense;Galicia;2004;Oct;Animalia;Aves;Podicipedidae;Podiceps;Podiceps cristatus;Somormujo lavanco
-6.81;42.467;Embalse de Penarrubia (OR-LE);Ourense;Galicia;2004;Oct;Animalia;Aves;Podicipedidae;Tachybaptus;Tachybaptus ruficollis;Zampullin comun
-6.829;42.414;Embalse de Pumares (OR-LE);Ourense;Galicia;2004;Oct;Animalia;Aves;Podicipedidae;Podiceps;Podiceps cristatus;Somormujo lavanco
-6.829;42.414;Embalse de Pumares (OR-LE);Ourense;Galicia;2004;Oct;Animalia;Aves;Podicipedidae;Tachybaptus;Tachybaptus ruficollis;Zampullin comun
-7.921;41.92;Embalse de Salas (OR);Ourense;Galicia;2000;Oct;Animalia;Aves;Podicipedidae;Podiceps;Podiceps cristatus;Somormujo lavanco
-7.921;41.92;Embalse de Salas (OR);Ourense;Galicia;2001;Oct;Animalia;Aves;Podicipedidae;Podiceps;Podiceps cristatus;Somormujo lavanco
-7.921;41.92;Embalse de Salas (OR);Ourense;Galicia;2002;Oct;Animalia;Aves;Podicipedidae;Podiceps;Podiceps cristatus;Somormujo lavanco
-7.921;41.92;Embalse de Salas (OR);Ourense;Galicia;2004;Oct;Animalia;Aves;Podicipedidae;Podiceps;Podiceps cristatus;Somormujo lavanco
-7.921;41.92;Embalse de Salas (OR);Ourense;Galicia;2004;Oct;Animalia;Aves;Podicipedidae;Tachybaptus;Tachybaptus ruficollis;Zampullin comun
-7.117;42.387;Embalse de San Martin (OR);Ourense;Galicia;2000;Oct;Animalia;Aves;Podicipedidae;Podiceps;Podiceps cristatus;Somormujo lavanco
-7.117;42.387;Embalse de San Martin (OR);Ourense;Galicia;2001;Oct;Animalia;Aves;Podicipedidae;Podiceps;Podiceps cristatus;Somormujo lavanco
-7.117;42.387;Embalse de San Martin (OR);Ourense;Galicia;2002;Oct;Animalia;Aves;Podicipedidae;Podiceps;Podiceps cristatus;Somormujo lavanco
-7.117;42.387;Embalse de San Martin (OR);Ourense;Galicia;2002;Oct;Animalia;Aves;Podicipedidae;Tachybaptus;Tachybaptus ruficollis;Zampullin comun
-7.117;42.387;Embalse de San Martin (OR);Ourense;Galicia;2004;Oct;Animalia;Aves;Podicipedidae;Podiceps;Podiceps cristatus;Somormujo lavanco
-7.117;42.387;Embalse de San Martin (OR);Ourense;Galicia;2004;Oct;Animalia;Aves;Podicipedidae;Tachybaptus;Tachybaptus ruficollis;Zampullin comun
-7.062;42.411;Embalse de Santiago (OR);Ourense;Galicia;2002;Oct;Animalia;Aves;Podicipedidae;Podiceps;Podiceps cristatus;Somormujo lavanco
-7.062;42.411;Embalse de Santiago (OR);Ourense;Galicia;2004;Oct;Animalia;Aves;Podicipedidae;Podiceps;Podiceps cristatus;Somormujo lavanco
-7.062;42.411;Embalse de Santiago (OR);Ourense;Galicia;2004;Oct;Animalia;Aves;Podicipedidae;Tachybaptus;Tachybaptus ruficollis;Zampullin comun
-7.83;42.38;Embalse de Velle (OR);Ourense;Galicia;2002;Oct;Animalia;Aves;Podicipedidae;Podiceps;Podiceps cristatus;Somormujo lavanco
-7.83;42.38;Embalse de Velle (OR);Ourense;Galicia;2002;Oct;Animalia;Aves;Podicipedidae;Tachybaptus;Tachybaptus ruficollis;Zampullin comun
-7.83;42.38;Embalse de Velle (OR);Ourense;Galicia;2004;Oct;Animalia;Aves;Podicipedidae;Tachybaptus;Tachybaptus ruficollis;Zampullin comun
-7.966;41.88;Muinos;Ourense;Galicia;2004;Nov;Animalia;Amphibia;Salamandridae;Salamandra;Salamandra salamandra;Fire Salamander
-7.948;41.871;Muinos;Ourense;Galicia;2004;Nov;Animalia;Amphibia;Salamandridae;Salamandra;Salamandra salamandra;Fire Salamander
-7.948;41.871;Muinos;Ourense;Galicia;2004;Nov;Animalia;Amphibia;Bufonidae;Bufo;Bufo spinosus;Spiny Toad
-7.953;41.876;Muinos;Ourense;Galicia;2005;May;Animalia;Amphibia;Alytidae;Alytes;Alytes obstetricans;Midwife Toad
-7.953;41.876;Muinos;Ourense;Galicia;2005;May;Animalia;Amphibia;Bufonidae;Bufo;Bufo spinosus;Spiny Toad
-7.289;42.469;Ourense;Ourense;Galicia;2011;Jul;Animalia;Amphibia;Bufonidae;Bufo;Bufo spinosus;Spiny Toad
-7.155;42.485;Ourense;Ourense;Galicia;2011;Jul;Animalia;Amphibia;Bufonidae;Bufo;Bufo spinosus;Spiny Toad
-7.095;42.575;Ourense;Ourense;Galicia;2011;Jul;Animalia;Amphibia;Bufonidae;Bufo;Bufo spinosus;Spiny Toad
-6.81;42.467;Pantano de Penarrubia ;Ourense;Galicia;2002;Oct;Animalia;Aves;Podicipedidae;Tachybaptus;Tachybaptus ruficollis;Zampullin comun
-6.81;42.467;Pantano de Penarrubia ;Ourense;Galicia;2005;Oct;Animalia;Aves;Podicipedidae;Podiceps;Podiceps cristatus;Somormujo lavanco
-6.81;42.467;Pantano de Penarrubia ;Ourense;Galicia;2005;Oct;Animalia;Aves;Podicipedidae;Tachybaptus;Tachybaptus ruficollis;Zampullin comun
-6.81;42.467;Pantano de Penarrubia ;Ourense;Galicia;2006;Oct;Animalia;Aves;Podicipedidae;Podiceps;Podiceps cristatus;Somormujo lavanco
-6.81;42.467;Pantano de Penarrubia ;Ourense;Galicia;2006;Oct;Animalia;Aves;Podicipedidae;Tachybaptus;Tachybaptus ruficollis;Zampullin comun
-6.81;42.467;Pantano de Penarrubia ;Ourense;Galicia;2007;Oct;Animalia;Aves;Podicipedidae;Podiceps;Podiceps cristatus;Somormujo lavanco
-6.81;42.467;Pantano de Penarrubia ;Ourense;Galicia;2007;Oct;Animalia;Aves;Podicipedidae;Podiceps;Podiceps nigricollis;Zampullin cuellinegro
-6.81;42.467;Pantano de Penarrubia ;Ourense;Galicia;2008;Oct;Animalia;Aves;Podicipedidae;Podiceps;Podiceps cristatus;Somormujo lavanco
-6.81;42.467;Pantano de Penarrubia ;Ourense;Galicia;2008;Oct;Animalia;Aves;Podicipedidae;Tachybaptus;Tachybaptus ruficollis;Zampullin comun
-6.81;42.467;Pantano de Penarrubia ;Ourense;Galicia;2009;Oct;Animalia;Aves;Podicipedidae;Podiceps;Podiceps cristatus;Somormujo lavanco
-6.81;42.467;Pantano de Penarrubia ;Ourense;Galicia;2009;Oct;Animalia;Aves;Podicipedidae;Tachybaptus;Tachybaptus ruficollis;Zampullin comun
-6.81;42.467;Pantano de Penarrubia ;Ourense;Galicia;2010;Oct;Animalia;Aves;Podicipedidae;Podiceps;Podiceps cristatus;Somormujo lavanco
-6.81;42.467;Pantano de Penarrubia ;Ourense;Galicia;2011;Oct;Animalia;Aves;Podicipedidae;Podiceps;Podiceps cristatus;Somormujo lavanco
-6.81;42.467;Pantano de Penarrubia ;Ourense;Galicia;2011;Oct;Animalia;Aves;Podicipedidae;Tachybaptus;Tachybaptus ruficollis;Zampullin comun
-6.81;42.467;Pantano de Penarrubia ;Ourense;Galicia;2012;Oct;Animalia;Aves;Podicipedidae;Podiceps;Podiceps cristatus;Somormujo lavanco
-6.81;42.467;Pantano de Penarrubia ;Ourense;Galicia;2012;Oct;Animalia;Aves;Podicipedidae;Tachybaptus;Tachybaptus ruficollis;Zampullin comun
-6.81;42.467;Pantano de Penarrubia ;Ourense;Galicia;2013;Oct;Animalia;Aves;Podicipedidae;Podiceps;Podiceps cristatus;Somormujo lavanco
-6.81;42.467;Pantano de Penarrubia ;Ourense;Galicia;2013;Oct;Animalia;Aves;Podicipedidae;Tachybaptus;Tachybaptus ruficollis;Zampullin comun
-6.81;42.467;Pantano de Penarrubia ;Ourense;Galicia;2014;Oct;Animalia;Aves;Podicipedidae;Podiceps;Podiceps cristatus;Somormujo lavanco
-6.81;42.467;Pantano de Penarrubia ;Ourense;Galicia;2014;Oct;Animalia;Aves;Podicipedidae;Tachybaptus;Tachybaptus ruficollis;Zampullin comun
-6.81;42.467;Pantano de Penarrubia ;Ourense;Galicia;2015;Oct;Animalia;Aves;Podicipedidae;Podiceps;Podiceps cristatus;Somormujo lavanco
-6.81;42.467;Pantano de Penarrubia ;Ourense;Galicia;2015;Oct;Animalia;Aves;Podicipedidae;Tachybaptus;Tachybaptus ruficollis;Zampullin comun
-7.285;42.355;Val do Rio Navea;Ourense;Galicia;2018;Jul;Animalia;Amphibia;Bufonidae;Bufo;Bufo spinosus;Spiny Toad
-7.173;42.239;Viana do Bolo;Ourense;Galicia;2019;Apr;Animalia;Amphibia;Bufonidae;Bufo;Bufo spinosus;Spiny Toad
-8.105;42.301;Embalse de Castrelo de Mino (OR);Ourense;Galicia;2005;Oct;Animalia;Aves;Podicipedidae;Podiceps;Podiceps cristatus;Somormujo lavanco
-8.105;42.301;Embalse de Castrelo de Mino (OR);Ourense;Galicia;2005;Oct;Animalia;Aves;Podicipedidae;Tachybaptus;Tachybaptus ruficollis;Zampullin comun
-8.105;42.301;Embalse de Castrelo de Mino (OR);Ourense;Galicia;2006;Oct;Animalia;Aves;Podicipedidae;Podiceps;Podiceps cristatus;Somormujo lavanco
-8.105;42.301;Embalse de Castrelo de Mino (OR);Ourense;Galicia;2006;Oct;Animalia;Aves;Podicipedidae;Tachybaptus;Tachybaptus ruficollis;Zampullin comun
-8.105;42.301;Embalse de Castrelo de Mino (OR);Ourense;Galicia;2007;Oct;Animalia;Aves;Podicipedidae;Podiceps;Podiceps cristatus;Somormujo lavanco
-8.105;42.301;Embalse de Castrelo de Mino (OR);Ourense;Galicia;2008;Oct;Animalia;Aves;Podicipedidae;Podiceps;Podiceps cristatus;Somormujo lavanco
-8.105;42.301;Embalse de Castrelo de Mino (OR);Ourense;Galicia;2008;Oct;Animalia;Aves;Podicipedidae;Tachybaptus;Tachybaptus ruficollis;Zampullin comun
-8.105;42.301;Embalse de Castrelo de Mino (OR);Ourense;Galicia;2009;Oct;Animalia;Aves;Podicipedidae;Podiceps;Podiceps cristatus;Somormujo lavanco
-8.105;42.301;Embalse de Castrelo de Mino (OR);Ourense;Galicia;2010;Oct;Animalia;Aves;Podicipedidae;Podiceps;Podiceps cristatus;Somormujo lavanco
-8.105;42.301;Embalse de Castrelo de Mino (OR);Ourense;Galicia;2010;Oct;Animalia;Aves;Podicipedidae;Tachybaptus;Tachybaptus ruficollis;Zampullin comun
-7.992;41.966;Embalse de Las Conchas (OR);Ourense;Galicia;2005;Oct;Animalia;Aves;Podicipedidae;Podiceps;Podiceps cristatus;Somormujo lavanco
-7.992;41.966;Embalse de Las Conchas (OR);Ourense;Galicia;2005;Oct;Animalia;Aves;Podicipedidae;Tachybaptus;Tachybaptus ruficollis;Zampullin comun
-7.992;41.966;Embalse de Las Conchas (OR);Ourense;Galicia;2006;Oct;Animalia;Aves;Podicipedidae;Podiceps;Podiceps cristatus;Somormujo lavanco
-7.992;41.966;Embalse de Las Conchas (OR);Ourense;Galicia;2006;Oct;Animalia;Aves;Podicipedidae;Tachybaptus;Tachybaptus ruficollis;Zampullin comun
-7.992;41.966;Embalse de Las Conchas (OR);Ourense;Galicia;2008;Oct;Animalia;Aves;Podicipedidae;Podiceps;Podiceps cristatus;Somormujo lavanco
-7.992;41.966;Embalse de Las Conchas (OR);Ourense;Galicia;2008;Oct;Animalia;Aves;Podicipedidae;Tachybaptus;Tachybaptus ruficollis;Zampullin comun
-7.992;41.966;Embalse de Las Conchas (OR);Ourense;Galicia;2009;Oct;Animalia;Aves;Podicipedidae;Podiceps;Podiceps cristatus;Somormujo lavanco
-7.992;41.966;Embalse de Las Conchas (OR);Ourense;Galicia;2010;Oct;Animalia;Aves;Podicipedidae;Podiceps;Podiceps cristatus;Somormujo lavanco
-7.992;41.966;Embalse de Las Conchas (OR);Ourense;Galicia;2010;Oct;Animalia;Aves;Podicipedidae;Tachybaptus;Tachybaptus ruficollis;Zampullin comun
-6.992;42.111;Embalse de Pias ;Ourense;Galicia;2005;Oct;Animalia;Aves;Podicipedidae;Podiceps;Podiceps cristatus;Somormujo lavanco
-6.992;42.111;Embalse de Pias ;Ourense;Galicia;2006;Oct;Animalia;Aves;Podicipedidae;Podiceps;Podiceps cristatus;Somormujo lavanco
-6.992;42.111;Embalse de Pias ;Ourense;Galicia;2006;Oct;Animalia;Aves;Podicipedidae;Tachybaptus;Tachybaptus ruficollis;Zampullin comun
-6.992;42.111;Embalse de Pias ;Ourense;Galicia;2007;Oct;Animalia;Aves;Podicipedidae;Podiceps;Podiceps cristatus;Somormujo lavanco
-6.992;42.111;Embalse de Pias ;Ourense;Galicia;2007;Oct;Animalia;Aves;Podicipedidae;Tachybaptus;Tachybaptus ruficollis;Zampullin comun
-6.992;42.111;Embalse de Pias ;Ourense;Galicia;2008;Oct;Animalia;Aves;Podicipedidae;Podiceps;Podiceps cristatus;Somormujo lavanco
-6.992;42.111;Embalse de Pias ;Ourense;Galicia;2008;Oct;Animalia;Aves;Podicipedidae;Tachybaptus;Tachybaptus ruficollis;Zampullin comun
-6.992;42.111;Embalse de Pias ;Ourense;Galicia;2009;Oct;Animalia;Aves;Podicipedidae;Podiceps;Podiceps cristatus;Somormujo lavanco
-6.992;42.111;Embalse de Pias ;Ourense;Galicia;2009;Oct;Animalia;Aves;Podicipedidae;Tachybaptus;Tachybaptus ruficollis;Zampullin comun
-6.992;42.111;Embalse de Pias ;Ourense;Galicia;2010;Oct;Animalia;Aves;Podicipedidae;Podiceps;Podiceps cristatus;Somormujo lavanco
-6.992;42.111;Embalse de Pias ;Ourense;Galicia;2010;Oct;Animalia;Aves;Podicipedidae;Tachybaptus;Tachybaptus ruficollis;Zampullin comun
-6.992;42.111;Embalse de Pias ;Ourense;Galicia;2011;Oct;Animalia;Aves;Podicipedidae;Podiceps;Podiceps cristatus;Somormujo lavanco
-6.992;42.111;Embalse de Pias ;Ourense;Galicia;2011;Oct;Animalia;Aves;Podicipedidae;Tachybaptus;Tachybaptus ruficollis;Zampullin comun
-6.992;42.111;Embalse de Pias ;Ourense;Galicia;2012;Oct;Animalia;Aves;Podicipedidae;Podiceps;Podiceps cristatus;Somormujo lavanco
-6.992;42.111;Embalse de Pias ;Ourense;Galicia;2012;Oct;Animalia;Aves;Podicipedidae;Tachybaptus;Tachybaptus ruficollis;Zampullin comun
-6.992;42.111;Embalse de Pias ;Ourense;Galicia;2013;Oct;Animalia;Aves;Podicipedidae;Podiceps;Podiceps cristatus;Somormujo lavanco
-6.992;42.111;Embalse de Pias ;Ourense;Galicia;2013;Oct;Animalia;Aves;Podicipedidae;Tachybaptus;Tachybaptus ruficollis;Zampullin comun
-6.992;42.111;Embalse de Pias ;Ourense;Galicia;2014;Oct;Animalia;Aves;Podicipedidae;Podiceps;Podiceps cristatus;Somormujo lavanco
-6.992;42.111;Embalse de Pias ;Ourense;Galicia;2014;Oct;Animalia;Aves;Podicipedidae;Tachybaptus;Tachybaptus ruficollis;Zampullin comun
-6.992;42.111;Embalse de Pias ;Ourense;Galicia;2015;Oct;Animalia;Aves;Podicipedidae;Podiceps;Podiceps cristatus;Somormujo lavanco
-7.921;41.92;Embalse de Salas (OR);Ourense;Galicia;2005;Oct;Animalia;Aves;Podicipedidae;Podiceps;Podiceps cristatus;Somormujo lavanco
-7.921;41.92;Embalse de Salas (OR);Ourense;Galicia;2006;Oct;Animalia;Aves;Podicipedidae;Podiceps;Podiceps cristatus;Somormujo lavanco
-7.921;41.92;Embalse de Salas (OR);Ourense;Galicia;2006;Oct;Animalia;Aves;Podicipedidae;Podiceps;Podiceps nigricollis;Zampullin cuellinegro
-7.921;41.92;Embalse de Salas (OR);Ourense;Galicia;2006;Oct;Animalia;Aves;Podicipedidae;Tachybaptus;Tachybaptus ruficollis;Zampullin comun
-7.921;41.92;Embalse de Salas (OR);Ourense;Galicia;2007;Oct;Animalia;Aves;Podicipedidae;Podiceps;Podiceps cristatus;Somormujo lavanco
-7.921;41.92;Embalse de Salas (OR);Ourense;Galicia;2008;Oct;Animalia;Aves;Podicipedidae;Podiceps;Podiceps cristatus;Somormujo lavanco
-7.921;41.92;Embalse de Salas (OR);Ourense;Galicia;2008;Oct;Animalia;Aves;Podicipedidae;Tachybaptus;Tachybaptus ruficollis;Zampullin comun
-7.921;41.92;Embalse de Salas (OR);Ourense;Galicia;2010;Oct;Animalia;Aves;Podicipedidae;Podiceps;Podiceps cristatus;Somormujo lavanco
-7.117;42.387;Embalse de San Martin (OR);Ourense;Galicia;2005;Oct;Animalia;Aves;Podicipedidae;Podiceps;Podiceps cristatus;Somormujo lavanco
-7.117;42.387;Embalse de San Martin (OR);Ourense;Galicia;2005;Oct;Animalia;Aves;Podicipedidae;Tachybaptus;Tachybaptus ruficollis;Zampullin comun
-7.117;42.387;Embalse de San Martin (OR);Ourense;Galicia;2006;Oct;Animalia;Aves;Podicipedidae;Podiceps;Podiceps cristatus;Somormujo lavanco
-7.117;42.387;Embalse de San Martin (OR);Ourense;Galicia;2006;Oct;Animalia;Aves;Podicipedidae;Tachybaptus;Tachybaptus ruficollis;Zampullin comun
-7.117;42.387;Embalse de San Martin (OR);Ourense;Galicia;2007;Oct;Animalia;Aves;Podicipedidae;Podiceps;Podiceps cristatus;Somormujo lavanco
-7.117;42.387;Embalse de San Martin (OR);Ourense;Galicia;2008;Oct;Animalia;Aves;Podicipedidae;Podiceps;Podiceps cristatus;Somormujo lavanco
-7.117;42.387;Embalse de San Martin (OR);Ourense;Galicia;2008;Oct;Animalia;Aves;Podicipedidae;Tachybaptus;Tachybaptus ruficollis;Zampullin comun
-7.117;42.387;Embalse de San Martin (OR);Ourense;Galicia;2009;Oct;Animalia;Aves;Podicipedidae;Podiceps;Podiceps cristatus;Somormujo lavanco
-7.117;42.387;Embalse de San Martin (OR);Ourense;Galicia;2010;Oct;Animalia;Aves;Podicipedidae;Podiceps;Podiceps cristatus;Somormujo lavanco
-7.117;42.387;Embalse de San Martin (OR);Ourense;Galicia;2010;Oct;Animalia;Aves;Podicipedidae;Tachybaptus;Tachybaptus ruficollis;Zampullin comun
-7.062;42.411;Embalse de Santiago (OR);Ourense;Galicia;2005;Oct;Animalia;Aves;Podicipedidae;Podiceps;Podiceps cristatus;Somormujo lavanco
-7.062;42.411;Embalse de Santiago (OR);Ourense;Galicia;2005;Oct;Animalia;Aves;Podicipedidae;Tachybaptus;Tachybaptus ruficollis;Zampullin comun
-7.062;42.411;Embalse de Santiago (OR);Ourense;Galicia;2006;Oct;Animalia;Aves;Podicipedidae;Podiceps;Podiceps cristatus;Somormujo lavanco
-7.062;42.411;Embalse de Santiago (OR);Ourense;Galicia;2006;Oct;Animalia;Aves;Podicipedidae;Tachybaptus;Tachybaptus ruficollis;Zampullin comun
-7.062;42.411;Embalse de Santiago (OR);Ourense;Galicia;2007;Oct;Animalia;Aves;Podicipedidae;Podiceps;Podiceps cristatus;Somormujo lavanco
-7.062;42.411;Embalse de Santiago (OR);Ourense;Galicia;2008;Oct;Animalia;Aves;Podicipedidae;Tachybaptus;Tachybaptus ruficollis;Zampullin comun
-7.062;42.411;Embalse de Santiago (OR);Ourense;Galicia;2010;Oct;Animalia;Aves;Podicipedidae;Tachybaptus;Tachybaptus ruficollis;Zampullin comun
-6.81;42.467;Embalse de Penarrubia (OR-LE);Ourense;Galicia;2000;Oct;Animalia;Aves;Podicipedidae;Podiceps;Podiceps cristatus;Somormujo lavanco
-6.826;42.414;Embalse de Pumares ;Ourense;Galicia;2000;Oct;Animalia;Aves;Podicipedidae;Podiceps;Podiceps cristatus;Somormujo lavanco
-6.829;42.414;Embalse de Pumares (OR-LE);Ourense;Galicia;2000;Oct;Animalia;Aves;Podicipedidae;Podiceps;Podiceps cristatus;Somormujo lavanco
-6.81;42.467;Pantano de Penarrubia ;Ourense;Galicia;2000;Oct;Animalia;Aves;Podicipedidae;Podiceps;Podiceps cristatus;Somormujo lavanco
-5.68;43.547;Bahia de Gijon (O);Asturias;Asturias;2001;Oct;Animalia;Aves;Podicipedidae;Podiceps;Podiceps nigricollis;Zampullin cuellinegro
-5.68;43.547;Bahia de Gijon (O);Asturias;Asturias;2001;Oct;Animalia;Aves;Podicipedidae;Podiceps;Podiceps auritus;Zampullin cuellirrojo
-5.68;43.547;Bahia de Gijon (O);Asturias;Asturias;2001;Oct;Animalia;Aves;Podicipedidae;Tachybaptus;Tachybaptus ruficollis;Zampullin comun
-6.341;43.296;Embalse de Calabazos (O);Asturias;Asturias;2001;Oct;Animalia;Aves;Podicipedidae;Tachybaptus;Tachybaptus ruficollis;Zampullin comun
-6.341;43.296;Embalse de Calabazos (O);Asturias;Asturias;2003;Oct;Animalia;Aves;Podicipedidae;Tachybaptus;Tachybaptus ruficollis;Zampullin comun
-5.963;43.368;Embalse de Furacon (O);Asturias;Asturias;2001;Oct;Animalia;Aves;Podicipedidae;Tachybaptus;Tachybaptus ruficollis;Zampullin comun
-5.963;43.368;Embalse de Furacon (O);Asturias;Asturias;2003;Oct;Animalia;Aves;Podicipedidae;Tachybaptus;Tachybaptus ruficollis;Zampullin comun
-6.341;43.296;Embalse de La Barquera (O);Asturias;Asturias;2001;Oct;Animalia;Aves;Podicipedidae;Tachybaptus;Tachybaptus ruficollis;Zampullin comun
-5.87;43.528;Embalse de La Furta (O);Asturias;Asturias;2001;Oct;Animalia;Aves;Podicipedidae;Tachybaptus;Tachybaptus ruficollis;Zampullin comun
-5.87;43.528;Embalse de La Furta (O);Asturias;Asturias;2003;Oct;Animalia;Aves;Podicipedidae;Tachybaptus;Tachybaptus ruficollis;Zampullin comun
-5.853;43.563;Embalse de la Granda (O);Asturias;Asturias;2000;Oct;Animalia;Aves;Podicipedidae;Podiceps;Podiceps cristatus;Somormujo lavanco
-5.853;43.563;Embalse de la Granda (O);Asturias;Asturias;2000;Oct;Animalia;Aves;Podicipedidae;Podiceps;Podiceps nigricollis;Zampullin cuellinegro
-5.853;43.563;Embalse de la Granda (O);Asturias;Asturias;2001;Oct;Animalia;Aves;Podicipedidae;Podiceps;Podiceps cristatus;Somormujo lavanco
-5.853;43.563;Embalse de la Granda (O);Asturias;Asturias;2001;Oct;Animalia;Aves;Podicipedidae;Podiceps;Podiceps nigricollis;Zampullin cuellinegro
-5.853;43.563;Embalse de la Granda (O);Asturias;Asturias;2001;Oct;Animalia;Aves;Podicipedidae;Tachybaptus;Tachybaptus ruficollis;Zampullin comun
-5.853;43.563;Embalse de la Granda (O);Asturias;Asturias;2003;Oct;Animalia;Aves;Podicipedidae;Podiceps;Podiceps cristatus;Somormujo lavanco
-5.853;43.563;Embalse de la Granda (O);Asturias;Asturias;2003;Oct;Animalia;Aves;Podicipedidae;Podiceps;Podiceps nigricollis;Zampullin cuellinegro
-5.853;43.563;Embalse de la Granda (O);Asturias;Asturias;2003;Oct;Animalia;Aves;Podicipedidae;Tachybaptus;Tachybaptus ruficollis;Zampullin comun
-5.853;43.563;Embalse de la Granda (O);Asturias;Asturias;2004;Oct;Animalia;Aves;Podicipedidae;Podiceps;Podiceps cristatus;Somormujo lavanco
-5.853;43.563;Embalse de la Granda (O);Asturias;Asturias;2004;Oct;Animalia;Aves;Podicipedidae;Podiceps;Podiceps nigricollis;Zampullin cuellinegro
-5.914;43.294;Embalse de Los Alfilorios (O);Asturias;Asturias;2001;Oct;Animalia;Aves;Podicipedidae;Tachybaptus;Tachybaptus ruficollis;Zampullin comun
-5.914;43.294;Embalse de Los Alfilorios (O);Asturias;Asturias;2003;Oct;Animalia;Aves;Podicipedidae;Tachybaptus;Tachybaptus ruficollis;Zampullin comun
-6.431;43.292;Embalse de Pilotuerto (O);Asturias;Asturias;2001;Oct;Animalia;Aves;Podicipedidae;Tachybaptus;Tachybaptus ruficollis;Zampullin comun
-6.431;43.292;Embalse de Pilotuerto (O);Asturias;Asturias;2003;Oct;Animalia;Aves;Podicipedidae;Tachybaptus;Tachybaptus ruficollis;Zampullin comun
-6.829;42.414;Embalse de Pumares (OR-LE);Asturias;Asturias;2001;Oct;Animalia;Aves;Podicipedidae;Podiceps;Podiceps cristatus;Somormujo lavanco
-5.464;43.226;Embalse de Rioseco (O);Asturias;Asturias;2001;Oct;Animalia;Aves;Podicipedidae;Tachybaptus;Tachybaptus ruficollis;Zampullin comun
-5.464;43.226;Embalse de Rioseco (O);Asturias;Asturias;2003;Oct;Animalia;Aves;Podicipedidae;Tachybaptus;Tachybaptus ruficollis;Zampullin comun
-6.847;43.207;Embalse de Salime (O);Asturias;Asturias;2001;Oct;Animalia;Aves;Podicipedidae;Tachybaptus;Tachybaptus ruficollis;Zampullin comun
-5.764;43.511;Embalse de San Andres de los Tacones (O);Asturias;Asturias;2000;Oct;Animalia;Aves;Podicipedidae;Podiceps;Podiceps nigricollis;Zampullin cuellinegro
-5.764;43.511;Embalse de San Andres de los Tacones (O);Asturias;Asturias;2000;Oct;Animalia;Aves;Anatidae;Tadorna;Tadorna tadorna;Tarro blanco
-5.764;43.511;Embalse de San Andres de los Tacones (O);Asturias;Asturias;2001;Oct;Animalia;Aves;Podicipedidae;Podiceps;Podiceps nigricollis;Zampullin cuellinegro
-5.764;43.511;Embalse de San Andres de los Tacones (O);Asturias;Asturias;2001;May;Animalia;Aves;Anatidae;Netta;Netta rufina;Pato colorado
-5.764;43.511;Embalse de San Andres de los Tacones (O);Asturias;Asturias;2001;Oct;Animalia;Aves;Podicipedidae;Tachybaptus;Tachybaptus ruficollis;Zampullin comun
-5.764;43.511;Embalse de San Andres de los Tacones (O);Asturias;Asturias;2003;Oct;Animalia;Aves;Podicipedidae;Tachybaptus;Tachybaptus ruficollis;Zampullin comun
-5.403;43.208;Embalse de Tanes (O);Asturias;Asturias;2001;Oct;Animalia;Aves;Podicipedidae;Tachybaptus;Tachybaptus ruficollis;Zampullin comun
-5.403;43.208;Embalse de Tanes (O);Asturias;Asturias;2003;Aug;Animalia;Aves;Podicipedidae;Tachybaptus;Tachybaptus ruficollis;Zampullin comun
-5.875;43.544;Embalse de Trasona (O);Asturias;Asturias;2000;Oct;Animalia;Aves;Podicipedidae;Podiceps;Podiceps nigricollis;Zampullin cuellinegro
-5.875;43.544;Embalse de Trasona (O);Asturias;Asturias;2001;Oct;Animalia;Aves;Podicipedidae;Podiceps;Podiceps nigricollis;Zampullin cuellinegro
-5.875;43.544;Embalse de Trasona (O);Asturias;Asturias;2001;Aug;Animalia;Aves;Podicipedidae;Tachybaptus;Tachybaptus ruficollis;Zampullin comun
-5.875;43.544;Embalse de Trasona (O);Asturias;Asturias;2003;Oct;Animalia;Aves;Podicipedidae;Podiceps;Podiceps nigricollis;Zampullin cuellinegro
-5.875;43.544;Embalse de Trasona (O);Asturias;Asturias;2003;Aug;Animalia;Aves;Podicipedidae;Tachybaptus;Tachybaptus ruficollis;Zampullin comun
-5.875;43.544;Embalse de Trasona (O);Asturias;Asturias;2004;Oct;Animalia;Aves;Podicipedidae;Podiceps;Podiceps cristatus;Somormujo lavanco
-6.01;43.201;Embalse de Valdemurios (O);Asturias;Asturias;2001;Aug;Animalia;Aves;Podicipedidae;Tachybaptus;Tachybaptus ruficollis;Zampullin comun
-6.01;43.201;Embalse de Valdemurios (O);Asturias;Asturias;2003;Aug;Animalia;Aves;Podicipedidae;Tachybaptus;Tachybaptus ruficollis;Zampullin comun
-5.864;43.309;Embalse Soto de Rivera (O);Asturias;Asturias;2003;Aug;Animalia;Aves;Podicipedidae;Tachybaptus;Tachybaptus ruficollis;Zampullin comun
-5.639;43.538;Parque Isabel la Catolica (O);Asturias;Asturias;2000;Oct;Animalia;Aves;Podicipedidae;Podiceps;Podiceps nigricollis;Zampullin cuellinegro
-4.907;43.166;Picos de Europa PN--Valdeon;Asturias;Asturias;2000;Aug;Animalia;Aves;Fringillidae;Fringilla;Fringilla coelebs;Common Chaffinch
-6.12;43.561;Puerto del Musel (O);Asturias;Asturias;2003;Oct;Animalia;Aves;Podicipedidae;Podiceps;Podiceps nigricollis;Zampullin cuellinegro
-6.725;43.554;Ria de Navia (O);Asturias;Asturias;2001;Oct;Animalia;Aves;Podicipedidae;Podiceps;Podiceps nigricollis;Zampullin cuellinegro
-6.725;43.554;Ria de Navia (O);Asturias;Asturias;2001;Aug;Animalia;Aves;Podicipedidae;Tachybaptus;Tachybaptus ruficollis;Zampullin comun
-5.063;43.459;Ria de Ribadesella (O);Asturias;Asturias;2001;Aug;Animalia;Aves;Podicipedidae;Tachybaptus;Tachybaptus ruficollis;Zampullin comun
-5.063;43.459;Ria de Ribadesella (O);Asturias;Asturias;2003;May;Animalia;Aves;Anatidae;Netta;Netta rufina;Pato colorado
-5.391;43.522;Ria de Villaviciosa (O);Asturias;Asturias;2000;Oct;Animalia;Aves;Podicipedidae;Podiceps;Podiceps cristatus;Somormujo lavanco
-5.391;43.522;Ria de Villaviciosa (O);Asturias;Asturias;2000;Oct;Animalia;Aves;Podicipedidae;Podiceps;Podiceps auritus;Zampullin cuellirrojo
-5.391;43.522;Ria de Villaviciosa (O);Asturias;Asturias;2000;Oct;Animalia;Aves;Anatidae;Tadorna;Tadorna tadorna;Tarro blanco
-5.391;43.522;Ria de Villaviciosa (O);Asturias;Asturias;2000;Oct;Animalia;Aves;Podicipedidae;Podiceps;Podiceps nigricollis;Zampullin cuellinegro
-5.391;43.522;Ria de Villaviciosa (O);Asturias;Asturias;2001;Oct;Animalia;Aves;Podicipedidae;Podiceps;Podiceps cristatus;Somormujo lavanco
-5.391;43.522;Ria de Villaviciosa (O);Asturias;Asturias;2001;Oct;Animalia;Aves;Podicipedidae;Podiceps;Podiceps nigricollis;Zampullin cuellinegro
-5.391;43.522;Ria de Villaviciosa (O);Asturias;Asturias;2001;Aug;Animalia;Aves;Threskiornithidae;Platalea;Platalea leucorodia;Espatula comun
-5.391;43.522;Ria de Villaviciosa (O);Asturias;Asturias;2001;Aug;Animalia;Aves;Podicipedidae;Tachybaptus;Tachybaptus ruficollis;Zampullin comun
-5.391;43.522;Ria de Villaviciosa (O);Asturias;Asturias;2003;Oct;Animalia;Aves;Podicipedidae;Podiceps;Podiceps nigricollis;Zampullin cuellinegro
-5.391;43.522;Ria de Villaviciosa (O);Asturias;Asturias;2003;Aug;Animalia;Aves;Podicipedidae;Tachybaptus;Tachybaptus ruficollis;Zampullin comun
-5.391;43.522;Ria de Villaviciosa (O);Asturias;Asturias;2004;Oct;Animalia;Aves;Anatidae;Tadorna;Tadorna tadorna;Tarro blanco
-5.391;43.522;Ria de Villaviciosa (O);Asturias;Asturias;2004;Oct;Animalia;Aves;Podicipedidae;Podiceps;Podiceps nigricollis;Zampullin cuellinegro
-7.025;43.549;Ria del Eo (O);Asturias;Asturias;2000;Oct;Animalia;Aves;Podicipedidae;Podiceps;Podiceps cristatus;Somormujo lavanco
-7.025;43.549;Ria del Eo (O);Asturias;Asturias;2000;Oct;Animalia;Aves;Podicipedidae;Podiceps;Podiceps nigricollis;Zampullin cuellinegro
-7.025;43.549;Ria del Eo (O);Asturias;Asturias;2000;Oct;Animalia;Aves;Podicipedidae;Podiceps;Podiceps auritus;Zampullin cuellirrojo
-7.025;43.549;Ria del Eo (O);Asturias;Asturias;2001;Oct;Animalia;Aves;Podicipedidae;Podiceps;Podiceps cristatus;Somormujo lavanco
-7.025;43.549;Ria del Eo (O);Asturias;Asturias;2001;Oct;Animalia;Aves;Podicipedidae;Podiceps;Podiceps nigricollis;Zampullin cuellinegro
-7.025;43.549;Ria del Eo (O);Asturias;Asturias;2001;Aug;Animalia;Aves;Podicipedidae;Tachybaptus;Tachybaptus ruficollis;Zampullin comun
-7.025;43.549;Ria del Eo (O);Asturias;Asturias;2002;Oct;Animalia;Aves;Podicipedidae;Podiceps;Podiceps cristatus;Somormujo lavanco
-7.025;43.549;Ria del Eo (O);Asturias;Asturias;2003;Oct;Animalia;Aves;Anatidae;Tadorna;Tadorna tadorna;Tarro blanco
-7.025;43.549;Ria del Eo (O);Asturias;Asturias;2003;Oct;Animalia;Aves;Podicipedidae;Podiceps;Podiceps nigricollis;Zampullin cuellinegro
-7.025;43.549;Ria del Eo (O);Asturias;Asturias;2003;Aug;Animalia;Aves;Podicipedidae;Tachybaptus;Tachybaptus ruficollis;Zampullin comun
-7.025;43.549;Ria del Eo (O);Asturias;Asturias;2004;Oct;Animalia;Aves;Podicipedidae;Podiceps;Podiceps nigricollis;Zampullin cuellinegro
-7.039;43.518;Ria del Eo, margen asturiana;Asturias;Asturias;2002;Aug;Animalia;Aves;Fringillidae;Fringilla;Fringilla coelebs;Common Chaffinch
-7.039;43.518;Ria del Eo, margen asturiana;Asturias;Asturias;2002;Oct;Animalia;Aves;Anatidae;Tadorna;Tadorna tadorna;Common Shelduck
-7.039;43.518;Ria del Eo, margen asturiana;Asturias;Asturias;2002;Oct;Animalia;Aves;Podicipedidae;Podiceps;Podiceps nigricollis;Eared Grebe
-7.039;43.518;Ria del Eo, margen asturiana;Asturias;Asturias;2002;May;Animalia;Aves;Anatidae;Anas;Mareca penelope;Eurasian Wigeon
-6.078;43.555;Ria del Nalon (O);Asturias;Asturias;2001;Aug;Animalia;Aves;Podicipedidae;Tachybaptus;Tachybaptus ruficollis;Zampullin comun
-6.078;43.555;Ria del Nalon (O);Asturias;Asturias;2003;Aug;Animalia;Aves;Podicipedidae;Tachybaptus;Tachybaptus ruficollis;Zampullin comun
-6.483;43.563;Rio Esva (O);Asturias;Asturias;2003;Oct;Animalia;Aves;Podicipedidae;Podiceps;Podiceps cristatus;Somormujo lavanco
-5.566;43.252;Rio Nalon (Medio) (O);Asturias;Asturias;2003;Aug;Animalia;Aves;Podicipedidae;Tachybaptus;Tachybaptus ruficollis;Zampullin comun
-6.982;43.56;Tramo costero Villadun/Serantes (O);Asturias;Asturias;2001;Aug;Animalia;Aves;Podicipedidae;Tachybaptus;Tachybaptus ruficollis;Zampullin comun
-4.311;42.811;Aguilar de Campoo--Embalse de Aguilar;Palencia;Castilla-La Mancha;2000;May;Animalia;Aves;Anatidae;Anas;Mareca penelope;Eurasian Wigeon
-4.311;42.811;Aguilar de Campoo--Embalse de Aguilar;Palencia;Castilla-La Mancha;2001;May;Animalia;Aves;Anatidae;Anas;Mareca penelope;Eurasian Wigeon
-4.309;42.81;Embalse de Aguilar de Campoo (P);Palencia;Castilla-La Mancha;2000;Oct;Animalia;Aves;Podicipedidae;Podiceps;Podiceps cristatus;Somormujo lavanco
-4.309;42.81;Embalse de Aguilar de Campoo (P);Palencia;Castilla-La Mancha;2000;Aug;Animalia;Aves;Podicipedidae;Tachybaptus;Tachybaptus ruficollis;Zampullin comun
-4.309;42.81;Embalse de Aguilar de Campoo (P);Palencia;Castilla-La Mancha;2001;Oct;Animalia;Aves;Podicipedidae;Podiceps;Podiceps cristatus;Somormujo lavanco
-4.309;42.81;Embalse de Aguilar de Campoo (P);Palencia;Castilla-La Mancha;2001;Aug;Animalia;Aves;Podicipedidae;Tachybaptus;Tachybaptus ruficollis;Zampullin comun
-4.309;42.81;Embalse de Aguilar de Campoo (P);Palencia;Castilla-La Mancha;2002;Oct;Animalia;Aves;Podicipedidae;Podiceps;Podiceps cristatus;Somormujo lavanco
-4.309;42.81;Embalse de Aguilar de Campoo (P);Palencia;Castilla-La Mancha;2002;Oct;Animalia;Aves;Podicipedidae;Podiceps;Podiceps nigricollis;Zampullin cuellinegro
-4.309;42.81;Embalse de Aguilar de Campoo (P);Palencia;Castilla-La Mancha;2002;Aug;Animalia;Aves;Podicipedidae;Tachybaptus;Tachybaptus ruficollis;Zampullin comun
-4.309;42.81;Embalse de Aguilar de Campoo (P);Palencia;Castilla-La Mancha;2003;Oct;Animalia;Aves;Podicipedidae;Podiceps;Podiceps cristatus;Somormujo lavanco
-4.309;42.81;Embalse de Aguilar de Campoo (P);Palencia;Castilla-La Mancha;2004;Oct;Animalia;Aves;Podicipedidae;Podiceps;Podiceps cristatus;Somormujo lavanco
-4.522;42.172;La Laguna de La Toja, Ribas de Campos (P);Palencia;Castilla-La Mancha;2004;Aug;Animalia;Aves;Podicipedidae;Tachybaptus;Tachybaptus ruficollis;Zampullin comun
-4.898;41.985;Laguna de Boada (P);Palencia;Castilla-La Mancha;2003;Oct;Animalia;Aves;Anatidae;Tadorna;Tadorna tadorna;Tarro blanco
-4.898;41.985;Laguna de Boada (P);Palencia;Castilla-La Mancha;2004;Sep;Animalia;Aves;Anatidae;Tadorna;Tadorna tadorna;Tarro blanco
-4.749;42.07;Laguna de La Nava (P);Palencia;Castilla-La Mancha;2000;Aug;Animalia;Aves;Podicipedidae;Tachybaptus;Tachybaptus ruficollis;Zampullin comun
-4.753;42.068;Laguna de la Nava ENat--Area general;Palencia;Castilla-La Mancha;2000;May;Animalia;Aves;Anatidae;Anas;Mareca penelope;Eurasian Wigeon
-4.128;42.094;Palenzuela;Palencia;Castilla-La Mancha;2020;Feb;Animalia;Actinopterygii;Anguillidae;Anguilla;Anguilla anguilla;European eel
-4.441;42.59;Sotobanado y Priorato;Palencia;Castilla-La Mancha;2015;Feb;Animalia;Amphibia;Hylidae;Hyla;Hyla molleri;Iberian Tree Frog
-4.309;42.81;Embalse de Aguilar de Campoo (P);Palencia;Castilla-La Mancha;2005;Sep;Animalia;Aves;Podicipedidae;Podiceps;Podiceps cristatus;Somormujo lavanco
-4.309;42.81;Embalse de Aguilar de Campoo (P);Palencia;Castilla-La Mancha;2006;Sep;Animalia;Aves;Podicipedidae;Podiceps;Podiceps cristatus;Somormujo lavanco
-4.309;42.81;Embalse de Aguilar de Campoo (P);Palencia;Castilla-La Mancha;2006;Sep;Animalia;Aves;Anatidae;Tadorna;Tadorna tadorna;Tarro blanco
-4.309;42.81;Embalse de Aguilar de Campoo (P);Palencia;Castilla-La Mancha;2007;Sep;Animalia;Aves;Podicipedidae;Podiceps;Podiceps cristatus;Somormujo lavanco
-4.309;42.81;Embalse de Aguilar de Campoo (P);Palencia;Castilla-La Mancha;2008;Sep;Animalia;Aves;Podicipedidae;Podiceps;Podiceps cristatus;Somormujo lavanco
-4.309;42.81;Embalse de Aguilar de Campoo (P);Palencia;Castilla-La Mancha;2008;Aug;Animalia;Aves;Podicipedidae;Tachybaptus;Tachybaptus ruficollis;Zampullin comun
-4.309;42.81;Embalse de Aguilar de Campoo (P);Palencia;Castilla-La Mancha;2009;Sep;Animalia;Aves;Podicipedidae;Podiceps;Podiceps cristatus;Somormujo lavanco
-4.309;42.81;Embalse de Aguilar de Campoo (P);Palencia;Castilla-La Mancha;2010;Sep;Animalia;Aves;Podicipedidae;Podiceps;Podiceps cristatus;Somormujo lavanco
-4.309;42.81;Embalse de Aguilar de Campoo (P);Palencia;Castilla-La Mancha;2011;Sep;Animalia;Aves;Podicipedidae;Podiceps;Podiceps cristatus;Somormujo lavanco
-4.309;42.81;Embalse de Aguilar de Campoo (P);Palencia;Castilla-La Mancha;2012;Sep;Animalia;Aves;Podicipedidae;Podiceps;Podiceps cristatus;Somormujo lavanco
-4.309;42.81;Embalse de Aguilar de Campoo (P);Palencia;Castilla-La Mancha;2012;Aug;Animalia;Aves;Podicipedidae;Tachybaptus;Tachybaptus ruficollis;Zampullin comun
-4.309;42.81;Embalse de Aguilar de Campoo (P);Palencia;Castilla-La Mancha;2013;Sep;Animalia;Aves;Podicipedidae;Podiceps;Podiceps cristatus;Somormujo lavanco
-4.309;42.81;Embalse de Aguilar de Campoo (P);Palencia;Castilla-La Mancha;2013;Sep;Animalia;Aves;Podicipedidae;Podiceps;Podiceps nigricollis;Zampullin cuellinegro
-4.309;42.81;Embalse de Aguilar de Campoo (P);Palencia;Castilla-La Mancha;2014;Sep;Animalia;Aves;Podicipedidae;Podiceps;Podiceps cristatus;Somormujo lavanco
1.426;38.901;Badia de Eivissa;Palma de Mallorca;Illes Balears;2002;Sep;Animalia;Aves;Podicipedidae;Podiceps;Podiceps cristatus;Somormujo lavanco
2.645;39.565;Bahia de Palma;Palma de Mallorca;Illes Balears;2002;Sep;Animalia;Aves;Anatidae;Tadorna;Tadorna tadorna;Tarro blanco
3.063;39.342;Bassa de Botanicactus;Palma de Mallorca;Illes Balears;2001;Aug;Animalia;Aves;Podicipedidae;Tachybaptus;Tachybaptus ruficollis;Zampullin comun
2.752;39.58;Bassa de reg del Pla de Sant Jordi;Palma de Mallorca;Illes Balears;2001;Aug;Animalia;Aves;Podicipedidae;Tachybaptus;Tachybaptus ruficollis;Zampullin comun
1.522;39.005;Bassa de Regadiu de Sa Rota;Palma de Mallorca;Illes Balears;2001;Sep;Animalia;Aves;Podicipedidae;Podiceps;Podiceps nigricollis;Zampullin cuellinegro
3.138;39.48;Bassa de Son Navata-Mallorca;Palma de Mallorca;Illes Balears;2000;Aug;Animalia;Aves;Podicipedidae;Tachybaptus;Tachybaptus ruficollis;Zampullin comun
3.138;39.48;Bassa de Son Navata-Mallorca;Palma de Mallorca;Illes Balears;2001;Aug;Animalia;Aves;Podicipedidae;Tachybaptus;Tachybaptus ruficollis;Zampullin comun
3.138;39.48;Bassa de Son Navata-Mallorca;Palma de Mallorca;Illes Balears;2002;Aug;Animalia;Aves;Podicipedidae;Tachybaptus;Tachybaptus ruficollis;Zampullin comun
2.77;39.555;Basses de L' aeroport de Son Sant Jordi i Pla de Sant Jordi;Palma de Mallorca;Illes Balears;2000;Aug;Animalia;Aves;Podicipedidae;Tachybaptus;Tachybaptus ruficollis;Zampullin comun
2.77;39.555;Basses de L' aeroport de Son Sant Jordi i Pla de Sant Jordi;Palma de Mallorca;Illes Balears;2001;Aug;Animalia;Aves;Podicipedidae;Tachybaptus;Tachybaptus ruficollis;Zampullin comun
2.77;39.555;Basses de L' aeroport de Son Sant Jordi i Pla de Sant Jordi;Palma de Mallorca;Illes Balears;2002;Aug;Animalia;Aves;Podicipedidae;Tachybaptus;Tachybaptus ruficollis;Zampullin comun
3.144;39.585;Basses de Sa Teulera, Petra;Palma de Mallorca;Illes Balears;2001;Aug;Animalia;Aves;Podicipedidae;Tachybaptus;Tachybaptus ruficollis;Zampullin comun
2.715;39.565;Basses de Son Ferriol;Palma de Mallorca;Illes Balears;2003;Sep;Animalia;Aves;Anatidae;Tadorna;Tadorna tadorna;Tarro blanco
2.715;39.565;Basses de Son Ferriol;Palma de Mallorca;Illes Balears;2003;Sep;Animalia;Aves;Podicipedidae;Podiceps;Podiceps nigricollis;Zampullin cuellinegro
2.852;39.701;Depuradora de Binissalem;Palma de Mallorca;Illes Balears;2001;Aug;Animalia;Aves;Podicipedidae;Tachybaptus;Tachybaptus ruficollis;Zampullin comun
3.039;39.32;Estany de Tamarells-Mallorca;Palma de Mallorca;Illes Balears;2001;Sep;Animalia;Aves;Anatidae;Tadorna;Tadorna tadorna;Tarro blanco
1.412;38.727;Estany des Peix;Palma de Mallorca;Illes Balears;2001;Sep;Animalia;Aves;Podicipedidae;Podiceps;Podiceps nigricollis;Zampullin cuellinegro
1.412;38.727;Estany des Peix;Palma de Mallorca;Illes Balears;2002;Sep;Animalia;Aves;Podicipedidae;Podiceps;Podiceps nigricollis;Zampullin cuellinegro
1.435;38.73;Estany Pudent-Formentera;Palma de Mallorca;Illes Balears;2001;Sep;Animalia;Aves;Anatidae;Tadorna;Tadorna tadorna;Tarro blanco
1.435;38.73;Estany Pudent-Formentera;Palma de Mallorca;Illes Balears;2001;Sep;Animalia;Aves;Podicipedidae;Podiceps;Podiceps nigricollis;Zampullin cuellinegro
1.435;38.73;Estany Pudent-Formentera;Palma de Mallorca;Illes Balears;2002;Sep;Animalia;Aves;Podicipedidae;Podiceps;Podiceps nigricollis;Zampullin cuellinegro
1.435;38.73;Estany Pudent-Formentera;Palma de Mallorca;Illes Balears;2002;Sep;Animalia;Aves;Anatidae;Tadorna;Tadorna tadorna;Tarro blanco
3.045;39.298;Estanys de Sa Avall;Palma de Mallorca;Illes Balears;2002;Sep;Animalia;Aves;Anatidae;Tadorna;Tadorna tadorna;Tarro blanco
3.082;39.905;Gola del Port;Palma de Mallorca;Illes Balears;2001;Aug;Animalia;Aves;Podicipedidae;Tachybaptus;Tachybaptus ruficollis;Zampullin comun
2.517;39.492;Golf de Ponent;Palma de Mallorca;Illes Balears;2001;Aug;Animalia;Aves;Podicipedidae;Tachybaptus;Tachybaptus ruficollis;Zampullin comun
2.494;39.513;Golf Santa PonA§a I;Palma de Mallorca;Illes Balears;2001;Aug;Animalia;Aves;Podicipedidae;Tachybaptus;Tachybaptus ruficollis;Zampullin comun
2.491;39.497;Golf Santa PonA§a II;Palma de Mallorca;Illes Balears;2001;Aug;Animalia;Aves;Podicipedidae;Tachybaptus;Tachybaptus ruficollis;Zampullin comun
2.494;39.506;Golfs Santa Ponca y El Toro;Palma de Mallorca;Illes Balears;2000;Aug;Animalia;Aves;Podicipedidae;Tachybaptus;Tachybaptus ruficollis;Zampullin comun
1.426;38.788;Llacuna de S' Espalmador;Palma de Mallorca;Illes Balears;2002;Sep;Animalia;Aves;Anatidae;Tadorna;Tadorna tadorna;Tarro blanco
4.108;40.046;Lluriach-Tirant, Es Mercadal;Palma de Mallorca;Illes Balears;2001;Aug;Animalia;Aves;Podicipedidae;Tachybaptus;Tachybaptus ruficollis;Zampullin comun
4.108;40.046;Lluriach-Tirant, Es Mercadal;Palma de Mallorca;Illes Balears;2002;Aug;Animalia;Aves;Ardeidae;Nycticorax;Nycticorax nycticorax;Martinete comun
4.108;40.046;Lluriach-Tirant, Es Mercadal;Palma de Mallorca;Illes Balears;2002;Aug;Animalia;Aves;Podicipedidae;Tachybaptus;Tachybaptus ruficollis;Zampullin comun
4.108;40.046;Lluriach-Tirant, Es Mercadal;Palma de Mallorca;Illes Balears;2003;Sep;Animalia;Aves;Podicipedidae;Podiceps;Podiceps nigricollis;Zampullin cuellinegro
4.108;40.046;Lluriach-Tirant, Es Mercadal;Palma de Mallorca;Illes Balears;2003;Sep;Animalia;Aves;Anatidae;Tadorna;Tadorna tadorna;Tarro blanco
3.115;39.845;Maristany, Alcudia;Palma de Mallorca;Illes Balears;2000;Aug;Animalia;Aves;Podicipedidae;Tachybaptus;Tachybaptus ruficollis;Zampullin comun
3.115;39.845;Maristany, Alcudia;Palma de Mallorca;Illes Balears;2001;Aug;Animalia;Aves;Podicipedidae;Tachybaptus;Tachybaptus ruficollis;Zampullin comun
3.115;39.845;Maristany, Alcudia;Palma de Mallorca;Illes Balears;2003;Sep;Animalia;Aves;Podicipedidae;Podiceps;Podiceps cristatus;Somormujo lavanco
3.115;39.845;Maristany, Alcudia;Palma de Mallorca;Illes Balears;2003;Sep;Animalia;Aves;Podicipedidae;Podiceps;Podiceps nigricollis;Zampullin cuellinegro
1.417;38.806;Otras localidades Ibiza y Formentera;Palma de Mallorca;Illes Balears;2000;Sep;Animalia;Aves;Podicipedidae;Podiceps;Podiceps nigricollis;Zampullin cuellinegro
3.038;39.318;Otras localidades Mallorca;Palma de Mallorca;Illes Balears;2000;Sep;Animalia;Aves;Podicipedidae;Podiceps;Podiceps cristatus;Somormujo lavanco
3.038;39.318;Otras localidades Mallorca;Palma de Mallorca;Illes Balears;2000;Sep;Animalia;Aves;Podicipedidae;Podiceps;Podiceps nigricollis;Zampullin cuellinegro
3.038;39.318;Otras localidades Mallorca;Palma de Mallorca;Illes Balears;2000;Aug;Animalia;Aves;Podicipedidae;Tachybaptus;Tachybaptus ruficollis;Zampullin comun
3.038;39.318;Otras localidades Mallorca;Palma de Mallorca;Illes Balears;2003;Sep;Animalia;Aves;Podicipedidae;Podiceps;Podiceps cristatus;Somormujo lavanco
3.038;39.318;Otras localidades Mallorca;Palma de Mallorca;Illes Balears;2003;May;Animalia;Aves;Anatidae;Netta;Netta rufina;Pato colorado
4.251;39.949;Otras localidades Menorca;Palma de Mallorca;Illes Balears;2000;Sep;Animalia;Aves;Podicipedidae;Podiceps;Podiceps cristatus;Somormujo lavanco
4.251;39.949;Otras localidades Menorca;Palma de Mallorca;Illes Balears;2000;Aug;Animalia;Aves;Podicipedidae;Tachybaptus;Tachybaptus ruficollis;Zampullin comun
2.987;39.344;Platja des Trenc;Palma de Mallorca;Illes Balears;2001;Sep;Animalia;Aves;Anatidae;Tadorna;Tadorna tadorna;Tarro blanco
4.287;39.891;Port de Mao;Palma de Mallorca;Illes Balears;2001;Sep;Animalia;Aves;Podicipedidae;Podiceps;Podiceps cristatus;Somormujo lavanco
4.287;39.891;Port de Mao;Palma de Mallorca;Illes Balears;2002;Sep;Animalia;Aves;Podicipedidae;Podiceps;Podiceps nigricollis;Zampullin cuellinegro
3.239;39.431;Portocolom, Felanitx;Palma de Mallorca;Illes Balears;2003;Sep;Animalia;Aves;Podicipedidae;Podiceps;Podiceps cristatus;Somormujo lavanco
3.111;39.79;S' Albufera de Mallorca;Palma de Mallorca;Illes Balears;2000;Sep;Animalia;Aves;Podicipedidae;Podiceps;Podiceps cristatus;Somormujo lavanco
3.111;39.79;S' Albufera de Mallorca;Palma de Mallorca;Illes Balears;2000;Sep;Animalia;Aves;Podicipedidae;Podiceps;Podiceps nigricollis;Zampullin cuellinegro
3.111;39.79;S' Albufera de Mallorca;Palma de Mallorca;Illes Balears;2000;Aug;Animalia;Aves;Threskiornithidae;Platalea;Platalea leucorodia;Espatula comun
3.111;39.79;S' Albufera de Mallorca;Palma de Mallorca;Illes Balears;2000;Sep;Animalia;Aves;Anatidae;Tadorna;Tadorna tadorna;Tarro blanco
3.111;39.79;S' Albufera de Mallorca;Palma de Mallorca;Illes Balears;2000;May;Animalia;Aves;Anatidae;Netta;Netta rufina;Pato colorado
3.111;39.79;S' Albufera de Mallorca;Palma de Mallorca;Illes Balears;2000;Aug;Animalia;Aves;Ardeidae;Ixobrychus;Ixobrychus minutus;Avetorillo comun
3.111;39.79;S' Albufera de Mallorca;Palma de Mallorca;Illes Balears;2000;Aug;Animalia;Aves;Ardeidae;Ardea;Egretta alba;Garceta grande
3.111;39.79;S' Albufera de Mallorca;Palma de Mallorca;Illes Balears;2000;Aug;Animalia;Aves;Ardeidae;Nycticorax;Nycticorax nycticorax;Martinete comun
3.111;39.79;S' Albufera de Mallorca;Palma de Mallorca;Illes Balears;2000;Aug;Animalia;Aves;Podicipedidae;Tachybaptus;Tachybaptus ruficollis;Zampullin comun
3.111;39.79;S' Albufera de Mallorca;Palma de Mallorca;Illes Balears;2001;Sep;Animalia;Aves;Podicipedidae;Podiceps;Podiceps cristatus;Somormujo lavanco
3.111;39.79;S' Albufera de Mallorca;Palma de Mallorca;Illes Balears;2001;Sep;Animalia;Aves;Podicipedidae;Podiceps;Podiceps nigricollis;Zampullin cuellinegro
3.111;39.79;S' Albufera de Mallorca;Palma de Mallorca;Illes Balears;2001;Sep;Animalia;Aves;Anatidae;Tadorna;Tadorna tadorna;Tarro blanco
3.111;39.79;S' Albufera de Mallorca;Palma de Mallorca;Illes Balears;2001;May;Animalia;Aves;Anatidae;Netta;Netta rufina;Pato colorado
3.111;39.79;S' Albufera de Mallorca;Palma de Mallorca;Illes Balears;2001;Aug;Animalia;Aves;Ardeidae;Ixobrychus;Ixobrychus minutus;Avetorillo comun
3.111;39.79;S' Albufera de Mallorca;Palma de Mallorca;Illes Balears;2001;Aug;Animalia;Aves;Ardeidae;Ardea;Egretta alba;Garceta grande
3.111;39.79;S' Albufera de Mallorca;Palma de Mallorca;Illes Balears;2001;Aug;Animalia;Aves;Ardeidae;Nycticorax;Nycticorax nycticorax;Martinete comun
3.111;39.79;S' Albufera de Mallorca;Palma de Mallorca;Illes Balears;2001;Aug;Animalia;Aves;Podicipedidae;Tachybaptus;Tachybaptus ruficollis;Zampullin comun
3.111;39.79;S' Albufera de Mallorca;Palma de Mallorca;Illes Balears;2002;Sep;Animalia;Aves;Podicipedidae;Podiceps;Podiceps cristatus;Somormujo lavanco
3.111;39.79;S' Albufera de Mallorca;Palma de Mallorca;Illes Balears;2002;May;Animalia;Aves;Anatidae;Netta;Netta rufina;Pato colorado
3.111;39.79;S' Albufera de Mallorca;Palma de Mallorca;Illes Balears;2002;Aug;Animalia;Aves;Threskiornithidae;Plegadis;Plegadis falcinellus;Morito comun
3.111;39.79;S' Albufera de Mallorca;Palma de Mallorca;Illes Balears;2002;Aug;Animalia;Aves;Threskiornithidae;Platalea;Platalea leucorodia;Espatula comun
3.111;39.79;S' Albufera de Mallorca;Palma de Mallorca;Illes Balears;2002;Sep;Animalia;Aves;Podicipedidae;Podiceps;Podiceps nigricollis;Zampullin cuellinegro
3.111;39.79;S' Albufera de Mallorca;Palma de Mallorca;Illes Balears;2002;Sep;Animalia;Aves;Anatidae;Tadorna;Tadorna tadorna;Tarro blanco
3.111;39.79;S' Albufera de Mallorca;Palma de Mallorca;Illes Balears;2002;Aug;Animalia;Aves;Ardeidae;Ixobrychus;Ixobrychus minutus;Avetorillo comun
3.111;39.79;S' Albufera de Mallorca;Palma de Mallorca;Illes Balears;2002;Aug;Animalia;Aves;Ardeidae;Ardea;Egretta alba;Garceta grande
3.111;39.79;S' Albufera de Mallorca;Palma de Mallorca;Illes Balears;2002;Aug;Animalia;Aves;Ardeidae;Nycticorax;Nycticorax nycticorax;Martinete comun
3.111;39.79;S' Albufera de Mallorca;Palma de Mallorca;Illes Balears;2002;Aug;Animalia;Aves;Podicipedidae;Tachybaptus;Tachybaptus ruficollis;Zampullin comun
3.111;39.79;S' Albufera de Mallorca;Palma de Mallorca;Illes Balears;2003;Sep;Animalia;Aves;Podicipedidae;Podiceps;Podiceps cristatus;Somormujo lavanco
3.111;39.79;S' Albufera de Mallorca;Palma de Mallorca;Illes Balears;2003;Sep;Animalia;Aves;Podicipedidae;Podiceps;Podiceps nigricollis;Zampullin cuellinegro
3.111;39.79;S' Albufera de Mallorca;Palma de Mallorca;Illes Balears;2003;Sep;Animalia;Aves;Anatidae;Tadorna;Tadorna tadorna;Tarro blanco
3.111;39.79;S' Albufera de Mallorca;Palma de Mallorca;Illes Balears;2003;May;Animalia;Aves;Anatidae;Netta;Netta rufina;Pato colorado
3.111;39.79;S' Albufera de Mallorca;Palma de Mallorca;Illes Balears;2003;Aug;Animalia;Aves;Threskiornithidae;Plegadis;Plegadis falcinellus;Morito comun
3.111;39.79;S' Albufera de Mallorca;Palma de Mallorca;Illes Balears;2003;Aug;Animalia;Aves;Ardeidae;Ixobrychus;Ixobrychus minutus;Avetorillo comun
4.253;39.95;S' Albufera des Grau, Menorca;Palma de Mallorca;Illes Balears;2000;Sep;Animalia;Aves;Podicipedidae;Podiceps;Podiceps cristatus;Somormujo lavanco
4.253;39.95;S' Albufera des Grau, Menorca;Palma de Mallorca;Illes Balears;2000;Sep;Animalia;Aves;Podicipedidae;Podiceps;Podiceps nigricollis;Zampullin cuellinegro
4.253;39.95;S' Albufera des Grau, Menorca;Palma de Mallorca;Illes Balears;2000;Aug;Animalia;Aves;Ardeidae;Ardea;Egretta alba;Garceta grande
4.253;39.95;S' Albufera des Grau, Menorca;Palma de Mallorca;Illes Balears;2000;Aug;Animalia;Aves;Podicipedidae;Tachybaptus;Tachybaptus ruficollis;Zampullin comun
4.253;39.95;S' Albufera des Grau, Menorca;Palma de Mallorca;Illes Balears;2001;Sep;Animalia;Aves;Podicipedidae;Podiceps;Podiceps cristatus;Somormujo lavanco
4.253;39.95;S' Albufera des Grau, Menorca;Palma de Mallorca;Illes Balears;2001;Sep;Animalia;Aves;Anatidae;Tadorna;Tadorna tadorna;Tarro blanco
4.253;39.95;S' Albufera des Grau, Menorca;Palma de Mallorca;Illes Balears;2001;Sep;Animalia;Aves;Podicipedidae;Podiceps;Podiceps nigricollis;Zampullin cuellinegro
4.253;39.95;S' Albufera des Grau, Menorca;Palma de Mallorca;Illes Balears;2001;Aug;Animalia;Aves;Ardeidae;Ardea;Egretta alba;Garceta grande
4.253;39.95;S' Albufera des Grau, Menorca;Palma de Mallorca;Illes Balears;2001;Aug;Animalia;Aves;Podicipedidae;Tachybaptus;Tachybaptus ruficollis;Zampullin comun
4.253;39.95;S' Albufera des Grau, Menorca;Palma de Mallorca;Illes Balears;2002;Sep;Animalia;Aves;Podicipedidae;Podiceps;Podiceps cristatus;Somormujo lavanco
4.253;39.95;S' Albufera des Grau, Menorca;Palma de Mallorca;Illes Balears;2002;Sep;Animalia;Aves;Podicipedidae;Podiceps;Podiceps nigricollis;Zampullin cuellinegro
4.253;39.95;S' Albufera des Grau, Menorca;Palma de Mallorca;Illes Balears;2002;Aug;Animalia;Aves;Podicipedidae;Tachybaptus;Tachybaptus ruficollis;Zampullin comun
4.253;39.95;S' Albufera des Grau, Menorca;Palma de Mallorca;Illes Balears;2003;Sep;Animalia;Aves;Podicipedidae;Podiceps;Podiceps cristatus;Somormujo lavanco
4.253;39.95;S' Albufera des Grau, Menorca;Palma de Mallorca;Illes Balears;2003;Sep;Animalia;Aves;Podicipedidae;Podiceps;Podiceps nigricollis;Zampullin cuellinegro
4.253;39.95;S' Albufera des Grau, Menorca;Palma de Mallorca;Illes Balears;2003;May;Animalia;Aves;Anatidae;Netta;Netta rufina;Pato colorado
3.088;39.863;S' Albufereta;Palma de Mallorca;Illes Balears;2000;May;Animalia;Aves;Anatidae;Netta;Netta rufina;Pato colorado
3.088;39.863;S' Albufereta;Palma de Mallorca;Illes Balears;2000;Aug;Animalia;Aves;Ardeidae;Ardea;Egretta alba;Garceta grande
3.088;39.863;S' Albufereta;Palma de Mallorca;Illes Balears;2000;Aug;Animalia;Aves;Ardeidae;Nycticorax;Nycticorax nycticorax;Martinete comun
3.088;39.863;S' Albufereta;Palma de Mallorca;Illes Balears;2000;Aug;Animalia;Aves;Podicipedidae;Tachybaptus;Tachybaptus ruficollis;Zampullin comun
3.088;39.863;S' Albufereta;Palma de Mallorca;Illes Balears;2001;Aug;Animalia;Aves;Podicipedidae;Tachybaptus;Tachybaptus ruficollis;Zampullin comun
3.088;39.863;S' Albufereta;Palma de Mallorca;Illes Balears;2002;Aug;Animalia;Aves;Ardeidae;Ardea;Egretta alba;Garceta grande
3.088;39.863;S' Albufereta;Palma de Mallorca;Illes Balears;2003;Sep;Animalia;Aves;Podicipedidae;Podiceps;Podiceps cristatus;Somormujo lavanco
3.088;39.863;S' Albufereta;Palma de Mallorca;Illes Balears;2003;May;Animalia;Aves;Anatidae;Netta;Netta rufina;Pato colorado
4.207;40;Salines de Montgofre i Addaia, Mercadal;Palma de Mallorca;Illes Balears;2001;Sep;Animalia;Aves;Anatidae;Tadorna;Tadorna tadorna;Tarro blanco
3.007;39.355;Salobrar de Campos-Mallorca;Palma de Mallorca;Illes Balears;2002;Sep;Animalia;Aves;Anatidae;Tadorna;Tadorna tadorna;Tarro blanco
3.007;39.355;Salobrar de Campos-Mallorca;Palma de Mallorca;Illes Balears;2002;Aug;Animalia;Aves;Threskiornithidae;Platalea;Platalea leucorodia;Espatula comun
3.007;39.355;Salobrar de Campos-Mallorca;Palma de Mallorca;Illes Balears;2003;Sep;Animalia;Aves;Anatidae;Tadorna;Tadorna tadorna;Tarro blanco
1.381;38.86;Ses Salines-Ibiza;Palma de Mallorca;Illes Balears;2000;Sep;Animalia;Aves;Anatidae;Tadorna;Tadorna tadorna;Tarro blanco
1.381;38.86;Ses Salines-Ibiza;Palma de Mallorca;Illes Balears;2000;Sep;Animalia;Aves;Podicipedidae;Podiceps;Podiceps nigricollis;Zampullin cuellinegro
1.381;38.86;Ses Salines-Ibiza;Palma de Mallorca;Illes Balears;2001;Sep;Animalia;Aves;Podicipedidae;Podiceps;Podiceps nigricollis;Zampullin cuellinegro
1.381;38.86;Ses Salines-Ibiza;Palma de Mallorca;Illes Balears;2001;Sep;Animalia;Aves;Anatidae;Tadorna;Tadorna tadorna;Tarro blanco
1.381;38.86;Ses Salines-Ibiza;Palma de Mallorca;Illes Balears;2002;Sep;Animalia;Aves;Podicipedidae;Podiceps;Podiceps nigricollis;Zampullin cuellinegro
1.381;38.86;Ses Salines-Ibiza;Palma de Mallorca;Illes Balears;2002;Sep;Animalia;Aves;Anatidae;Tadorna;Tadorna tadorna;Tarro blanco
1.381;38.86;Ses Salines-Ibiza;Palma de Mallorca;Illes Balears;2003;Sep;Animalia;Aves;Podicipedidae;Podiceps;Podiceps nigricollis;Zampullin cuellinegro
1.381;38.86;Ses Salines-Ibiza;Palma de Mallorca;Illes Balears;2003;Sep;Animalia;Aves;Anatidae;Tadorna;Tadorna tadorna;Tarro blanco
4.065;39.907;Son Bou;Palma de Mallorca;Illes Balears;2002;Aug;Animalia;Aves;Podicipedidae;Tachybaptus;Tachybaptus ruficollis;Zampullin comun
3.431;39.666;Torrent de Canyamel;Palma de Mallorca;Illes Balears;2001;Aug;Animalia;Aves;Podicipedidae;Tachybaptus;Tachybaptus ruficollis;Zampullin comun
3.167;39.754;Torrent de Son Baulo;Palma de Mallorca;Illes Balears;2001;Aug;Animalia;Aves;Podicipedidae;Tachybaptus;Tachybaptus ruficollis;Zampullin comun
3.029;39.881;Ulls de Reg, PollenA§a;Palma de Mallorca;Illes Balears;2001;Aug;Animalia;Aves;Ardeidae;Nycticorax;Nycticorax nycticorax;Martinete comun
3.029;39.881;Ulls de Reg, PollenA§a;Palma de Mallorca;Illes Balears;2001;Aug;Animalia;Aves;Podicipedidae;Tachybaptus;Tachybaptus ruficollis;Zampullin comun
-8.884;42.496; O Grove;Pontevedra;Galicia;2009;Apr;Animalia;Reptilia;Lacertidae;Timon;Timon lepidus;Ocellated Lizard
-8.906;42.475; O Grove;Pontevedra;Galicia;2010;Jul;Animalia;Reptilia;Lacertidae;Timon;Timon lepidus;Ocellated Lizard
-8.572;42.053;Baixo Mino;Pontevedra;Galicia;2017;Apr;Animalia;Actinopterygii;Anguillidae;Anguilla;Anguilla anguilla;European eel
-8.642;42.312;Ensenada de San Simon ;Pontevedra;Galicia;2002;Sep;Animalia;Aves;Podicipedidae;Podiceps;Podiceps nigricollis;Zampullin cuellinegro
-8.642;42.312;Ensenada de San Simon ;Pontevedra;Galicia;2002;Aug;Animalia;Aves;Podicipedidae;Tachybaptus;Tachybaptus ruficollis;Zampullin comun
-8.642;42.312;Ensenada de San Simon ;Pontevedra;Galicia;2003;Aug;Animalia;Aves;Threskiornithidae;Platalea;Platalea leucorodia;Espatula comun
-8.642;42.312;Ensenada de San Simon ;Pontevedra;Galicia;2003;Aug;Animalia;Aves;Podicipedidae;Tachybaptus;Tachybaptus ruficollis;Zampullin comun
-8.642;42.312;Ensenada de San Simon ;Pontevedra;Galicia;2004;Aug;Animalia;Aves;Podicipedidae;Tachybaptus;Tachybaptus ruficollis;Zampullin comun
-8.836;42.493;Ensenada O Grove-Estuario del Umia ;Pontevedra;Galicia;2000;Aug;Animalia;Aves;Threskiornithidae;Platalea;Platalea leucorodia;Espatula comun
-8.836;42.493;Ensenada O Grove-Estuario del Umia ;Pontevedra;Galicia;2001;Aug;Animalia;Aves;Threskiornithidae;Platalea;Platalea leucorodia;Espatula comun
-8.836;42.493;Ensenada O Grove-Estuario del Umia ;Pontevedra;Galicia;2002;Aug;Animalia;Aves;Threskiornithidae;Platalea;Platalea leucorodia;Espatula comun
-8.836;42.493;Ensenada O Grove-Estuario del Umia ;Pontevedra;Galicia;2002;Aug;Animalia;Aves;Podicipedidae;Tachybaptus;Tachybaptus ruficollis;Zampullin comun
-8.836;42.493;Ensenada O Grove-Estuario del Umia ;Pontevedra;Galicia;2003;Aug;Animalia;Aves;Threskiornithidae;Platalea;Platalea leucorodia;Espatula comun
-8.836;42.493;Ensenada O Grove-Estuario del Umia ;Pontevedra;Galicia;2003;Aug;Animalia;Aves;Podicipedidae;Tachybaptus;Tachybaptus ruficollis;Zampullin comun
-8.836;42.493;Ensenada O Grove-Estuario del Umia ;Pontevedra;Galicia;2004;Aug;Animalia;Aves;Threskiornithidae;Platalea;Platalea leucorodia;Espatula comun
-8.836;42.493;Ensenada O Grove-Estuario del Umia ;Pontevedra;Galicia;2004;Aug;Animalia;Aves;Podicipedidae;Tachybaptus;Tachybaptus ruficollis;Zampullin comun
-8.837;41.889;Estuario del Mino ;Pontevedra;Galicia;2000;Sep;Animalia;Aves;Podicipedidae;Podiceps;Podiceps nigricollis;Zampullin cuellinegro
-8.837;41.889;Estuario del Mino ;Pontevedra;Galicia;2000;Aug;Animalia;Aves;Threskiornithidae;Platalea;Platalea leucorodia;Espatula comun
-8.837;41.889;Estuario del Mino ;Pontevedra;Galicia;2001;Sep;Animalia;Aves;Podicipedidae;Podiceps;Podiceps cristatus;Somormujo lavanco
-8.837;41.889;Estuario del Mino ;Pontevedra;Galicia;2001;Sep;Animalia;Aves;Podicipedidae;Podiceps;Podiceps nigricollis;Zampullin cuellinegro
-8.837;41.889;Estuario del Mino ;Pontevedra;Galicia;2001;Sep;Animalia;Aves;Podicipedidae;Podiceps;Podiceps auritus;Zampullin cuellirrojo
-8.837;41.889;Estuario del Mino ;Pontevedra;Galicia;2001;Aug;Animalia;Aves;Threskiornithidae;Platalea;Platalea leucorodia;Espatula comun
-8.837;41.889;Estuario del Mino ;Pontevedra;Galicia;2002;Sep;Animalia;Aves;Podicipedidae;Podiceps;Podiceps nigricollis;Zampullin cuellinegro
-8.837;41.889;Estuario del Mino ;Pontevedra;Galicia;2002;Aug;Animalia;Aves;Threskiornithidae;Platalea;Platalea leucorodia;Espatula comun
-8.837;41.889;Estuario del Mino ;Pontevedra;Galicia;2002;Aug;Animalia;Aves;Podicipedidae;Tachybaptus;Tachybaptus ruficollis;Zampullin comun
-8.837;41.889;Estuario del Mino ;Pontevedra;Galicia;2003;Sep;Animalia;Aves;Podicipedidae;Podiceps;Podiceps nigricollis;Zampullin cuellinegro
-8.837;41.889;Estuario del Mino ;Pontevedra;Galicia;2003;Aug;Animalia;Aves;Threskiornithidae;Platalea;Platalea leucorodia;Espatula comun
-8.837;41.889;Estuario del Mino ;Pontevedra;Galicia;2004;Sep;Animalia;Aves;Podicipedidae;Podiceps;Podiceps nigricollis;Zampullin cuellinegro
-8.837;41.889;Estuario del Mino ;Pontevedra;Galicia;2004;Aug;Animalia;Aves;Podicipedidae;Tachybaptus;Tachybaptus ruficollis;Zampullin comun
-8.66;42.425;Estuario del Rio Lerez ;Pontevedra;Galicia;2002;Aug;Animalia;Aves;Threskiornithidae;Platalea;Platalea leucorodia;Espatula comun
-8.66;42.425;Estuario del Rio Lerez ;Pontevedra;Galicia;2003;Sep;Animalia;Aves;Podicipedidae;Podiceps;Podiceps nigricollis;Zampullin cuellinegro
-8.66;42.425;Estuario del Rio Lerez ;Pontevedra;Galicia;2003;Aug;Animalia;Aves;Ardeidae;Ardea;Egretta alba;Garceta grande
-8.707;42.712;Estuario Rio Ulla ;Pontevedra;Galicia;2001;Sep;Animalia;Aves;Podicipedidae;Podiceps;Podiceps nigricollis;Zampullin cuellinegro
-8.707;42.712;Estuario Rio Ulla ;Pontevedra;Galicia;2002;Sep;Animalia;Aves;Podicipedidae;Podiceps;Podiceps cristatus;Somormujo lavanco
-8.707;42.712;Estuario Rio Ulla ;Pontevedra;Galicia;2003;Sep;Animalia;Aves;Podicipedidae;Podiceps;Podiceps cristatus;Somormujo lavanco
-8.345;42.345;Fornelos de Montes;Pontevedra;Galicia;2018;Feb;Animalia;Mammalia;Canidae;Vulpes;Vulpes vulpes;Red Fox
-8.406;42.31;Fornelos de Montes;Pontevedra;Galicia;2020;Aug;Animalia;Mammalia;Canidae;Vulpes;Vulpes vulpes;Red Fox
-8.613;42.094;Gandaras de Budino ;Pontevedra;Galicia;2003;Aug;Animalia;Aves;Podicipedidae;Tachybaptus;Tachybaptus ruficollis;Zampullin comun
-8.688;42.347;Marin;Pontevedra;Galicia;2015;Feb;Animalia;Amphibia;Salamandridae;Salamandra;Salamandra salamandra;Fire Salamander
-8.698;42.33;Moana;Pontevedra;Galicia;2019;Feb;Animalia;Amphibia;Alytidae;Discoglossus;Discoglossus galganoi;Iberian Painted Frog
-8.698;42.324;Moana;Pontevedra;Galicia;2019;Feb;Animalia;Amphibia;Salamandridae;Salamandra;Salamandra salamandra;Fire Salamander
-8.698;42.33;Moana;Pontevedra;Galicia;2019;Feb;Animalia;Amphibia;Salamandridae;Salamandra;Salamandra salamandra;Fire Salamander
-8.698;42.33;Moana;Pontevedra;Galicia;2019;Feb;Animalia;Amphibia;Salamandridae;Triturus;Triturus marmoratus;Marbled Newt
-8.697;42.322;Moana;Pontevedra;Galicia;2019;Feb;Animalia;Amphibia;Salamandridae;Salamandra;Salamandra salamandra;Fire Salamander
-8.418;42.257;Mondariz;Pontevedra;Galicia;2017;Nov;Animalia;Amphibia;Bufonidae;Bufo;Bufo spinosus;Spiny Toad
-8.5;42.25;Mondariz;Pontevedra;Galicia;2018;Aug;Animalia;Amphibia;Salamandridae;Salamandra;Salamandra salamandra;Fire Salamander
-8.45;42.25;Mondariz;Pontevedra;Galicia;2018;Aug;Animalia;Amphibia;Salamandridae;Salamandra;Salamandra salamandra;Fire Salamander
-8.87;42.463;O Grove;Pontevedra;Galicia;2019;Aug;Animalia;Aves;Threskiornithidae;Platalea;Platalea leucorodia;Eurasian Spoonbill
-8.9;42.45;O Grove;Pontevedra;Galicia;2018;Aug;Animalia;Mammalia;Canidae;Vulpes;Vulpes vulpes;Red Fox
-8.9;42.45;O Grove;Pontevedra;Galicia;2020;Aug;Animalia;Mammalia;Canidae;Vulpes;Vulpes vulpes;Red Fox
-8.631;42.107;O Porrino;Pontevedra;Galicia;2017;Jun;Animalia;Amphibia;Bufonidae;Bufo;Bufo spinosus;Spiny Toad
-8.55;42.3;Pazos de Borben;Pontevedra;Galicia;2018;Aug;Animalia;Amphibia;Salamandridae;Salamandra;Salamandra salamandra;Fire Salamander
-8.5;42.3;Pazos de Borben;Pontevedra;Galicia;2018;Aug;Animalia;Amphibia;Salamandridae;Salamandra;Salamandra salamandra;Fire Salamander
-8.5;42.25;Pazos de Borben;Pontevedra;Galicia;2018;Aug;Animalia;Amphibia;Salamandridae;Salamandra;Salamandra salamandra;Fire Salamander
-8.686;42.465;Poio;Pontevedra;Galicia;2007;Feb;Animalia;Amphibia;Salamandridae;Salamandra;Salamandra salamandra;Fire Salamander
-8.686;42.465;Poio;Pontevedra;Galicia;2010;Sep;Animalia;Amphibia;Alytidae;Discoglossus;Discoglossus galganoi;Iberian Painted Frog
-8.686;42.465;Poio;Pontevedra;Galicia;2010;Sep;Animalia;Amphibia;Salamandridae;Lissotriton;Lissotriton boscai;Bosca's Newt
-8.49;42.35;Ponte Caldelas;Pontevedra;Galicia;2019;Aug;Animalia;Mammalia;Canidae;Vulpes;Vulpes vulpes;Red Fox
-8.6;42.35;Ponte Caldelas;Pontevedra;Galicia;2020;Feb;Animalia;Mammalia;Canidae;Vulpes;Vulpes vulpes;Red Fox
-8.55;42.35;Ponte Caldelas;Pontevedra;Galicia;2020;Feb;Animalia;Mammalia;Canidae;Vulpes;Vulpes vulpes;Red Fox
-8.52;42.4;Ponte Caldelas;Pontevedra;Galicia;2008;Feb;Animalia;Amphibia;Salamandridae;Chioglossa;Chioglossa lusitanica;Gold-striped Salamander
-8.486;42.377;Ponte Caldelas;Pontevedra;Galicia;2010;Mar;Animalia;Amphibia;Salamandridae;Salamandra;Salamandra salamandra;Fire Salamander
-8.489;42.35;Ponte Caldelas;Pontevedra;Galicia;2019;Aug;Animalia;Amphibia;Salamandridae;Salamandra;Salamandra salamandra;Fire Salamander
-8.489;42.35;Ponte Caldelas;Pontevedra;Galicia;2019;Feb;Animalia;Amphibia;Salamandridae;Salamandra;Salamandra salamandra;Fire Salamander
-8.489;42.35;Ponte Caldelas;Pontevedra;Galicia;2019;Aug;Animalia;Amphibia;Salamandridae;Lissotriton;Lissotriton boscai;Bosca's Newt
-8.489;42.35;Ponte Caldelas;Pontevedra;Galicia;2019;Feb;Animalia;Amphibia;Salamandridae;Lissotriton;Lissotriton boscai;Bosca's Newt
-8.52;42.37;Ponte Caldelas;Pontevedra;Galicia;2020;Apr;Animalia;Amphibia;Bufonidae;Bufo;Bufo spinosus;Spiny Toad
-8.583;42.433;Pontevedra;Pontevedra;Galicia;2013;Sep;Animalia;Amphibia;Bufonidae;Bufo;Bufo spinosus;Spiny Toad
-8.616;42.504;Pontevedra;Pontevedra;Galicia;2016;Aug;Animalia;Amphibia;Salamandridae;Lissotriton;Lissotriton boscai;Bosca's Newt
-8.616;42.504;Pontevedra;Pontevedra;Galicia;2016;Aug;Animalia;Amphibia;Salamandridae;Triturus;Triturus marmoratus;Marbled Newt
-8.586;42.441;Pontevedra;Pontevedra;Galicia;2017;Dec;Animalia;Actinopterygii;Salmonidae;Salmo;Salmo trutta;Atlantic trout
-8.762;42.646;Resto Ria de Arosa ;Pontevedra;Galicia;2000;Sep;Animalia;Aves;Podicipedidae;Podiceps;Podiceps nigricollis;Zampullin cuellinegro
-8.904;42.221;Ria de Vigo-Islas Cies ;Pontevedra;Galicia;2004;Sep;Animalia;Aves;Podicipedidae;Podiceps;Podiceps nigricollis;Zampullin cuellinegro
-8.904;42.221;Ria de Vigo-Islas Cies ;Pontevedra;Galicia;2004;Sep;Animalia;Aves;Anatidae;Tadorna;Tadorna tadorna;Tarro blanco
-8.514;42.165;Rio Tea;Pontevedra;Galicia;2016;Dec;Animalia;Actinopterygii;Salmonidae;Salmo;Salmo trutta;Brown Trout
-8.468;42.229;Rio Tea;Pontevedra;Galicia;2016;Aug;Animalia;Amphibia;Bufonidae;Bufo;Bufo spinosus;Spiny Toad
-8.6;42.1;Salceda de Caselas;Pontevedra;Galicia;2019;Mar;Animalia;Mammalia;Canidae;Vulpes;Vulpes vulpes;Red Fox
-8.551;42.105;Salceda de Caselas;Pontevedra;Galicia;2019;Feb;Animalia;Amphibia;Salamandridae;Salamandra;Salamandra salamandra;Fire Salamander
-8.551;42.105;Salceda de Caselas;Pontevedra;Galicia;2019;Feb;Animalia;Amphibia;Alytidae;Discoglossus;Discoglossus galganoi;Iberian Painted Frog
-8.542;42.123;Salceda de Caselas;Pontevedra;Galicia;2019;Dec;Animalia;Actinopterygii;Anguillidae;Anguilla;Anguilla anguilla;European eel
-8.567;42.088;Salceda de Caselas;Pontevedra;Galicia;2020;Mar;Animalia;Amphibia;Salamandridae;Lissotriton;Lissotriton boscai;Bosca's Newt
-8.56;42.1;Salceda de Caselas;Pontevedra;Galicia;2020;Feb;Animalia;Amphibia;Salamandridae;Triturus;Triturus marmoratus;Marbled Newt
-8.5;42.05;Salvaterra de Mino;Pontevedra;Galicia;2018;Mar;Animalia;Mammalia;Canidae;Vulpes;Vulpes vulpes;Red Fox
-8.8;42.4;Sanxenxo;Pontevedra;Galicia;2020;Feb;Animalia;Amphibia;Salamandridae;Salamandra;Salamandra salamandra;Fire Salamander
-8.3;42.55;Serra do Candan;Pontevedra;Galicia;2020;Mar;Animalia;Mammalia;Canidae;Vulpes;Vulpes vulpes;Red Fox
-8.391;42.496;Serra do Cando;Pontevedra;Galicia;2016;Aug;Animalia;Mammalia;Canidae;Canis;Canis lupus;Eurasian Wolf
-8.39;42.47;Serra do Cando;Pontevedra;Galicia;2010;Jun;Animalia;Amphibia;Salamandridae;Chioglossa;Chioglossa lusitanica;Gold-striped Salamander
-8.384;42.475;Serra do Cando;Pontevedra;Galicia;2010;Jun;Animalia;Amphibia;Salamandridae;Lissotriton;Lissotriton boscai;Bosca's Newt
-8.102;42.773;Sobreirais do Arnego;Pontevedra;Galicia;2018;Apr;Animalia;Amphibia;Bufonidae;Bufo;Bufo spinosus;Spiny Toad
-8.096;42.772;Sobreirais do Arnego;Pontevedra;Galicia;2018;Apr;Animalia;Amphibia;Bufonidae;Bufo;Bufo spinosus;Spiny Toad
-8.095;42.771;Sobreirais do Arnego;Pontevedra;Galicia;2018;Apr;Animalia;Amphibia;Bufonidae;Bufo;Bufo spinosus;Spiny Toad
-8.095;42.77;Sobreirais do Arnego;Pontevedra;Galicia;2018;Jul;Animalia;Amphibia;Bufonidae;Bufo;Bufo spinosus;Spiny Toad
-8.825;42.341;Tramo Costero  desde Punto Cuxo a Punta Faxilda ;Pontevedra;Galicia;2003;Sep;Animalia;Aves;Podicipedidae;Podiceps;Podiceps cristatus;Somormujo lavanco
-8.825;42.341;Tramo Costero  desde Punto Cuxo a Punta Faxilda ;Pontevedra;Galicia;2004;Sep;Animalia;Aves;Podicipedidae;Podiceps;Podiceps nigricollis;Zampullin cuellinegro
-8.684;42.323;Vilaboa;Pontevedra;Galicia;2015;Feb;Animalia;Amphibia;Salamandridae;Triturus;Triturus marmoratus;Marbled Newt
-8.352;42.18;A Caniza;Pontevedra;Galicia;2019;Mar;Animalia;Amphibia;Salamandridae;Triturus;Triturus marmoratus;Marbled Newt
-8.319;42.225;A Caniza;Pontevedra;Galicia;2019;Feb;Animalia;Amphibia;Salamandridae;Lissotriton;Lissotriton boscai;Bosca's Newt
-8.404;42.406;A Lama;Pontevedra;Galicia;2006;Apr;Animalia;Amphibia;Salamandridae;Lissotriton;Lissotriton boscai;Bosca's Newt
-8.365;42.388;A Lama;Pontevedra;Galicia;2016;Aug;Animalia;Amphibia;Bufonidae;Bufo;Bufo spinosus;Spiny Toad
-8.35;42.4;A Lama;Pontevedra;Galicia;2011;Jul;Animalia;Mammalia;Canidae;Vulpes;Vulpes vulpes;Red Fox
-8.873;42.455;CIUG--Enseada de O Vao;Pontevedra;Galicia;2017;Aug;Animalia;Aves;Threskiornithidae;Plegadis;Plegadis falcinellus;Glossy Ibis
-8.873;42.455;CIUG--Enseada de O Vao;Pontevedra;Galicia;2017;May;Animalia;Aves;Anatidae;Anas;Mareca penelope;Eurasian Wigeon
-8.873;42.455;CIUG--Enseada de O Vao;Pontevedra;Galicia;2017;Sep;Animalia;Aves;Anatidae;Tadorna;Tadorna tadorna;Common Shelduck
-8.873;42.455;CIUG--Enseada de O Vao;Pontevedra;Galicia;2019;Aug;Animalia;Aves;Threskiornithidae;Platalea;Platalea leucorodia;Eurasian Spoonbill
-8.873;42.455;CIUG--Enseada de O Vao;Pontevedra;Galicia;2019;May;Animalia;Aves;Anatidae;Anas;Mareca penelope;Eurasian Wigeon
-8.873;42.455;CIUG--Enseada de O Vao;Pontevedra;Galicia;2019;Aug;Animalia;Aves;Ardeidae;Ardea;Ardea alba;Great Egret
-8.825;42.494;CIUG--Esteiro do Umia (O Facho);Pontevedra;Galicia;2017;Aug;Animalia;Aves;Threskiornithidae;Platalea;Platalea leucorodia;Eurasian Spoonbill
-8.825;42.494;CIUG--Esteiro do Umia (O Facho);Pontevedra;Galicia;2018;Aug;Animalia;Aves;Podicipedidae;Tachybaptus;Tachybaptus ruficollis;Little Grebe
-8.81;42.497;CIUG--Esteiro do Umia (Ponte de Castrelos);Pontevedra;Galicia;2017;Aug;Animalia;Aves;Podicipedidae;Tachybaptus;Tachybaptus ruficollis;Little Grebe
-8.81;42.497;CIUG--Esteiro do Umia (Ponte de Castrelos);Pontevedra;Galicia;2018;Aug;Animalia;Aves;Podicipedidae;Tachybaptus;Tachybaptus ruficollis;Little Grebe
-8.444;42.481;Cotobade;Pontevedra;Galicia;2006;Dec;Animalia;Amphibia;Salamandridae;Triturus;Triturus marmoratus;Marbled Newt
-8.433;42.481;Cotobade;Pontevedra;Galicia;2009;Oct;Animalia;Amphibia;Bufonidae;Bufo;Bufo spinosus;Spiny Toad
-8.427;42.472;Cotobade;Pontevedra;Galicia;2009;Oct;Animalia;Amphibia;Salamandridae;Lissotriton;Lissotriton boscai;Bosca's Newt
-8.427;42.472;Cotobade;Pontevedra;Galicia;2009;Oct;Animalia;Amphibia;Salamandridae;Triturus;Triturus marmoratus;Marbled Newt
-8.44;42.47;Cotobade;Pontevedra;Galicia;2011;Jun;Animalia;Amphibia;Salamandridae;Chioglossa;Chioglossa lusitanica;Gold-striped Salamander
-8.45;42.45;Cotobade;Pontevedra;Galicia;2020;Feb;Animalia;Amphibia;Salamandridae;Salamandra;Salamandra salamandra;Fire Salamander
-8.44;42.46;Cotobade;Pontevedra;Galicia;2008;Sep;Animalia;Mammalia;Canidae;Canis;Canis lupus;Iberian Wolf
-8.435;42.464;Cotobade;Pontevedra;Galicia;2009;Jul;Animalia;Mammalia;Canidae;Vulpes;Vulpes vulpes;Red Fox
-8.442;42.46;Cotobade;Pontevedra;Galicia;2010;Aug;Animalia;Mammalia;Canidae;Vulpes;Vulpes vulpes;Red Fox
-8.44;42.47;Cotobade;Pontevedra;Galicia;2010;Mar;Animalia;Mammalia;Canidae;Canis;Canis lupus;Iberian Wolf
-8.44;42.47;Cotobade;Pontevedra;Galicia;2010;Apr;Animalia;Mammalia;Canidae;Canis;Canis lupus;Iberian Wolf
-8.44;42.455;Cotobade;Pontevedra;Galicia;2010;Aug;Animalia;Mammalia;Canidae;Vulpes;Vulpes vulpes;Red Fox
-8.437;42.474;Cotobade;Pontevedra;Galicia;2010;Mar;Animalia;Mammalia;Canidae;Vulpes;Vulpes vulpes;Red Fox
-8.436;42.474;Cotobade;Pontevedra;Galicia;2010;Aug;Animalia;Mammalia;Canidae;Vulpes;Vulpes vulpes;Red Fox
-8.436;42.474;Cotobade;Pontevedra;Galicia;2010;Feb;Animalia;Mammalia;Canidae;Vulpes;Vulpes vulpes;Red Fox
-8.433;42.474;Cotobade;Pontevedra;Galicia;2010;Apr;Animalia;Mammalia;Canidae;Vulpes;Vulpes vulpes;Red Fox
-8.433;42.461;Cotobade;Pontevedra;Galicia;2010;Apr;Animalia;Mammalia;Canidae;Vulpes;Vulpes vulpes;Red Fox
-8.433;42.468;Cotobade;Pontevedra;Galicia;2010;Apr;Animalia;Mammalia;Canidae;Vulpes;Vulpes vulpes;Red Fox
-8.431;42.47;Cotobade;Pontevedra;Galicia;2010;Mar;Animalia;Mammalia;Canidae;Vulpes;Vulpes vulpes;Red Fox
-8.5;42.4;Cotobade;Pontevedra;Galicia;2020;Feb;Animalia;Mammalia;Canidae;Vulpes;Vulpes vulpes;Red Fox
-8.783;42.267;Coiro;Ponteverdra;Galicia;2011;Sep;Animalia;Aves;Tytonidae;Tyto;Tyto alba;Lechuza comun
-8.783;42.267;Coiro;Ponteverdra;Galicia;2012;Sep;Animalia;Aves;Tytonidae;Tyto;Tyto alba;Lechuza comun
-8.783;42.267;Coiro;Ponteverdra;Galicia;2016;Aug;Animalia;Aves;Fringillidae;Fringilla;Fringilla coelebs;Pinzon vulgar
-8.783;42.267;Coiro;Ponteverdra;Galicia;2017;Aug;Animalia;Aves;Fringillidae;Fringilla;Fringilla coelebs;Pinzon vulgar
-5.823;37.887; La Atalaya;Salamanca;Castilla-La Mancha;2011;May;Animalia;Reptilia;Lacertidae;Timon;Timon lepidus;Ocellated Lizard
-5.834;37.884; La Atalaya;Salamanca;Castilla-La Mancha;2018;Jun;Animalia;Reptilia;Colubridae;Hemorrhois;Hemorrhois hippocrepis;Horseshoe Whip Snake
-5.822;37.886; La Atalaya;Salamanca;Castilla-La Mancha;2020;Feb;Animalia;Reptilia;Blanidae;Blanus;Blanus cinereus;Mediterranean Worm Lizard
-6.467;42.475; Salamanca;Salamanca;Castilla-La Mancha;2006;Jul;Animalia;Reptilia;Lacertidae;Timon;Timon lepidus;Ocellated Lizard
-6.381;41.902; Salamanca;Salamanca;Castilla-La Mancha;2007;May;Animalia;Reptilia;Lacertidae;Timon;Timon lepidus;Ocellated Lizard
-2.512;41.904; Salamanca;Salamanca;Castilla-La Mancha;2010;Jun;Animalia;Reptilia;Lacertidae;Timon;Timon lepidus;Ocellated Lizard
-6.28;40.5; Salamanca;Salamanca;Castilla-La Mancha;2013;May;Animalia;Reptilia;Colubridae;Hemorrhois;Hemorrhois hippocrepis;Horseshoe Whip Snake
-5.516;40.825;Alba de Tormes;Salamanca;Castilla-La Mancha;2016;Aug;Animalia;Aves;Podicipedidae;Tachybaptus;Tachybaptus ruficollis;Little Grebe
-5.517;40.822;Alba de Tormes;Salamanca;Castilla-La Mancha;2018;Aug;Animalia;Aves;Ardeidae;Ardea;Ardea alba;Great Egret
-6.24;40.681;Aldehuela de Yeltes--Laguna del Cristo;Salamanca;Castilla-La Mancha;2015;May;Animalia;Aves;Anatidae;Anas;Mareca penelope;Eurasian Wigeon
-6.24;40.681;Aldehuela de Yeltes--Laguna del Cristo;Salamanca;Castilla-La Mancha;2019;Aug;Animalia;Aves;Ardeidae;Ardea;Ardea alba;Great Egret
-5.301;40.997;Azud de Riolobos;Salamanca;Castilla-La Mancha;2001;Sep;Animalia;Aves;Podicipedidae;Podiceps;Podiceps cristatus;Somormujo lavanco
-5.301;40.997;Azud de Riolobos;Salamanca;Castilla-La Mancha;2001;Sep;Animalia;Aves;Podicipedidae;Podiceps;Podiceps nigricollis;Zampullin cuellinegro
-5.301;40.997;Azud de Riolobos;Salamanca;Castilla-La Mancha;2001;Aug;Animalia;Aves;Podicipedidae;Tachybaptus;Tachybaptus ruficollis;Zampullin comun
-5.301;40.997;Azud de Riolobos;Salamanca;Castilla-La Mancha;2002;Sep;Animalia;Aves;Podicipedidae;Podiceps;Podiceps cristatus;Somormujo lavanco
-5.301;40.997;Azud de Riolobos;Salamanca;Castilla-La Mancha;2002;Aug;Animalia;Aves;Podicipedidae;Tachybaptus;Tachybaptus ruficollis;Zampullin comun
-5.301;40.997;Azud de Riolobos;Salamanca;Castilla-La Mancha;2004;Sep;Animalia;Aves;Podicipedidae;Podiceps;Podiceps cristatus;Somormujo lavanco
-5.301;40.997;Azud de Riolobos;Salamanca;Castilla-La Mancha;2004;Aug;Animalia;Aves;Podicipedidae;Tachybaptus;Tachybaptus ruficollis;Zampullin comun
-5.499;40.849;Azud de Villagonzalo;Salamanca;Castilla-La Mancha;2000;Sep;Animalia;Aves;Podicipedidae;Podiceps;Podiceps cristatus;Somormujo lavanco
-5.499;40.849;Azud de Villagonzalo;Salamanca;Castilla-La Mancha;2001;Sep;Animalia;Aves;Podicipedidae;Podiceps;Podiceps cristatus;Somormujo lavanco
-5.499;40.849;Azud de Villagonzalo;Salamanca;Castilla-La Mancha;2001;Aug;Animalia;Aves;Podicipedidae;Tachybaptus;Tachybaptus ruficollis;Zampullin comun
-5.499;40.849;Azud de Villagonzalo;Salamanca;Castilla-La Mancha;2002;Sep;Animalia;Aves;Podicipedidae;Podiceps;Podiceps cristatus;Somormujo lavanco
-5.499;40.849;Azud de Villagonzalo;Salamanca;Castilla-La Mancha;2002;Aug;Animalia;Aves;Podicipedidae;Tachybaptus;Tachybaptus ruficollis;Zampullin comun
-5.499;40.849;Azud de Villagonzalo;Salamanca;Castilla-La Mancha;2003;Sep;Animalia;Aves;Podicipedidae;Podiceps;Podiceps cristatus;Somormujo lavanco
-5.499;40.849;Azud de Villagonzalo;Salamanca;Castilla-La Mancha;2004;Aug;Animalia;Aves;Podicipedidae;Tachybaptus;Tachybaptus ruficollis;Zampullin comun
-6.319;40.807;Charca de Boada;Salamanca;Castilla-La Mancha;2004;May;Animalia;Aves;Anatidae;Netta;Netta rufina;Pato colorado
-6.105;40.969;Charca de Campillo;Salamanca;Castilla-La Mancha;2004;Aug;Animalia;Aves;Podicipedidae;Tachybaptus;Tachybaptus ruficollis;Zampullin comun
-6.473;40.787;Charca de Cervera, Aldehuela -Yeltes;Salamanca;Castilla-La Mancha;2001;Aug;Animalia;Aves;Podicipedidae;Tachybaptus;Tachybaptus ruficollis;Zampullin comun
-6.267;40.652;Charcas de Cervera, Olmeda de Camaces;Salamanca;Castilla-La Mancha;2004;Aug;Animalia;Aves;Podicipedidae;Tachybaptus;Tachybaptus ruficollis;Zampullin comun
-6.314;37.088;Donana PN--Area Norte;Salamanca;Castilla-La Mancha;2004;May;Animalia;Aves;Anatidae;Netta;Netta rufina;Red-crested Pochard
-6.2;40.5;El Cabaco;Salamanca;Castilla-La Mancha;2006;Aug;Animalia;Mammalia;Bovidae;Capra;Capra pyrenaica;Iberian Ibex
-6.167;40.513;El Cabaco;Salamanca;Castilla-La Mancha;2017;Mar;Animalia;Mammalia;Bovidae;Capra;Capra pyrenaica;Western Spanish Ibex
-6.157;40.515;El Cabaco;Salamanca;Castilla-La Mancha;2018;Mar;Animalia;Mammalia;Bovidae;Capra;Capra pyrenaica;Western Spanish Ibex
-6.163;40.513;El Cabaco;Salamanca;Castilla-La Mancha;2020;Aug;Animalia;Mammalia;Bovidae;Capra;Capra pyrenaica;Iberian Ibex
-6.478;40.524;Embalse de Agueda;Salamanca;Castilla-La Mancha;2001;Sep;Animalia;Aves;Podicipedidae;Podiceps;Podiceps cristatus;Somormujo lavanco
-6.064;41.155;Embalse de Almendra;Salamanca;Castilla-La Mancha;2000;Sep;Animalia;Aves;Podicipedidae;Podiceps;Podiceps cristatus;Somormujo lavanco
-6.064;41.155;Embalse de Almendra;Salamanca;Castilla-La Mancha;2001;Sep;Animalia;Aves;Podicipedidae;Podiceps;Podiceps cristatus;Somormujo lavanco
-6.064;41.155;Embalse de Almendra;Salamanca;Castilla-La Mancha;2001;Aug;Animalia;Aves;Podicipedidae;Tachybaptus;Tachybaptus ruficollis;Zampullin comun
-6.064;41.155;Embalse de Almendra;Salamanca;Castilla-La Mancha;2002;Sep;Animalia;Aves;Podicipedidae;Podiceps;Podiceps cristatus;Somormujo lavanco
-6.064;41.155;Embalse de Almendra;Salamanca;Castilla-La Mancha;2002;Aug;Animalia;Aves;Podicipedidae;Tachybaptus;Tachybaptus ruficollis;Zampullin comun
-6.064;41.155;Embalse de Almendra;Salamanca;Castilla-La Mancha;2003;Sep;Animalia;Aves;Podicipedidae;Podiceps;Podiceps cristatus;Somormujo lavanco
-6.064;41.155;Embalse de Almendra;Salamanca;Castilla-La Mancha;2004;Sep;Animalia;Aves;Podicipedidae;Podiceps;Podiceps cristatus;Somormujo lavanco
-5.576;40.595;Embalse de Santa Teresa;Salamanca;Castilla-La Mancha;2000;Sep;Animalia;Aves;Podicipedidae;Podiceps;Podiceps cristatus;Somormujo lavanco
-5.576;40.595;Embalse de Santa Teresa;Salamanca;Castilla-La Mancha;2001;Sep;Animalia;Aves;Podicipedidae;Podiceps;Podiceps cristatus;Somormujo lavanco
-5.576;40.595;Embalse de Santa Teresa;Salamanca;Castilla-La Mancha;2001;Sep;Animalia;Aves;Podicipedidae;Podiceps;Podiceps nigricollis;Zampullin cuellinegro
-5.576;40.595;Embalse de Santa Teresa;Salamanca;Castilla-La Mancha;2001;Aug;Animalia;Aves;Podicipedidae;Tachybaptus;Tachybaptus ruficollis;Zampullin comun
-5.576;40.595;Embalse de Santa Teresa;Salamanca;Castilla-La Mancha;2002;Sep;Animalia;Aves;Podicipedidae;Podiceps;Podiceps cristatus;Somormujo lavanco
-5.576;40.595;Embalse de Santa Teresa;Salamanca;Castilla-La Mancha;2002;Aug;Animalia;Aves;Podicipedidae;Tachybaptus;Tachybaptus ruficollis;Zampullin comun
-5.576;40.595;Embalse de Santa Teresa;Salamanca;Castilla-La Mancha;2004;Sep;Animalia;Aves;Podicipedidae;Podiceps;Podiceps cristatus;Somormujo lavanco
-6.11;40.48;La Alberca;Salamanca;Castilla-La Mancha;2004;Jul;Animalia;Mammalia;Bovidae;Capra;Capra pyrenaica;Iberian Ibex
-6.11;40.48;La Alberca;Salamanca;Castilla-La Mancha;2005;Jul;Animalia;Mammalia;Bovidae;Capra;Capra pyrenaica;Iberian Ibex
-6.11;40.48;La Alberca;Salamanca;Castilla-La Mancha;2006;Jul;Animalia;Mammalia;Bovidae;Capra;Capra pyrenaica;Iberian Ibex
-6.133;40.459;La Alberca;Salamanca;Castilla-La Mancha;2018;Aug;Animalia;Mammalia;Bovidae;Capra;Capra pyrenaica;Western Spanish Ibex
-6.327;40.843;Laguna de la Zarza;Salamanca;Castilla-La Mancha;2001;Aug;Animalia;Aves;Podicipedidae;Tachybaptus;Tachybaptus ruficollis;Zampullin comun
-6.327;40.843;Laguna de la Zarza;Salamanca;Castilla-La Mancha;2002;Aug;Animalia;Aves;Podicipedidae;Tachybaptus;Tachybaptus ruficollis;Zampullin comun
-6.327;40.843;Laguna de la Zarza;Salamanca;Castilla-La Mancha;2004;May;Animalia;Aves;Anatidae;Netta;Netta rufina;Pato colorado
-6.07;36.461;Laguna de Montellano;Salamanca;Castilla-La Mancha;2000;Aug;Animalia;Aves;Podicipedidae;Tachybaptus;Tachybaptus ruficollis;Zampullin comun
-6.419;40.866;Laguna de Villares de Yelte;Salamanca;Castilla-La Mancha;2004;Aug;Animalia;Aves;Podicipedidae;Tachybaptus;Tachybaptus ruficollis;Zampullin comun
-6.238;40.684;Laguna del Cristo;Salamanca;Castilla-La Mancha;2001;Sep;Animalia;Aves;Podicipedidae;Podiceps;Podiceps cristatus;Somormujo lavanco
-6.238;40.684;Laguna del Cristo;Salamanca;Castilla-La Mancha;2001;Aug;Animalia;Aves;Podicipedidae;Tachybaptus;Tachybaptus ruficollis;Zampullin comun
-6.238;40.684;Laguna del Cristo;Salamanca;Castilla-La Mancha;2002;Aug;Animalia;Aves;Podicipedidae;Tachybaptus;Tachybaptus ruficollis;Zampullin comun
-6.238;40.684;Laguna del Cristo;Salamanca;Castilla-La Mancha;2004;May;Animalia;Aves;Anatidae;Netta;Netta rufina;Pato colorado
-6.169;40.512;Las Batuecas-Sierra de Francia PNat--Santuario de la Pena de Francia;Salamanca;Castilla-La Mancha;2000;Aug;Animalia;Aves;Fringillidae;Fringilla;Fringilla coelebs;Common Chaffinch
-6.177;40.509;Monsagro;Salamanca;Castilla-La Mancha;2017;Mar;Animalia;Mammalia;Bovidae;Capra;Capra pyrenaica;Iberian Ibex
-6.171;40.515;Monsagro;Salamanca;Castilla-La Mancha;2017;Feb;Animalia;Mammalia;Bovidae;Capra;Capra pyrenaica;Iberian Ibex
-6.869;40.986;Parque Natural Arribes del Duero;Salamanca;Castilla-La Mancha;2012;Aug;Animalia;Aves;Fringillidae;Fringilla;Fringilla coelebs;Common Chaffinch
-6.869;40.986;Parque Natural Arribes del Duero;Salamanca;Castilla-La Mancha;2012;Nov;Animalia;Aves;Upupidae;Upupa;Upupa epops;Eurasian Hoopoe
-6.869;40.986;Parque Natural Arribes del Duero;Salamanca;Castilla-La Mancha;2012;Aug;Animalia;Aves;Podicipedidae;Tachybaptus;Tachybaptus ruficollis;Little Grebe
-6.571;41.218;Parque Natural Arribes del Duero;Salamanca;Castilla-La Mancha;2012;Aug;Animalia;Aves;Fringillidae;Fringilla;Fringilla coelebs;Common Chaffinch
-6.018;41.095;Rio Tormes (Garcera);Salamanca;Castilla-La Mancha;2004;Aug;Animalia;Aves;Podicipedidae;Tachybaptus;Tachybaptus ruficollis;Zampullin comun
-5.516;40.827;Rio Tormes, Alba de Tormes;Salamanca;Castilla-La Mancha;2003;Aug;Animalia;Aves;Podicipedidae;Tachybaptus;Tachybaptus ruficollis;Zampullin comun
-5.894;41.072;Rio Tormes, Banos de Ledesma;Salamanca;Castilla-La Mancha;2002;Sep;Animalia;Aves;Podicipedidae;Podiceps;Podiceps cristatus;Somormujo lavanco
-5.894;41.072;Rio Tormes, Banos de Ledesma;Salamanca;Castilla-La Mancha;2002;Aug;Animalia;Aves;Podicipedidae;Tachybaptus;Tachybaptus ruficollis;Zampullin comun
-5.894;41.072;Rio Tormes, Banos de Ledesma;Salamanca;Castilla-La Mancha;2003;Sep;Animalia;Aves;Podicipedidae;Podiceps;Podiceps auritus;Zampullin cuellirrojo
-5.894;41.072;Rio Tormes, Banos de Ledesma;Salamanca;Castilla-La Mancha;2004;Sep;Animalia;Aves;Podicipedidae;Podiceps;Podiceps cristatus;Somormujo lavanco
-5.894;41.072;Rio Tormes, Banos de Ledesma;Salamanca;Castilla-La Mancha;2004;Aug;Animalia;Aves;Podicipedidae;Tachybaptus;Tachybaptus ruficollis;Zampullin comun
-5.722;40.993;Rio Tormes, Canto-La Moral-Villamayor;Salamanca;Castilla-La Mancha;2004;Aug;Animalia;Aves;Podicipedidae;Tachybaptus;Tachybaptus ruficollis;Zampullin comun
-5.25;40.25;Salamanca;Salamanca;Castilla-La Mancha;2001;Apr;Animalia;Amphibia;Salamandridae;Salamandra;Salamandra salamandra;Fire Salamander
-5.252;40.259;Salamanca;Salamanca;Castilla-La Mancha;2001;Apr;Animalia;Mammalia;Bovidae;Capra;Capra pyrenaica;Western Spanish Ibex
-5.234;40.283;Salamanca;Salamanca;Castilla-La Mancha;2001;Sep;Animalia;Mammalia;Bovidae;Capra;Capra pyrenaica;Western Spanish Ibex
-6.168;40.513;Salamanca;Salamanca;Castilla-La Mancha;2008;Jul;Animalia;Mammalia;Bovidae;Capra;Capra pyrenaica;Western Spanish Ibex
-5.227;40.284;Salamanca;Salamanca;Castilla-La Mancha;2008;Apr;Animalia;Mammalia;Bovidae;Capra;Capra pyrenaica;Western Spanish Ibex
-6.169;40.512;Salamanca;Salamanca;Castilla-La Mancha;2010;Apr;Animalia;Mammalia;Bovidae;Capra;Capra pyrenaica;Western Spanish Ibex
-6.169;40.513;Salamanca;Salamanca;Castilla-La Mancha;2015;Mar;Animalia;Mammalia;Bovidae;Capra;Capra pyrenaica;Iberian Ibex
-6.288;41.965;Salamanca;Salamanca;Castilla-La Mancha;2005;Jul;Animalia;Amphibia;Hylidae;Hyla;Hyla molleri;Iberian Tree Frog
-6.496;42.483;Salamanca;Salamanca;Castilla-La Mancha;2006;Jul;Animalia;Amphibia;Salamandridae;Triturus;Triturus marmoratus;Marbled Newt
-6.403;41.904;Salamanca;Salamanca;Castilla-La Mancha;2007;May;Animalia;Amphibia;Salamandridae;Lissotriton;Lissotriton boscai;Bosca's Newt
-6.4;41.9;Salamanca;Salamanca;Castilla-La Mancha;2007;May;Animalia;Amphibia;Salamandridae;Salamandra;Salamandra salamandra;Fire Salamander
-2.761;41.928;Salamanca;Salamanca;Castilla-La Mancha;2010;Jul;Animalia;Amphibia;Bufonidae;Bufo;Bufo spinosus;Spiny Toad
-2.74;41.806;Salamanca;Salamanca;Castilla-La Mancha;2011;Jun;Animalia;Amphibia;Hylidae;Hyla;Hyla molleri;Iberian Tree Frog
-6.185;42.997;Salamanca;Salamanca;Castilla-La Mancha;2012;Jul;Animalia;Amphibia;Bufonidae;Bufo;Bufo spinosus;Spiny Toad
-5.127;40.358;Salamanca;Salamanca;Castilla-La Mancha;2012;May;Animalia;Amphibia;Salamandridae;Triturus;Triturus marmoratus;Marbled Newt
-6.3;40.5;Salamanca;Salamanca;Castilla-La Mancha;2013;May;Animalia;Amphibia;Salamandridae;Salamandra;Salamandra salamandra;Fire Salamander
-6.15;40.45;Salamanca;Salamanca;Castilla-La Mancha;2013;May;Animalia;Amphibia;Salamandridae;Salamandra;Salamandra salamandra;Fire Salamander
-6.1;40.45;Salamanca;Salamanca;Castilla-La Mancha;2013;May;Animalia;Amphibia;Salamandridae;Salamandra;Salamandra salamandra;Fire Salamander
-6.094;40.414;Salamanca;Salamanca;Castilla-La Mancha;2013;May;Animalia;Amphibia;Salamandridae;Lissotriton;Lissotriton boscai;Bosca's Newt
-6.047;40.482;Salamanca;Salamanca;Castilla-La Mancha;2013;May;Animalia;Amphibia;Salamandridae;Lissotriton;Lissotriton boscai;Bosca's Newt
-5.997;40.467;Salamanca;Salamanca;Castilla-La Mancha;2013;Jul;Animalia;Amphibia;Salamandridae;Lissotriton;Lissotriton boscai;Bosca's Newt
-6.16;40.48;Salamanca;Salamanca;Castilla-La Mancha;2015;Jun;Animalia;Amphibia;Salamandridae;Triturus;Triturus marmoratus;Marbled Newt
-5.303;40.999;Azud de Riolobos;Salamanca;Castilla-La Mancha;2001;May;Animalia;Aves;Anatidae;Anas;Mareca penelope;Eurasian Wigeon
-5.303;40.999;Azud de Riolobos;Salamanca;Castilla-La Mancha;2004;May;Animalia;Aves;Anatidae;Anas;Mareca penelope;Eurasian Wigeon
-5.303;40.999;Azud de Riolobos;Salamanca;Castilla-La Mancha;2004;Sep;Animalia;Aves;Anatidae;Tadorna;Tadorna tadorna;Common Shelduck
-5.303;41.006;Azud de Riolobos;Salamanca;Castilla-La Mancha;2015;Sep;Animalia;Aves;Podicipedidae;Podiceps;Podiceps cristatus;Great Crested Grebe
-5.303;41.006;Azud de Riolobos;Salamanca;Castilla-La Mancha;2015;May;Animalia;Aves;Anatidae;Anas;Mareca penelope;Eurasian Wigeon
-5.303;40.999;Azud de Riolobos;Salamanca;Castilla-La Mancha;2015;May;Animalia;Aves;Anatidae;Anas;Mareca penelope;Eurasian Wigeon
-5.303;40.999;Azud de Riolobos;Salamanca;Castilla-La Mancha;2016;Sep;Animalia;Aves;Podicipedidae;Podiceps;Podiceps cristatus;Great Crested Grebe
-5.303;41.006;Azud de Riolobos;Salamanca;Castilla-La Mancha;2016;May;Animalia;Aves;Anatidae;Anas;Mareca penelope;Eurasian Wigeon
-5.303;40.999;Azud de Riolobos;Salamanca;Castilla-La Mancha;2016;Aug;Animalia;Aves;Ardeidae;Ardea;Ardea alba;Great Egret
-5.303;41.006;Azud de Riolobos;Salamanca;Castilla-La Mancha;2016;Aug;Animalia;Aves;Ardeidae;Ardea;Ardea alba;Great Egret
-5.303;40.999;Azud de Riolobos;Salamanca;Castilla-La Mancha;2017;May;Animalia;Aves;Anatidae;Anas;Mareca penelope;Eurasian Wigeon
-5.303;41.006;Azud de Riolobos;Salamanca;Castilla-La Mancha;2017;Aug;Animalia;Aves;Podicipedidae;Tachybaptus;Tachybaptus ruficollis;Little Grebe
-5.303;40.999;Azud de Riolobos;Salamanca;Castilla-La Mancha;2018;Aug;Animalia;Aves;Threskiornithidae;Platalea;Platalea leucorodia;Eurasian Spoonbill
-5.301;41.003;Azud de Riolobos;Salamanca;Castilla-La Mancha;2018;May;Animalia;Aves;Anatidae;Anas;Mareca penelope;Eurasian Wigeon
-5.301;40.997;Azud de Riolobos;Salamanca;Castilla-La Mancha;2005;Sep;Animalia;Aves;Podicipedidae;Podiceps;Podiceps cristatus;Somormujo lavanco
-5.301;40.997;Azud de Riolobos;Salamanca;Castilla-La Mancha;2005;Sep;Animalia;Aves;Podicipedidae;Podiceps;Podiceps nigricollis;Zampullin cuellinegro
-5.301;40.997;Azud de Riolobos;Salamanca;Castilla-La Mancha;2005;Sep;Animalia;Aves;Anatidae;Tadorna;Tadorna tadorna;Tarro blanco
-5.301;40.997;Azud de Riolobos;Salamanca;Castilla-La Mancha;2006;Sep;Animalia;Aves;Podicipedidae;Podiceps;Podiceps cristatus;Somormujo lavanco
-5.301;40.997;Azud de Riolobos;Salamanca;Castilla-La Mancha;2014;Sep;Animalia;Aves;Podicipedidae;Podiceps;Podiceps cristatus;Somormujo lavanco
-5.301;40.997;Azud de Riolobos;Salamanca;Castilla-La Mancha;2015;Sep;Animalia;Aves;Podicipedidae;Podiceps;Podiceps cristatus;Somormujo lavanco
-5.301;40.997;Azud de Riolobos;Salamanca;Castilla-La Mancha;2015;Aug;Animalia;Aves;Podicipedidae;Tachybaptus;Tachybaptus ruficollis;Zampullin comun
-5.499;40.849;Azud de Villagonzalo;Salamanca;Castilla-La Mancha;2005;Aug;Animalia;Aves;Podicipedidae;Tachybaptus;Tachybaptus ruficollis;Zampullin comun
-5.499;40.849;Azud de Villagonzalo;Salamanca;Castilla-La Mancha;2006;Aug;Animalia;Aves;Podicipedidae;Tachybaptus;Tachybaptus ruficollis;Zampullin comun
-5.499;40.849;Azud de Villagonzalo;Salamanca;Castilla-La Mancha;2007;Aug;Animalia;Aves;Podicipedidae;Tachybaptus;Tachybaptus ruficollis;Zampullin comun
-5.499;40.849;Azud de Villagonzalo;Salamanca;Castilla-La Mancha;2009;Aug;Animalia;Aves;Podicipedidae;Tachybaptus;Tachybaptus ruficollis;Zampullin comun
-5.499;40.849;Azud de Villagonzalo;Salamanca;Castilla-La Mancha;2010;Aug;Animalia;Aves;Podicipedidae;Tachybaptus;Tachybaptus ruficollis;Zampullin comun
-5.499;40.849;Azud de Villagonzalo;Salamanca;Castilla-La Mancha;2011;Aug;Animalia;Aves;Podicipedidae;Tachybaptus;Tachybaptus ruficollis;Zampullin comun
-5.499;40.849;Azud de Villagonzalo;Salamanca;Castilla-La Mancha;2013;Sep;Animalia;Aves;Podicipedidae;Podiceps;Podiceps cristatus;Somormujo lavanco
-5.499;40.849;Azud de Villagonzalo;Salamanca;Castilla-La Mancha;2013;Aug;Animalia;Aves;Ardeidae;Ardea;Egretta alba;Garceta grande
-2.284;43.04;Embalse de Troya, Mutiloa;Gipuzkoa;Euskadi;2003;Aug;Animalia;Aves;Podicipedidae;Tachybaptus;Tachybaptus ruficollis;Zampullin comun
-2.474;42.861;Embalse de Urkulu;Gipuzkoa;Euskadi;2002;Sep;Animalia;Aves;Podicipedidae;Podiceps;Podiceps cristatus;Somormujo lavanco
-2.474;42.861;Embalse de Urkulu;Gipuzkoa;Euskadi;2003;Sep;Animalia;Aves;Podicipedidae;Podiceps;Podiceps cristatus;Somormujo lavanco
-2.474;42.861;Embalse de Urkulu;Gipuzkoa;Euskadi;2003;Aug;Animalia;Aves;Podicipedidae;Tachybaptus;Tachybaptus ruficollis;Zampullin comun
-1.779;43.346;Ria de Txingudi;Gipuzkoa;Euskadi;2001;Sep;Animalia;Aves;Podicipedidae;Podiceps;Podiceps cristatus;Somormujo lavanco
-1.779;43.346;Ria de Txingudi;Gipuzkoa;Euskadi;2001;Sep;Animalia;Aves;Podicipedidae;Podiceps;Podiceps nigricollis;Zampullin cuellinegro
-1.779;43.346;Ria de Txingudi;Gipuzkoa;Euskadi;2001;Sep;Animalia;Aves;Anatidae;Tadorna;Tadorna tadorna;Tarro blanco
-1.779;43.346;Ria de Txingudi;Gipuzkoa;Euskadi;2002;Sep;Animalia;Aves;Podicipedidae;Podiceps;Podiceps cristatus;Somormujo lavanco
-1.779;43.346;Ria de Txingudi;Gipuzkoa;Euskadi;2002;Sep;Animalia;Aves;Podicipedidae;Podiceps;Podiceps nigricollis;Zampullin cuellinegro
-1.779;43.346;Ria de Txingudi;Gipuzkoa;Euskadi;2003;Sep;Animalia;Aves;Podicipedidae;Podiceps;Podiceps cristatus;Somormujo lavanco
-1.779;43.346;Ria de Txingudi;Gipuzkoa;Euskadi;2003;Sep;Animalia;Aves;Podicipedidae;Podiceps;Podiceps nigricollis;Zampullin cuellinegro
-1.779;43.346;Ria de Txingudi;Gipuzkoa;Euskadi;2003;Sep;Animalia;Aves;Podicipedidae;Podiceps;Podiceps auritus;Zampullin cuellirrojo
-1.779;43.346;Ria de Txingudi;Gipuzkoa;Euskadi;2003;Sep;Animalia;Aves;Anatidae;Tadorna;Tadorna tadorna;Tarro blanco
-1.779;43.346;Ria de Txingudi;Gipuzkoa;Euskadi;2003;Aug;Animalia;Aves;Podicipedidae;Tachybaptus;Tachybaptus ruficollis;Zampullin comun
-16.619;28.046;Amarilla Dam;Santa Cruz de Tenerife;Islas Canarias;2003;Aug;Animalia;Aves;Threskiornithidae;Platalea;Platalea leucorodia;Eurasian Spoonbill
-16.619;28.046;Amarilla Dam;Santa Cruz de Tenerife;Islas Canarias;2013;Aug;Animalia;Aves;Threskiornithidae;Platalea;Platalea leucorodia;Eurasian Spoonbill
-16.619;28.046;Amarilla Golf;Santa Cruz de Tenerife;Islas Canarias;2002;Aug;Animalia;Aves;Threskiornithidae;Platalea;Platalea leucorodia;Eurasian Spoonbill
-16.618;28.032;Amarilla Golf;Santa Cruz de Tenerife;Islas Canarias;2002;May;Animalia;Aves;Hirundinidae;Hirundo;Hirundo rustica;Barn Swallow
-16.618;28.032;Amarilla Golf;Santa Cruz de Tenerife;Islas Canarias;2002;Nov;Animalia;Aves;Upupidae;Upupa;Upupa epops;Eurasian Hoopoe
-16.618;28.032;Amarilla Golf;Santa Cruz de Tenerife;Islas Canarias;2003;Nov;Animalia;Aves;Upupidae;Upupa;Upupa epops;Eurasian Hoopoe
-16.618;28.032;Amarilla Golf;Santa Cruz de Tenerife;Islas Canarias;2004;Jul;Animalia;Aves;Hirundinidae;Hirundo;Hirundo rustica;Barn Swallow
-16.618;28.032;Amarilla Golf;Santa Cruz de Tenerife;Islas Canarias;2004;Nov;Animalia;Aves;Upupidae;Upupa;Upupa epops;Eurasian Hoopoe
-16.617;28.031;Amarilla Golf;Santa Cruz de Tenerife;Islas Canarias;2004;Nov;Animalia;Aves;Upupidae;Upupa;Upupa epops;Eurasian Hoopoe
-16.618;28.032;Amarilla Golf;Santa Cruz de Tenerife;Islas Canarias;2005;Jul;Animalia;Aves;Hirundinidae;Hirundo;Hirundo rustica;Barn Swallow
-16.618;28.032;Amarilla Golf;Santa Cruz de Tenerife;Islas Canarias;2005;Nov;Animalia;Aves;Upupidae;Upupa;Upupa epops;Eurasian Hoopoe
-16.618;28.032;Amarilla Golf;Santa Cruz de Tenerife;Islas Canarias;2006;Nov;Animalia;Aves;Upupidae;Upupa;Upupa epops;Eurasian Hoopoe
-16.618;28.032;Amarilla Golf;Santa Cruz de Tenerife;Islas Canarias;2013;Nov;Animalia;Aves;Upupidae;Upupa;Upupa epops;Eurasian Hoopoe
-16.288;28.524;Mirador de Jardina;Santa Cruz de Tenerife;Islas Canarias;2015;Aug;Animalia;Aves;Fringillidae;Fringilla;Fringilla coelebs;Common Chaffinch
-16.691;28.051;Montana de Guaza;Santa Cruz de Tenerife;Islas Canarias;2003;Sep;Animalia;Aves;Fringillidae;Bucanetes;Bucanetes githagineus;Trumpeter Finch
-16.691;28.051;Montana de Guaza;Santa Cruz de Tenerife;Islas Canarias;2004;Sep;Animalia;Aves;Fringillidae;Bucanetes;Bucanetes githagineus;Trumpeter Finch
-16.691;28.051;Montana de Guaza;Santa Cruz de Tenerife;Islas Canarias;2004;Nov;Animalia;Aves;Upupidae;Upupa;Upupa epops;Eurasian Hoopoe
-16.691;28.051;Montana de Guaza;Santa Cruz de Tenerife;Islas Canarias;2008;Nov;Animalia;Aves;Upupidae;Upupa;Upupa epops;Eurasian Hoopoe
-16.826;28.335;Monte del Agua;Santa Cruz de Tenerife;Islas Canarias;2002;Aug;Animalia;Aves;Fringillidae;Fringilla;Fringilla coelebs;Common Chaffinch
-16.82;28.327;Monte del Agua;Santa Cruz de Tenerife;Islas Canarias;2004;Aug;Animalia;Aves;Fringillidae;Fringilla;Fringilla coelebs;Common Chaffinch
-16.82;28.327;Monte del Agua;Santa Cruz de Tenerife;Islas Canarias;2012;Aug;Animalia;Aves;Fringillidae;Fringilla;Fringilla coelebs;Common Chaffinch
-16.82;28.327;Monte del Agua;Santa Cruz de Tenerife;Islas Canarias;2015;Aug;Animalia;Aves;Fringillidae;Fringilla;Fringilla coelebs;Common Chaffinch
-16.82;28.327;Monte del Agua;Santa Cruz de Tenerife;Islas Canarias;2015;Aug;Animalia;Aves;Phasianidae;Alectoris;Alectoris barbara;Barbary Partridge
-17.2;28.131;Monte el Cedro;Santa Cruz de Tenerife;Islas Canarias;2013;Aug;Animalia;Aves;Fringillidae;Fringilla;Fringilla coelebs;Common Chaffinch
-17.2;28.131;Monte el Cedro;Santa Cruz de Tenerife;Islas Canarias;2015;Aug;Animalia;Aves;Fringillidae;Fringilla;Fringilla coelebs;Common Chaffinch
-17.285;28.131;Paque Nacional Garajonay;Santa Cruz de Tenerife;Islas Canarias;2012;Jul;Animalia;Aves;Hirundinidae;Hirundo;Hirundo rustica;Barn Swallow
-17.285;28.131;Paque Nacional Garajonay;Santa Cruz de Tenerife;Islas Canarias;2012;Aug;Animalia;Aves;Fringillidae;Fringilla;Fringilla coelebs;Common Chaffinch
-16.81;28.317;Tenerife - El Tanque;Santa Cruz de Tenerife;Islas Canarias;2018;Feb;Animalia;Amphibia;Hylidae;Hyla;Hyla meridionalis;Mediterranean Tree Frog
-16.809;28.317;Tenerife - El Tanque;Santa Cruz de Tenerife;Islas Canarias;2020;Feb;Animalia;Amphibia;Hylidae;Hyla;Hyla meridionalis;Mediterranean Tree Frog
-16.809;28.318;Tenerife - El Tanque;Santa Cruz de Tenerife;Islas Canarias;2020;Feb;Animalia;Amphibia;Hylidae;Hyla;Hyla meridionalis;Mediterranean Tree Frog
-16.808;28.317;Tenerife - El Tanque;Santa Cruz de Tenerife;Islas Canarias;2020;Feb;Animalia;Amphibia;Hylidae;Hyla;Hyla meridionalis;Mediterranean Tree Frog
-16.761;28.336;Tenerife - Garachico;Santa Cruz de Tenerife;Islas Canarias;2018;Mar;Animalia;Amphibia;Hylidae;Hyla;Hyla meridionalis;Mediterranean Tree Frog
-16.861;28.291;Tenerife - Masca;Santa Cruz de Tenerife;Islas Canarias;2010;Feb;Animalia;Amphibia;Hylidae;Hyla;Hyla meridionalis;Mediterranean Tree Frog
-16.357;28.538;Tenerife - San Cristobal de La Laguna;Santa Cruz de Tenerife;Islas Canarias;2016;Mar;Animalia;Amphibia;Hylidae;Hyla;Hyla meridionalis;Mediterranean Tree Frog
-16.683;28.008;Charca de El Fraile;Santa cruz de Tenerife;Islas Canarias;2002;May;Animalia;Aves;Anatidae;Anas;Mareca penelope;Eurasian Wigeon
-16.683;28.008;Charca de El Fraile;Santa cruz de Tenerife;Islas Canarias;2002;Aug;Animalia;Aves;Threskiornithidae;Platalea;Platalea leucorodia;Eurasian Spoonbill
-16.683;28.008;Charca de El Fraile;Santa cruz de Tenerife;Islas Canarias;2002;Sep;Animalia;Aves;Podicipedidae;Podiceps;Podiceps nigricollis;Eared Grebe
-16.683;28.008;Charca de El Fraile;Santa cruz de Tenerife;Islas Canarias;2003;Nov;Animalia;Aves;Upupidae;Upupa;Upupa epops;Eurasian Hoopoe
-16.683;28.008;Charca de El Fraile;Santa cruz de Tenerife;Islas Canarias;2003;Aug;Animalia;Aves;Threskiornithidae;Platalea;Platalea leucorodia;Eurasian Spoonbill
-16.683;28.008;Charca de El Fraile;Santa cruz de Tenerife;Islas Canarias;2004;Nov;Animalia;Aves;Upupidae;Upupa;Upupa epops;Eurasian Hoopoe
-16.683;28.008;Charca de El Fraile;Santa cruz de Tenerife;Islas Canarias;2005;Nov;Animalia;Aves;Upupidae;Upupa;Upupa epops;Eurasian Hoopoe
-16.683;28.008;Charca de El Fraile;Santa cruz de Tenerife;Islas Canarias;2007;Oct;Animalia;Aves;Upupidae;Upupa;Upupa epops;Eurasian Hoopoe
-16.683;28.008;Charca de El Fraile;Santa cruz de Tenerife;Islas Canarias;2007;Jul;Animalia;Aves;Hirundinidae;Hirundo;Hirundo rustica;Barn Swallow
-16.683;28.008;Charca de El Fraile;Santa cruz de Tenerife;Islas Canarias;2008;May;Animalia;Aves;Anatidae;Anas;Mareca penelope;Eurasian Wigeon
-16.683;28.008;Charca de El Fraile;Santa cruz de Tenerife;Islas Canarias;2008;Aug;Animalia;Aves;Threskiornithidae;Platalea;Platalea leucorodia;Eurasian Spoonbill
-16.683;28.008;Charca de El Fraile;Santa cruz de Tenerife;Islas Canarias;2009;Aug;Animalia;Aves;Threskiornithidae;Platalea;Platalea leucorodia;Eurasian Spoonbill
-16.683;28.008;Charca de El Fraile;Santa cruz de Tenerife;Islas Canarias;2010;Aug;Animalia;Aves;Threskiornithidae;Platalea;Platalea leucorodia;Eurasian Spoonbill
-16.683;28.008;Charca de El Fraile;Santa cruz de Tenerife;Islas Canarias;2011;Aug;Animalia;Aves;Threskiornithidae;Platalea;Platalea leucorodia;Eurasian Spoonbill
-16.683;28.008;Charca de El Fraile;Santa cruz de Tenerife;Islas Canarias;2012;Aug;Animalia;Aves;Threskiornithidae;Platalea;Platalea leucorodia;Eurasian Spoonbill
-16.683;28.008;Charca de El Fraile;Santa cruz de Tenerife;Islas Canarias;2013;May;Animalia;Aves;Anatidae;Anas;Mareca penelope;Eurasian Wigeon
-16.683;28.008;Charca de El Fraile;Santa cruz de Tenerife;Islas Canarias;2014;Oct;Animalia;Aves;Upupidae;Upupa;Upupa epops;Eurasian Hoopoe
-16.693;28.066;Embalse de Barranco de Vargas/Llano Azul;Santa Cruz de Tenerife;Islas Canarias;2004;Aug;Animalia;Aves;Phasianidae;Alectoris;Alectoris barbara;Barbary Partridge
-16.693;28.066;Embalse de Barranco de Vargas/Llano Azul;Santa Cruz de Tenerife;Islas Canarias;2005;Oct;Animalia;Aves;Upupidae;Upupa;Upupa epops;Eurasian Hoopoe
-16.693;28.066;Embalse de Barranco de Vargas/Llano Azul;Santa Cruz de Tenerife;Islas Canarias;2005;May;Animalia;Aves;Anatidae;Anas;Mareca penelope;Eurasian Wigeon
-16.693;28.066;Embalse de Barranco de Vargas/Llano Azul;Santa Cruz de Tenerife;Islas Canarias;2005;Aug;Animalia;Aves;Phasianidae;Alectoris;Alectoris barbara;Barbary Partridge
-16.693;28.066;Embalse de Barranco de Vargas/Llano Azul;Santa Cruz de Tenerife;Islas Canarias;2005;Aug;Animalia;Aves;Threskiornithidae;Platalea;Platalea leucorodia;Eurasian Spoonbill
-16.693;28.066;Embalse de Barranco de Vargas/Llano Azul;Santa Cruz de Tenerife;Islas Canarias;2006;Aug;Animalia;Aves;Phasianidae;Alectoris;Alectoris barbara;Barbary Partridge
-16.693;28.066;Embalse de Barranco de Vargas/Llano Azul;Santa Cruz de Tenerife;Islas Canarias;2009;Aug;Animalia;Aves;Phasianidae;Alectoris;Alectoris barbara;Barbary Partridge
-16.693;28.066;Embalse de Barranco de Vargas/Llano Azul;Santa Cruz de Tenerife;Islas Canarias;2014;Aug;Animalia;Aves;Phasianidae;Alectoris;Alectoris barbara;Barbary Partridge
-3.797;43.445;Bahia de Santander ;Cantabria;Norte;2000;Sep;Animalia;Aves;Podicipedidae;Podiceps;Podiceps cristatus;Somormujo lavanco
-3.797;43.445;Bahia de Santander ;Cantabria;Norte;2000;Sep;Animalia;Aves;Anatidae;Tadorna;Tadorna tadorna;Tarro blanco
-3.797;43.445;Bahia de Santander ;Cantabria;Norte;2000;Sep;Animalia;Aves;Podicipedidae;Podiceps;Podiceps nigricollis;Zampullin cuellinegro
-3.797;43.445;Bahia de Santander ;Cantabria;Norte;2000;Aug;Animalia;Aves;Threskiornithidae;Platalea;Platalea leucorodia;Espatula comun
-3.797;43.445;Bahia de Santander ;Cantabria;Norte;2000;Aug;Animalia;Aves;Podicipedidae;Tachybaptus;Tachybaptus ruficollis;Zampullin comun
-3.797;43.445;Bahia de Santander ;Cantabria;Norte;2001;Sep;Animalia;Aves;Podicipedidae;Podiceps;Podiceps cristatus;Somormujo lavanco
-3.797;43.445;Bahia de Santander ;Cantabria;Norte;2001;Sep;Animalia;Aves;Podicipedidae;Podiceps;Podiceps nigricollis;Zampullin cuellinegro
-3.797;43.445;Bahia de Santander ;Cantabria;Norte;2001;Aug;Animalia;Aves;Podicipedidae;Tachybaptus;Tachybaptus ruficollis;Zampullin comun
-3.797;43.445;Bahia de Santander ;Cantabria;Norte;2002;Sep;Animalia;Aves;Podicipedidae;Podiceps;Podiceps cristatus;Somormujo lavanco
-3.797;43.445;Bahia de Santander ;Cantabria;Norte;2002;Sep;Animalia;Aves;Podicipedidae;Podiceps;Podiceps nigricollis;Zampullin cuellinegro
-3.797;43.445;Bahia de Santander ;Cantabria;Norte;2002;Aug;Animalia;Aves;Threskiornithidae;Platalea;Platalea leucorodia;Espatula comun
-3.797;43.445;Bahia de Santander ;Cantabria;Norte;2002;Aug;Animalia;Aves;Podicipedidae;Tachybaptus;Tachybaptus ruficollis;Zampullin comun
-3.797;43.445;Bahia de Santander ;Cantabria;Norte;2003;Sep;Animalia;Aves;Podicipedidae;Podiceps;Podiceps cristatus;Somormujo lavanco
-3.797;43.445;Bahia de Santander ;Cantabria;Norte;2003;Sep;Animalia;Aves;Podicipedidae;Podiceps;Podiceps nigricollis;Zampullin cuellinegro
-3.797;43.445;Bahia de Santander ;Cantabria;Norte;2003;May;Animalia;Aves;Anatidae;Netta;Netta rufina;Pato colorado
-3.797;43.445;Bahia de Santander ;Cantabria;Norte;2003;Aug;Animalia;Aves;Podicipedidae;Tachybaptus;Tachybaptus ruficollis;Zampullin comun
-3.797;43.445;Bahia de Santander ;Cantabria;Norte;2004;Sep;Animalia;Aves;Podicipedidae;Podiceps;Podiceps cristatus;Somormujo lavanco
-3.797;43.445;Bahia de Santander ;Cantabria;Norte;2004;Sep;Animalia;Aves;Podicipedidae;Podiceps;Podiceps nigricollis;Zampullin cuellinegro
-3.797;43.445;Bahia de Santander ;Cantabria;Norte;2004;Aug;Animalia;Aves;Podicipedidae;Tachybaptus;Tachybaptus ruficollis;Zampullin comun
-3.798;43.44;Bahia de Santander--Area General;Cantabria;Norte;2000;Sep;Animalia;Aves;Anatidae;Tadorna;Tadorna tadorna;Common Shelduck
-3.798;43.44;Bahia de Santander--Area General;Cantabria;Norte;2000;May;Animalia;Aves;Anatidae;Anas;Mareca penelope;Eurasian Wigeon
-3.798;43.44;Bahia de Santander--Area General;Cantabria;Norte;2000;Sep;Animalia;Aves;Podicipedidae;Podiceps;Podiceps nigricollis;Eared Grebe
-3.798;43.44;Bahia de Santander--Area General;Cantabria;Norte;2000;Aug;Animalia;Aves;Threskiornithidae;Platalea;Platalea leucorodia;Eurasian Spoonbill
-3.798;43.44;Bahia de Santander--Area General;Cantabria;Norte;2001;May;Animalia;Aves;Anatidae;Anas;Mareca penelope;Eurasian Wigeon
-3.798;43.44;Bahia de Santander--Area General;Cantabria;Norte;2001;Sep;Animalia;Aves;Podicipedidae;Podiceps;Podiceps nigricollis;Eared Grebe
-3.771;43.449;Bahia de Santander--Muelle de Pedrena;Cantabria;Norte;2000;Sep;Animalia;Aves;Podicipedidae;Podiceps;Podiceps nigricollis;Eared Grebe
-3.796;40.936;Embalse de  Pinilla ;Cantabria;Norte;2000;Sep;Animalia;Aves;Podicipedidae;Podiceps;Podiceps cristatus;Somormujo lavanco
-4.028;40.912;Embalse de Ponton Alto (SG);Cantabria;Norte;2000;Sep;Animalia;Aves;Podicipedidae;Podiceps;Podiceps cristatus;Somormujo lavanco
-3.834;43.404;Marismas Blancas ;Cantabria;Norte;2000;Aug;Animalia;Aves;Podicipedidae;Tachybaptus;Tachybaptus ruficollis;Zampullin comun
-3.821;43.411;Marismas de Alday ;Cantabria;Norte;2000;Aug;Animalia;Aves;Podicipedidae;Tachybaptus;Tachybaptus ruficollis;Zampullin comun
-4.324;43.388;Marismas de Oyambre ;Cantabria;Norte;2001;Aug;Animalia;Aves;Podicipedidae;Tachybaptus;Tachybaptus ruficollis;Zampullin comun
-4.324;43.388;Marismas de Oyambre ;Cantabria;Norte;2002;Aug;Animalia;Aves;Threskiornithidae;Platalea;Platalea leucorodia;Espatula comun
-4.324;43.388;Marismas de Oyambre ;Cantabria;Norte;2002;Aug;Animalia;Aves;Ardeidae;Ardea;Egretta alba;Garceta grande
-4.324;43.388;Marismas de Oyambre ;Cantabria;Norte;2002;Aug;Animalia;Aves;Podicipedidae;Tachybaptus;Tachybaptus ruficollis;Zampullin comun
-4.324;43.388;Marismas de Oyambre ;Cantabria;Norte;2003;Aug;Animalia;Aves;Ardeidae;Ardea;Egretta alba;Garceta grande
-4.324;43.388;Marismas de Oyambre ;Cantabria;Norte;2003;Aug;Animalia;Aves;Podicipedidae;Tachybaptus;Tachybaptus ruficollis;Zampullin comun
-3.822;43.426;Marismas de Parayas ;Cantabria;Norte;2000;Aug;Animalia;Aves;Podicipedidae;Tachybaptus;Tachybaptus ruficollis;Zampullin comun
-3.463;43.428;Marismas de Santona ;Cantabria;Norte;2000;Sep;Animalia;Aves;Podicipedidae;Podiceps;Podiceps cristatus;Somormujo lavanco
-3.463;43.428;Marismas de Santona ;Cantabria;Norte;2000;Sep;Animalia;Aves;Podicipedidae;Podiceps;Podiceps nigricollis;Zampullin cuellinegro
-3.463;43.428;Marismas de Santona ;Cantabria;Norte;2000;Sep;Animalia;Aves;Anatidae;Tadorna;Tadorna tadorna;Tarro blanco
-3.463;43.428;Marismas de Santona ;Cantabria;Norte;2000;Aug;Animalia;Aves;Threskiornithidae;Platalea;Platalea leucorodia;Espatula comun
-3.463;43.428;Marismas de Santona ;Cantabria;Norte;2000;Aug;Animalia;Aves;Podicipedidae;Tachybaptus;Tachybaptus ruficollis;Zampullin comun
-3.463;43.428;Marismas de Santona ;Cantabria;Norte;2001;Sep;Animalia;Aves;Podicipedidae;Podiceps;Podiceps cristatus;Somormujo lavanco
-3.463;43.428;Marismas de Santona ;Cantabria;Norte;2001;Sep;Animalia;Aves;Anatidae;Tadorna;Tadorna tadorna;Tarro blanco
-3.463;43.428;Marismas de Santona ;Cantabria;Norte;2001;Aug;Animalia;Aves;Threskiornithidae;Platalea;Platalea leucorodia;Espatula comun
-3.463;43.428;Marismas de Santona ;Cantabria;Norte;2001;Sep;Animalia;Aves;Podicipedidae;Podiceps;Podiceps nigricollis;Zampullin cuellinegro
-3.463;43.428;Marismas de Santona ;Cantabria;Norte;2001;Aug;Animalia;Aves;Podicipedidae;Tachybaptus;Tachybaptus ruficollis;Zampullin comun
-3.463;43.428;Marismas de Santona ;Cantabria;Norte;2002;Sep;Animalia;Aves;Podicipedidae;Podiceps;Podiceps cristatus;Somormujo lavanco
-3.463;43.428;Marismas de Santona ;Cantabria;Norte;2002;Sep;Animalia;Aves;Podicipedidae;Podiceps;Podiceps auritus;Zampullin cuellirrojo
-3.463;43.428;Marismas de Santona ;Cantabria;Norte;2002;Sep;Animalia;Aves;Anatidae;Tadorna;Tadorna tadorna;Tarro blanco
-3.463;43.428;Marismas de Santona ;Cantabria;Norte;2002;Sep;Animalia;Aves;Podicipedidae;Podiceps;Podiceps nigricollis;Zampullin cuellinegro
-3.463;43.428;Marismas de Santona ;Cantabria;Norte;2002;May;Animalia;Aves;Anatidae;Netta;Netta rufina;Pato colorado
-3.463;43.428;Marismas de Santona ;Cantabria;Norte;2002;Aug;Animalia;Aves;Threskiornithidae;Platalea;Platalea leucorodia;Espatula comun
-3.463;43.428;Marismas de Santona ;Cantabria;Norte;2002;Aug;Animalia;Aves;Podicipedidae;Tachybaptus;Tachybaptus ruficollis;Zampullin comun
-3.463;43.428;Marismas de Santona ;Cantabria;Norte;2003;Sep;Animalia;Aves;Podicipedidae;Podiceps;Podiceps cristatus;Somormujo lavanco
-3.463;43.428;Marismas de Santona ;Cantabria;Norte;2003;Sep;Animalia;Aves;Podicipedidae;Podiceps;Podiceps nigricollis;Zampullin cuellinegro
-3.463;43.428;Marismas de Santona ;Cantabria;Norte;2003;Sep;Animalia;Aves;Anatidae;Tadorna;Tadorna tadorna;Tarro blanco
-3.463;43.428;Marismas de Santona ;Cantabria;Norte;2003;Aug;Animalia;Aves;Threskiornithidae;Platalea;Platalea leucorodia;Espatula comun
-3.463;43.428;Marismas de Santona ;Cantabria;Norte;2003;Sep;Animalia;Aves;Podicipedidae;Podiceps;Podiceps auritus;Zampullin cuellirrojo
-3.463;43.428;Marismas de Santona ;Cantabria;Norte;2003;Aug;Animalia;Aves;Podicipedidae;Tachybaptus;Tachybaptus ruficollis;Zampullin comun
-3.463;43.428;Marismas de Santona ;Cantabria;Norte;2004;Sep;Animalia;Aves;Podicipedidae;Podiceps;Podiceps cristatus;Somormujo lavanco
-3.463;43.428;Marismas de Santona ;Cantabria;Norte;2004;Sep;Animalia;Aves;Anatidae;Tadorna;Tadorna tadorna;Tarro blanco
-3.463;43.428;Marismas de Santona ;Cantabria;Norte;2004;Sep;Animalia;Aves;Podicipedidae;Podiceps;Podiceps auritus;Zampullin cuellirrojo
-3.463;43.428;Marismas de Santona ;Cantabria;Norte;2004;Aug;Animalia;Aves;Threskiornithidae;Platalea;Platalea leucorodia;Espatula comun
-3.463;43.428;Marismas de Santona ;Cantabria;Norte;2004;Sep;Animalia;Aves;Podicipedidae;Podiceps;Podiceps nigricollis;Zampullin cuellinegro
-3.463;43.428;Marismas de Santona ;Cantabria;Norte;2004;Aug;Animalia;Aves;Podicipedidae;Tachybaptus;Tachybaptus ruficollis;Zampullin comun
-3.469;43.42;Marismas de Santona, Victoria y Joyel PNat--Area General;Cantabria;Norte;2000;May;Animalia;Aves;Anatidae;Anas;Mareca penelope;Eurasian Wigeon
-3.469;43.42;Marismas de Santona, Victoria y Joyel PNat--Area General;Cantabria;Norte;2000;Aug;Animalia;Aves;Threskiornithidae;Platalea;Platalea leucorodia;Eurasian Spoonbill
-3.469;43.42;Marismas de Santona, Victoria y Joyel PNat--Area General;Cantabria;Norte;2000;Sep;Animalia;Aves;Podicipedidae;Podiceps;Podiceps nigricollis;Eared Grebe
-3.469;43.42;Marismas de Santona, Victoria y Joyel PNat--Area General;Cantabria;Norte;2000;Sep;Animalia;Aves;Podicipedidae;Podiceps;Podiceps auritus;Horned Grebe
-3.469;43.42;Marismas de Santona, Victoria y Joyel PNat--Area General;Cantabria;Norte;2000;Aug;Animalia;Aves;Podicipedidae;Tachybaptus;Tachybaptus ruficollis;Little Grebe
-3.469;43.42;Marismas de Santona, Victoria y Joyel PNat--Area General;Cantabria;Norte;2001;Sep;Animalia;Aves;Anatidae;Tadorna;Tadorna tadorna;Common Shelduck
-3.469;43.42;Marismas de Santona, Victoria y Joyel PNat--Area General;Cantabria;Norte;2001;Aug;Animalia;Aves;Threskiornithidae;Platalea;Platalea leucorodia;Eurasian Spoonbill
-3.469;43.42;Marismas de Santona, Victoria y Joyel PNat--Area General;Cantabria;Norte;2001;Sep;Animalia;Aves;Podicipedidae;Podiceps;Podiceps auritus;Horned Grebe
-3.469;43.42;Marismas de Santona, Victoria y Joyel PNat--Area General;Cantabria;Norte;2001;May;Animalia;Aves;Anatidae;Anas;Mareca penelope;Eurasian Wigeon
-3.469;43.42;Marismas de Santona, Victoria y Joyel PNat--Area General;Cantabria;Norte;2001;Sep;Animalia;Aves;Podicipedidae;Podiceps;Podiceps nigricollis;Eared Grebe
-3.492;43.424;Marismas de Santona, Victoria y Joyel PNat--Canal de Hano;Cantabria;Norte;2000;Sep;Animalia;Aves;Podicipedidae;Podiceps;Podiceps nigricollis;Eared Grebe
-3.492;43.424;Marismas de Santona, Victoria y Joyel PNat--Canal de Hano;Cantabria;Norte;2000;May;Animalia;Aves;Anatidae;Anas;Mareca penelope;Eurasian Wigeon
-3.492;43.424;Marismas de Santona, Victoria y Joyel PNat--Canal de Hano;Cantabria;Norte;2001;Aug;Animalia;Aves;Threskiornithidae;Platalea;Platalea leucorodia;Eurasian Spoonbill
-3.492;43.424;Marismas de Santona, Victoria y Joyel PNat--Canal de Hano;Cantabria;Norte;2001;Sep;Animalia;Aves;Podicipedidae;Podiceps;Podiceps auritus;Horned Grebe
-3.492;43.424;Marismas de Santona, Victoria y Joyel PNat--Canal de Hano;Cantabria;Norte;2001;Sep;Animalia;Aves;Podicipedidae;Podiceps;Podiceps nigricollis;Eared Grebe
-3.481;43.432;Marismas de Santona, Victoria y Joyel PNat--Canal de Hano exterior;Cantabria;Norte;2000;Sep;Animalia;Aves;Podicipedidae;Podiceps;Podiceps auritus;Horned Grebe
-3.481;43.432;Marismas de Santona, Victoria y Joyel PNat--Canal de Hano exterior;Cantabria;Norte;2000;Aug;Animalia;Aves;Threskiornithidae;Platalea;Platalea leucorodia;Eurasian Spoonbill
-3.48;43.419;Marismas de Santona, Victoria y Joyel PNat--Cicero;Cantabria;Norte;2001;Sep;Animalia;Aves;Anatidae;Tadorna;Tadorna tadorna;Common Shelduck
-3.48;43.419;Marismas de Santona, Victoria y Joyel PNat--Cicero;Cantabria;Norte;2001;May;Animalia;Aves;Anatidae;Anas;Mareca penelope;Eurasian Wigeon
-3.462;43.44;Marismas de Santona, Victoria y Joyel PNat--Puerto de Santona;Cantabria;Norte;2001;Sep;Animalia;Aves;Podicipedidae;Podiceps;Podiceps nigricollis;Eared Grebe
-3.506;43.472;Noja area;Cantabria;Norte;2000;Aug;Animalia;Aves;Fringillidae;Fringilla;Fringilla coelebs;Common Chaffinch
-3.966;43.442;Ria de Liencres-Mogro ;Cantabria;Norte;2001;Sep;Animalia;Aves;Podicipedidae;Podiceps;Podiceps nigricollis;Zampullin cuellinegro
-3.966;43.442;Ria de Liencres-Mogro ;Cantabria;Norte;2003;Sep;Animalia;Aves;Anatidae;Tadorna;Tadorna tadorna;Tarro blanco
-4.39;43.387;Ria de San Vicente de La Barquera ;Cantabria;Norte;2001;Aug;Animalia;Aves;Podicipedidae;Tachybaptus;Tachybaptus ruficollis;Zampullin comun
-4.39;43.387;Ria de San Vicente de La Barquera ;Cantabria;Norte;2002;Aug;Animalia;Aves;Threskiornithidae;Platalea;Platalea leucorodia;Espatula comun
-4.39;43.387;Ria de San Vicente de La Barquera ;Cantabria;Norte;2003;Sep;Animalia;Aves;Podicipedidae;Podiceps;Podiceps cristatus;Somormujo lavanco
-4.39;43.387;Ria de San Vicente de La Barquera ;Cantabria;Norte;2003;Sep;Animalia;Aves;Podicipedidae;Podiceps;Podiceps nigricollis;Zampullin cuellinegro
-4.39;43.387;Ria de San Vicente de La Barquera ;Cantabria;Norte;2003;Aug;Animalia;Aves;Podicipedidae;Tachybaptus;Tachybaptus ruficollis;Zampullin comun
-4.39;43.387;Ria de San Vicente de La Barquera ;Cantabria;Norte;2004;Sep;Animalia;Aves;Podicipedidae;Podiceps;Podiceps cristatus;Somormujo lavanco
-4.033;43.434;Ria de Suances ;Cantabria;Norte;2001;Aug;Animalia;Aves;Podicipedidae;Tachybaptus;Tachybaptus ruficollis;Zampullin comun
-4.033;43.434;Ria de Suances ;Cantabria;Norte;2002;Aug;Animalia;Aves;Podicipedidae;Tachybaptus;Tachybaptus ruficollis;Zampullin comun
-4.033;43.434;Ria de Suances ;Cantabria;Norte;2003;Sep;Animalia;Aves;Podicipedidae;Podiceps;Podiceps cristatus;Somormujo lavanco
-4.033;43.434;Ria de Suances ;Cantabria;Norte;2003;Aug;Animalia;Aves;Podicipedidae;Tachybaptus;Tachybaptus ruficollis;Zampullin comun
-4.025;39.964;Balsa Canal de la Sagra, Bargas;Segovia;Castilla-La Mancha;2000;Aug;Animalia;Aves;Podicipedidae;Tachybaptus;Tachybaptus ruficollis;Zampullin comun
-4.35;40.7;El Espinar;Segovia;Castilla-La Mancha;2017;Mar;Animalia;Mammalia;Mustelidae;Meles;Meles meles;Eurasian Badger
-4.35;40.7;El Espinar;Segovia;Castilla-La Mancha;2018;Aug;Animalia;Mammalia;Canidae;Vulpes;Vulpes vulpes;Red Fox
-4.3;40.7;El Espinar;Segovia;Castilla-La Mancha;2018;Mar;Animalia;Mammalia;Mustelidae;Meles;Meles meles;Eurasian Badger
-4.35;40.7;El Espinar;Segovia;Castilla-La Mancha;2019;Aug;Animalia;Mammalia;Canidae;Vulpes;Vulpes vulpes;Red Fox
-4.35;40.7;El Espinar;Segovia;Castilla-La Mancha;2020;Feb;Animalia;Mammalia;Canidae;Vulpes;Vulpes vulpes;Red Fox
-4.524;41.026;Embalse de Juarros de Voltoya (SG);Segovia;Castilla-La Mancha;2003;Sep;Animalia;Aves;Podicipedidae;Podiceps;Podiceps cristatus;Somormujo lavanco
-3.533;41.519;Embalse de Linares del Arroyo (SG);Segovia;Castilla-La Mancha;2000;Aug;Animalia;Aves;Podicipedidae;Tachybaptus;Tachybaptus ruficollis;Zampullin comun
-3.533;41.519;Embalse de Linares del Arroyo (SG);Segovia;Castilla-La Mancha;2002;Sep;Animalia;Aves;Podicipedidae;Podiceps;Podiceps cristatus;Somormujo lavanco
-3.533;41.519;Embalse de Linares del Arroyo (SG);Segovia;Castilla-La Mancha;2002;Aug;Animalia;Aves;Podicipedidae;Tachybaptus;Tachybaptus ruficollis;Zampullin comun
-3.533;41.519;Embalse de Linares del Arroyo (SG);Segovia;Castilla-La Mancha;2003;Aug;Animalia;Aves;Podicipedidae;Tachybaptus;Tachybaptus ruficollis;Zampullin comun
-3.533;41.519;Embalse de Linares del Arroyo (SG);Segovia;Castilla-La Mancha;2004;Sep;Animalia;Aves;Podicipedidae;Podiceps;Podiceps cristatus;Somormujo lavanco
-4.028;40.912;Embalse de Ponton Alto (SG);Segovia;Castilla-La Mancha;2000;Aug;Animalia;Aves;Podicipedidae;Tachybaptus;Tachybaptus ruficollis;Zampullin comun
-4.028;40.912;Embalse de Ponton Alto (SG);Segovia;Castilla-La Mancha;2001;Sep;Animalia;Aves;Podicipedidae;Podiceps;Podiceps cristatus;Somormujo lavanco
-4.028;40.912;Embalse de Ponton Alto (SG);Segovia;Castilla-La Mancha;2003;Sep;Animalia;Aves;Podicipedidae;Podiceps;Podiceps cristatus;Somormujo lavanco
-4.028;40.912;Embalse de Ponton Alto (SG);Segovia;Castilla-La Mancha;2003;Aug;Animalia;Aves;Podicipedidae;Tachybaptus;Tachybaptus ruficollis;Zampullin comun
-4.028;40.912;Embalse de Ponton Alto (SG);Segovia;Castilla-La Mancha;2004;Sep;Animalia;Aves;Podicipedidae;Podiceps;Podiceps cristatus;Somormujo lavanco
-4.028;40.912;Embalse de Ponton Alto (SG);Segovia;Castilla-La Mancha;2004;Aug;Animalia;Aves;Podicipedidae;Tachybaptus;Tachybaptus ruficollis;Zampullin comun
-3.53;40.303;Graveras de El Porcal ;Segovia;Castilla-La Mancha;2001;Sep;Animalia;Aves;Podicipedidae;Podiceps;Podiceps cristatus;Somormujo lavanco
-3.995;41.285;Laguna de Navahornos (SG);Segovia;Castilla-La Mancha;2002;Aug;Animalia;Aves;Podicipedidae;Tachybaptus;Tachybaptus ruficollis;Zampullin comun
-3.99;41.265;Laguna de Navalayegua (SG);Segovia;Castilla-La Mancha;2000;Aug;Animalia;Aves;Podicipedidae;Tachybaptus;Tachybaptus ruficollis;Zampullin comun
-3.99;41.265;Laguna de Navalayegua (SG);Segovia;Castilla-La Mancha;2002;Aug;Animalia;Aves;Podicipedidae;Tachybaptus;Tachybaptus ruficollis;Zampullin comun
-3.99;41.265;Laguna de Navalayegua (SG);Segovia;Castilla-La Mancha;2004;Aug;Animalia;Aves;Podicipedidae;Tachybaptus;Tachybaptus ruficollis;Zampullin comun
-3.982;41.277;Laguna de Navalsoto (SG);Segovia;Castilla-La Mancha;2000;Aug;Animalia;Aves;Podicipedidae;Tachybaptus;Tachybaptus ruficollis;Zampullin comun
-3.976;41.253;Laguna de Sotillo Bajero (SG);Segovia;Castilla-La Mancha;2002;Aug;Animalia;Aves;Podicipedidae;Tachybaptus;Tachybaptus ruficollis;Zampullin comun
-3.976;41.253;Laguna de Sotillo Bajero (SG);Segovia;Castilla-La Mancha;2004;Aug;Animalia;Aves;Podicipedidae;Tachybaptus;Tachybaptus ruficollis;Zampullin comun
-4.444;41.206;Laguna del Rincon de la Vega, Navas de Oro (SG);Segovia;Castilla-La Mancha;2002;Aug;Animalia;Aves;Podicipedidae;Tachybaptus;Tachybaptus ruficollis;Zampullin comun
-4.5;40.85;Munopedro;Segovia;Castilla-La Mancha;2017;Feb;Animalia;Mammalia;Mustelidae;Meles;Meles meles;Eurasian Badger
-4.4;40.7;Navas de San Antonio;Segovia;Castilla-La Mancha;2018;Aug;Animalia;Mammalia;Canidae;Vulpes;Vulpes vulpes;Red Fox
-4.4;40.7;Navas de San Antonio;Segovia;Castilla-La Mancha;2018;Feb;Animalia;Mammalia;Mustelidae;Meles;Meles meles;Eurasian Badger
-4.4;40.75;Navas de San Antonio;Segovia;Castilla-La Mancha;2018;Feb;Animalia;Mammalia;Mustelidae;Meles;Meles meles;Eurasian Badger
-4.332;39.819;Rio Tajo Castrejon-Puebla de Montalban;Segovia;Castilla-La Mancha;2000;Aug;Animalia;Aves;Podicipedidae;Tachybaptus;Tachybaptus ruficollis;Zampullin comun
-4.25;40.85;Segovia;Segovia;Castilla-La Mancha;2017;Mar;Animalia;Mammalia;Canidae;Vulpes;Vulpes vulpes;Red Fox
-4.524;41.026;Embalse de Juarros de Voltoya (SG);Segovia;Castilla-La Mancha;2008;Sep;Animalia;Aves;Podicipedidae;Podiceps;Podiceps cristatus;Somormujo lavanco
-4.524;41.026;Embalse de Juarros de Voltoya (SG);Segovia;Castilla-La Mancha;2010;Sep;Animalia;Aves;Podicipedidae;Podiceps;Podiceps cristatus;Somormujo lavanco
-4.524;41.026;Embalse de Juarros de Voltoya (SG);Segovia;Castilla-La Mancha;2010;Aug;Animalia;Aves;Podicipedidae;Tachybaptus;Tachybaptus ruficollis;Zampullin comun
-4.524;41.026;Embalse de Juarros de Voltoya (SG);Segovia;Castilla-La Mancha;2011;Aug;Animalia;Aves;Podicipedidae;Tachybaptus;Tachybaptus ruficollis;Zampullin comun
-4.524;41.026;Embalse de Juarros de Voltoya (SG);Segovia;Castilla-La Mancha;2012;Aug;Animalia;Aves;Podicipedidae;Tachybaptus;Tachybaptus ruficollis;Zampullin comun
-3.96;41.42;Embalse de Las Vencias (SG);Segovia;Castilla-La Mancha;2005;Aug;Animalia;Aves;Podicipedidae;Tachybaptus;Tachybaptus ruficollis;Zampullin comun
-3.96;41.42;Embalse de Las Vencias (SG);Segovia;Castilla-La Mancha;2011;Aug;Animalia;Aves;Podicipedidae;Tachybaptus;Tachybaptus ruficollis;Zampullin comun
-3.96;41.42;Embalse de Las Vencias (SG);Segovia;Castilla-La Mancha;2012;Aug;Animalia;Aves;Podicipedidae;Tachybaptus;Tachybaptus ruficollis;Zampullin comun
-3.96;41.42;Embalse de Las Vencias (SG);Segovia;Castilla-La Mancha;2013;Sep;Animalia;Aves;Podicipedidae;Podiceps;Podiceps cristatus;Somormujo lavanco
-3.96;41.42;Embalse de Las Vencias (SG);Segovia;Castilla-La Mancha;2015;Aug;Animalia;Aves;Podicipedidae;Tachybaptus;Tachybaptus ruficollis;Zampullin comun
-3.533;41.519;Embalse de Linares del Arroyo (SG);Segovia;Castilla-La Mancha;2005;Sep;Animalia;Aves;Podicipedidae;Podiceps;Podiceps cristatus;Somormujo lavanco
-3.533;41.519;Embalse de Linares del Arroyo (SG);Segovia;Castilla-La Mancha;2005;Sep;Animalia;Aves;Anatidae;Tadorna;Tadorna tadorna;Tarro blanco
-3.533;41.519;Embalse de Linares del Arroyo (SG);Segovia;Castilla-La Mancha;2006;Sep;Animalia;Aves;Podicipedidae;Podiceps;Podiceps cristatus;Somormujo lavanco
-3.533;41.519;Embalse de Linares del Arroyo (SG);Segovia;Castilla-La Mancha;2006;Aug;Animalia;Aves;Podicipedidae;Tachybaptus;Tachybaptus ruficollis;Zampullin comun
-3.533;41.519;Embalse de Linares del Arroyo (SG);Segovia;Castilla-La Mancha;2007;Sep;Animalia;Aves;Podicipedidae;Podiceps;Podiceps cristatus;Somormujo lavanco
-3.533;41.519;Embalse de Linares del Arroyo (SG);Segovia;Castilla-La Mancha;2008;Sep;Animalia;Aves;Podicipedidae;Podiceps;Podiceps cristatus;Somormujo lavanco
-3.533;41.519;Embalse de Linares del Arroyo (SG);Segovia;Castilla-La Mancha;2008;Aug;Animalia;Aves;Podicipedidae;Tachybaptus;Tachybaptus ruficollis;Zampullin comun
-3.533;41.519;Embalse de Linares del Arroyo (SG);Segovia;Castilla-La Mancha;2009;Sep;Animalia;Aves;Podicipedidae;Podiceps;Podiceps cristatus;Somormujo lavanco
-3.533;41.519;Embalse de Linares del Arroyo (SG);Segovia;Castilla-La Mancha;2010;Sep;Animalia;Aves;Podicipedidae;Podiceps;Podiceps cristatus;Somormujo lavanco
-3.533;41.519;Embalse de Linares del Arroyo (SG);Segovia;Castilla-La Mancha;2010;Aug;Animalia;Aves;Podicipedidae;Tachybaptus;Tachybaptus ruficollis;Zampullin comun
-3.533;41.519;Embalse de Linares del Arroyo (SG);Segovia;Castilla-La Mancha;2011;Sep;Animalia;Aves;Podicipedidae;Podiceps;Podiceps cristatus;Somormujo lavanco
-3.533;41.519;Embalse de Linares del Arroyo (SG);Segovia;Castilla-La Mancha;2012;Sep;Animalia;Aves;Podicipedidae;Podiceps;Podiceps cristatus;Somormujo lavanco
-3.533;41.519;Embalse de Linares del Arroyo (SG);Segovia;Castilla-La Mancha;2012;Aug;Animalia;Aves;Podicipedidae;Tachybaptus;Tachybaptus ruficollis;Zampullin comun
-3.533;41.519;Embalse de Linares del Arroyo (SG);Segovia;Castilla-La Mancha;2014;Sep;Animalia;Aves;Podicipedidae;Podiceps;Podiceps cristatus;Somormujo lavanco
-3.533;41.519;Embalse de Linares del Arroyo (SG);Segovia;Castilla-La Mancha;2014;Aug;Animalia;Aves;Podicipedidae;Tachybaptus;Tachybaptus ruficollis;Zampullin comun
-3.533;41.519;Embalse de Linares del Arroyo (SG);Segovia;Castilla-La Mancha;2015;Sep;Animalia;Aves;Podicipedidae;Podiceps;Podiceps cristatus;Somormujo lavanco
-3.533;41.519;Embalse de Linares del Arroyo (SG);Segovia;Castilla-La Mancha;2015;Aug;Animalia;Aves;Podicipedidae;Tachybaptus;Tachybaptus ruficollis;Zampullin comun
-4.247;40.792;Embalse de los Angeles (SG);Segovia;Castilla-La Mancha;2005;Aug;Animalia;Aves;Podicipedidae;Tachybaptus;Tachybaptus ruficollis;Zampullin comun
-4.247;40.792;Embalse de los Angeles (SG);Segovia;Castilla-La Mancha;2006;Aug;Animalia;Aves;Podicipedidae;Tachybaptus;Tachybaptus ruficollis;Zampullin comun
-4.247;40.792;Embalse de los Angeles (SG);Segovia;Castilla-La Mancha;2012;Aug;Animalia;Aves;Podicipedidae;Tachybaptus;Tachybaptus ruficollis;Zampullin comun
-4.028;40.912;Embalse de Ponton Alto (SG);Segovia;Castilla-La Mancha;2005;Sep;Animalia;Aves;Podicipedidae;Podiceps;Podiceps cristatus;Somormujo lavanco
-4.028;40.912;Embalse de Ponton Alto (SG);Segovia;Castilla-La Mancha;2005;Aug;Animalia;Aves;Podicipedidae;Tachybaptus;Tachybaptus ruficollis;Zampullin comun
-4.028;40.912;Embalse de Ponton Alto (SG);Segovia;Castilla-La Mancha;2006;Sep;Animalia;Aves;Podicipedidae;Podiceps;Podiceps cristatus;Somormujo lavanco
-4.028;40.912;Embalse de Ponton Alto (SG);Segovia;Castilla-La Mancha;2006;Aug;Animalia;Aves;Podicipedidae;Tachybaptus;Tachybaptus ruficollis;Zampullin comun
-4.028;40.912;Embalse de Ponton Alto (SG);Segovia;Castilla-La Mancha;2007;Sep;Animalia;Aves;Podicipedidae;Podiceps;Podiceps cristatus;Somormujo lavanco
-4.028;40.912;Embalse de Ponton Alto (SG);Segovia;Castilla-La Mancha;2007;Aug;Animalia;Aves;Podicipedidae;Tachybaptus;Tachybaptus ruficollis;Zampullin comun
-4.028;40.912;Embalse de Ponton Alto (SG);Segovia;Castilla-La Mancha;2008;Aug;Animalia;Aves;Podicipedidae;Tachybaptus;Tachybaptus ruficollis;Zampullin comun
-4.028;40.912;Embalse de Ponton Alto (SG);Segovia;Castilla-La Mancha;2009;Aug;Animalia;Aves;Podicipedidae;Tachybaptus;Tachybaptus ruficollis;Zampullin comun
-4.028;40.912;Embalse de Ponton Alto (SG);Segovia;Castilla-La Mancha;2010;Aug;Animalia;Aves;Podicipedidae;Tachybaptus;Tachybaptus ruficollis;Zampullin comun
-4.028;40.912;Embalse de Ponton Alto (SG);Segovia;Castilla-La Mancha;2011;Aug;Animalia;Aves;Podicipedidae;Tachybaptus;Tachybaptus ruficollis;Zampullin comun
-4.028;40.912;Embalse de Ponton Alto (SG);Segovia;Castilla-La Mancha;2012;Aug;Animalia;Aves;Podicipedidae;Tachybaptus;Tachybaptus ruficollis;Zampullin comun
-4.028;40.912;Embalse de Ponton Alto (SG);Segovia;Castilla-La Mancha;2013;Sep;Animalia;Aves;Podicipedidae;Podiceps;Podiceps cristatus;Somormujo lavanco
-4.028;40.912;Embalse de Ponton Alto (SG);Segovia;Castilla-La Mancha;2013;Aug;Animalia;Aves;Podicipedidae;Tachybaptus;Tachybaptus ruficollis;Zampullin comun
-4.028;40.912;Embalse de Ponton Alto (SG);Segovia;Castilla-La Mancha;2014;Sep;Animalia;Aves;Podicipedidae;Podiceps;Podiceps cristatus;Somormujo lavanco
-4.028;40.912;Embalse de Ponton Alto (SG);Segovia;Castilla-La Mancha;2014;Aug;Animalia;Aves;Podicipedidae;Tachybaptus;Tachybaptus ruficollis;Zampullin comun
-4.028;40.912;Embalse de Ponton Alto (SG);Segovia;Castilla-La Mancha;2015;Aug;Animalia;Aves;Podicipedidae;Tachybaptus;Tachybaptus ruficollis;Zampullin comun
-5.586;38.014; Alanis;Sevilla;Andalucia;2013;Feb;Animalia;Reptilia;Lacertidae;Timon;Timon lepidus;Ocellated Lizard
-5.741;38.045; Alanis;Sevilla;Andalucia;2020;Feb;Animalia;Reptilia;Blanidae;Blanus;Blanus cinereus;Mediterranean Worm Lizard
-5.675;38.046; Alanis;Sevilla;Andalucia;2020;Feb;Animalia;Reptilia;Blanidae;Blanus;Blanus cinereus;Mediterranean Worm Lizard
-5.91;37.35; Alcala de Guadaira;Sevilla;Andalucia;2016;May;Animalia;Reptilia;Colubridae;Hemorrhois;Hemorrhois hippocrepis;Horseshoe Whip Snake
-6.106;37.775; Almaden de la Plata;Sevilla;Andalucia;2015;Dec;Animalia;Reptilia;Colubridae;Hemorrhois;Hemorrhois hippocrepis;Horseshoe Whip Snake
-6.045;37.846; Almaden de la Plata;Sevilla;Andalucia;2015;May;Animalia;Reptilia;Lacertidae;Timon;Timon lepidus;Ocellated Lizard
-6.076;37.872; Almaden de la Plata;Sevilla;Andalucia;2016;Oct;Animalia;Reptilia;Colubridae;Hemorrhois;Hemorrhois hippocrepis;Horseshoe Whip Snake
-6.048;37.844; Almaden de la Plata;Sevilla;Andalucia;2016;Sep;Animalia;Reptilia;Colubridae;Hemorrhois;Hemorrhois hippocrepis;Horseshoe Whip Snake
-6.049;37.844; Almaden de la Plata;Sevilla;Andalucia;2017;Mar;Animalia;Reptilia;Colubridae;Hemorrhois;Hemorrhois hippocrepis;Horseshoe Whip Snake
-6.05;37.84; Almaden de la Plata;Sevilla;Andalucia;2018;May;Animalia;Reptilia;Colubridae;Hemorrhois;Hemorrhois hippocrepis;Horseshoe Whip Snake
-6.048;37.844; Almaden de la Plata;Sevilla;Andalucia;2018;Apr;Animalia;Reptilia;Colubridae;Hemorrhois;Hemorrhois hippocrepis;Horseshoe Whip Snake
-6.048;37.844; Almaden de la Plata;Sevilla;Andalucia;2018;May;Animalia;Reptilia;Colubridae;Hemorrhois;Hemorrhois hippocrepis;Horseshoe Whip Snake
-6.314;37.109; Aznalcázar;Sevilla;Andalucia;2019;Aug;Animalia;Aves;Podicipedidae;Tachybaptus;Tachybaptus ruficollis;Little Grebe
-6.15;37.33; Bollullos de la Mitacion;Sevilla;Andalucia;2018;Oct;Animalia;Reptilia;Blanidae;Blanus;Blanus cinereus;Mediterranean Worm Lizard
-6.15;37.32; Bollullos de la Mitacion;Sevilla;Andalucia;2018;Nov;Animalia;Reptilia;Blanidae;Blanus;Blanus cinereus;Mediterranean Worm Lizard
-6.15;37.32; Bollullos de la Mitacion;Sevilla;Andalucia;2018;Dec;Animalia;Reptilia;Blanidae;Blanus;Blanus cinereus;Mediterranean Worm Lizard
-6.15;37.32; Bollullos de la Mitacion;Sevilla;Andalucia;2019;Feb;Animalia;Reptilia;Blanidae;Blanus;Blanus cinereus;Mediterranean Worm Lizard
-6.15;37.32; Bollullos de la Mitacion;Sevilla;Andalucia;2019;Apr;Animalia;Reptilia;Blanidae;Blanus;Blanus cinereus;Mediterranean Worm Lizard
-6.15;37.32; Bollullos de la Mitacion;Sevilla;Andalucia;2019;Oct;Animalia;Reptilia;Blanidae;Blanus;Blanus cinereus;Mediterranean Worm Lizard
-6.141;37.33; Bollullos de la Mitacion;Sevilla;Andalucia;2020;Apr;Animalia;Reptilia;Blanidae;Blanus;Blanus cinereus;Mediterranean Worm Lizard
-6.13;37.338; Bollullos de la Mitacion;Sevilla;Andalucia;2020;Feb;Animalia;Reptilia;Blanidae;Blanus;Blanus cinereus;Mediterranean Worm Lizard
-6.12;37.338; Bollullos de la Mitacion;Sevilla;Andalucia;2020;Feb;Animalia;Reptilia;Colubridae;Hemorrhois;Hemorrhois hippocrepis;Horseshoe Whip Snake
-6.175;37.202; Dehesa de Abajo;Sevilla;Andalucia;2018;Apr;Animalia;Reptilia;Colubridae;Hemorrhois;Hemorrhois hippocrepis;Horseshoe Whip Snake
-6.181;37.211; Dehesa de Abajo;Sevilla;Andalucia;2019;May;Animalia;Reptilia;Blanidae;Blanus;Blanus cinereus;Mediterranean Worm Lizard
-6.18;37.209; Dehesa de Abajo;Sevilla;Andalucia;2020;Feb;Animalia;Reptilia;Blanidae;Blanus;Blanus cinereus;Mediterranean Worm Lizard
-6.167;37.215; Dehesa de Abajo;Sevilla;Andalucia;2020;Feb;Animalia;Reptilia;Lacertidae;Timon;Timon lepidus;Ocellated Lizard
-6.31;37.702; El Castillo de las Guardas;Sevilla;Andalucia;2018;Apr;Animalia;Reptilia;Colubridae;Hemorrhois;Hemorrhois hippocrepis;Horseshoe Whip Snake
-6.309;37.701; El Castillo de las Guardas;Sevilla;Andalucia;2018;Apr;Animalia;Reptilia;Colubridae;Hemorrhois;Hemorrhois hippocrepis;Horseshoe Whip Snake
-5.786;37.868; El Pedroso;Sevilla;Andalucia;2014;Mar;Animalia;Reptilia;Lacertidae;Timon;Timon lepidus;Ocellated Lizard
-5.786;37.868; El Pedroso;Sevilla;Andalucia;2014;May;Animalia;Reptilia;Lacertidae;Timon;Timon lepidus;Ocellated Lizard
-5.786;37.868; El Pedroso;Sevilla;Andalucia;2014;May;Animalia;Reptilia;Colubridae;Hemorrhois;Hemorrhois hippocrepis;Horseshoe Whip Snake
-5.786;37.868; El Pedroso;Sevilla;Andalucia;2014;Sep;Animalia;Reptilia;Colubridae;Hemorrhois;Hemorrhois hippocrepis;Horseshoe Whip Snake
-5.786;37.868; El Pedroso;Sevilla;Andalucia;2015;Mar;Animalia;Reptilia;Lacertidae;Timon;Timon lepidus;Ocellated Lizard
-5.786;37.868; El Pedroso;Sevilla;Andalucia;2015;Apr;Animalia;Reptilia;Lacertidae;Timon;Timon lepidus;Ocellated Lizard
-5.783;37.778; El Pedroso;Sevilla;Andalucia;2015;May;Animalia;Reptilia;Colubridae;Hemorrhois;Hemorrhois hippocrepis;Horseshoe Whip Snake
-5.783;37.778; El Pedroso;Sevilla;Andalucia;2015;Jul;Animalia;Reptilia;Colubridae;Hemorrhois;Hemorrhois hippocrepis;Horseshoe Whip Snake
-5.826;37.77; El Pedroso;Sevilla;Andalucia;2016;Sep;Animalia;Reptilia;Colubridae;Hemorrhois;Hemorrhois hippocrepis;Horseshoe Whip Snake
-5.815;37.782; El Pedroso;Sevilla;Andalucia;2016;May;Animalia;Reptilia;Colubridae;Hemorrhois;Hemorrhois hippocrepis;Horseshoe Whip Snake
-5.806;37.798; El Pedroso;Sevilla;Andalucia;2016;Jul;Animalia;Reptilia;Colubridae;Hemorrhois;Hemorrhois hippocrepis;Horseshoe Whip Snake
-5.787;37.82; El Pedroso;Sevilla;Andalucia;2016;Jun;Animalia;Reptilia;Colubridae;Hemorrhois;Hemorrhois hippocrepis;Horseshoe Whip Snake
-5.786;37.868; El Pedroso;Sevilla;Andalucia;2016;Aug;Animalia;Reptilia;Lacertidae;Timon;Timon lepidus;Ocellated Lizard
-5.777;37.828; El Pedroso;Sevilla;Andalucia;2016;Sep;Animalia;Reptilia;Colubridae;Hemorrhois;Hemorrhois hippocrepis;Horseshoe Whip Snake
-5.767;37.836; El Pedroso;Sevilla;Andalucia;2016;Sep;Animalia;Reptilia;Colubridae;Hemorrhois;Hemorrhois hippocrepis;Horseshoe Whip Snake
-5.764;37.833; El Pedroso;Sevilla;Andalucia;2016;Feb;Animalia;Reptilia;Lacertidae;Timon;Timon lepidus;Ocellated Lizard
-5.752;37.812; El Pedroso;Sevilla;Andalucia;2016;Feb;Animalia;Reptilia;Colubridae;Hemorrhois;Hemorrhois hippocrepis;Horseshoe Whip Snake
-5.764;37.842; El Pedroso;Sevilla;Andalucia;2019;Mar;Animalia;Reptilia;Colubridae;Hemorrhois;Hemorrhois hippocrepis;Horseshoe Whip Snake
-5.754;37.817; El Pedroso;Sevilla;Andalucia;2019;Mar;Animalia;Reptilia;Colubridae;Hemorrhois;Hemorrhois hippocrepis;Horseshoe Whip Snake
-5.751;37.81; El Pedroso;Sevilla;Andalucia;2019;Mar;Animalia;Reptilia;Blanidae;Blanus;Blanus cinereus;Mediterranean Worm Lizard
-5.73;37.832; El Pedroso;Sevilla;Andalucia;2019;Mar;Animalia;Reptilia;Colubridae;Hemorrhois;Hemorrhois hippocrepis;Horseshoe Whip Snake
-5.714;37.806; El Pedroso;Sevilla;Andalucia;2019;Feb;Animalia;Reptilia;Blanidae;Blanus;Blanus cinereus;Mediterranean Worm Lizard
-5.812;37.791; El Pedroso;Sevilla;Andalucia;2020;Feb;Animalia;Reptilia;Lacertidae;Timon;Timon lepidus;Ocellated Lizard
-5.763;37.836; El Pedroso;Sevilla;Andalucia;2020;Feb;Animalia;Reptilia;Colubridae;Hemorrhois;Hemorrhois hippocrepis;Horseshoe Whip Snake
-5.76;37.833; El Pedroso;Sevilla;Andalucia;2020;Feb;Animalia;Reptilia;Colubridae;Hemorrhois;Hemorrhois hippocrepis;Horseshoe Whip Snake
-5.759;37.83; El Pedroso;Sevilla;Andalucia;2020;Feb;Animalia;Reptilia;Colubridae;Hemorrhois;Hemorrhois hippocrepis;Horseshoe Whip Snake
-5.754;37.817; El Pedroso;Sevilla;Andalucia;2020;Feb;Animalia;Reptilia;Lacertidae;Timon;Timon lepidus;Ocellated Lizard
-5.751;37.81; El Pedroso;Sevilla;Andalucia;2020;Feb;Animalia;Reptilia;Blanidae;Blanus;Blanus cinereus;Mediterranean Worm Lizard
-5.751;37.809; El Pedroso;Sevilla;Andalucia;2020;Feb;Animalia;Reptilia;Blanidae;Blanus;Blanus cinereus;Mediterranean Worm Lizard
-6.157;37.936; El Real de la Jara;Sevilla;Andalucia;2013;May;Animalia;Reptilia;Lacertidae;Timon;Timon lepidus;Ocellated Lizard
-6.143;37.938; El Real de la Jara;Sevilla;Andalucia;2013;May;Animalia;Reptilia;Lacertidae;Timon;Timon lepidus;Ocellated Lizard
-6.491;37.123; El Rocio;Sevilla;Andalucia;2018;Oct;Animalia;Reptilia;Chamaeleonidae;Chamaeleo;Chamaeleo chamaeleon;Common Chameleon
-6.491;37.122; El Rocio;Sevilla;Andalucia;2019;Sep;Animalia;Reptilia;Chamaeleonidae;Chamaeleo;Chamaeleo chamaeleon;Common Chameleon
-6.487;37.131; El Rocio;Sevilla;Andalucia;2019;Mar;Animalia;Reptilia;Blanidae;Blanus;Blanus cinereus;Mediterranean Worm Lizard
-6.154;37.746; El Ronquillo;Sevilla;Andalucia;2018;Apr;Animalia;Reptilia;Colubridae;Hemorrhois;Hemorrhois hippocrepis;Horseshoe Whip Snake
-6.139;37.776; El Ronquillo;Sevilla;Andalucia;2018;Apr;Animalia;Reptilia;Colubridae;Hemorrhois;Hemorrhois hippocrepis;Horseshoe Whip Snake
-6.191;37.187; Isla Mayor;Sevilla;Andalucia;2019;Aug;Animalia;Aves;Ardeidae;Ardea;Ardea alba;Great Egret
-5.45;37.585; La Campana;Sevilla;Andalucia;2020;Feb;Animalia;Reptilia;Colubridae;Hemorrhois;Hemorrhois hippocrepis;Horseshoe Whip Snake
-5.662;38.008; San Nicolas del Puerto;Sevilla;Andalucia;2020;Feb;Animalia;Reptilia;Blanidae;Blanus;Blanus cinereus;Mediterranean Worm Lizard
-5.724;38.041;Alanis;Sevilla;Andalucia;2020;Feb;Animalia;Mammalia;Mustelidae;Meles;Meles meles;Eurasian Badger
-6.083;37.885;Almaden de la Plata;Sevilla;Andalucia;2013;May;Animalia;Amphibia;Salamandridae;Pleurodeles;Pleurodeles waltl;Spanish Ribbed Newt
-6.077;37.844;Almaden de la Plata;Sevilla;Andalucia;2013;Mar;Animalia;Amphibia;Hylidae;Hyla;Hyla meridionalis;Mediterranean Tree Frog
-6.077;37.844;Almaden de la Plata;Sevilla;Andalucia;2013;Mar;Animalia;Amphibia;Pelobatidae;Pelobates;Pelobates cultripes;Western Spadefoot
-6.077;37.844;Almaden de la Plata;Sevilla;Andalucia;2013;Mar;Animalia;Amphibia;Salamandridae;Pleurodeles;Pleurodeles waltl;Spanish Ribbed Newt
-6.09;37.78;Almaden de la Plata;Sevilla;Andalucia;2016;Apr;Animalia;Amphibia;Pelobatidae;Pelobates;Pelobates cultripes;Western Spadefoot
-6.086;37.782;Almaden de la Plata;Sevilla;Andalucia;2016;Dec;Animalia;Amphibia;Pelodytidae;Pelodytes;Pelodytes ibericus;Iberian Parsley Frog
-6.04;37.86;Almaden de la Plata;Sevilla;Andalucia;2016;May;Animalia;Amphibia;Salamandridae;Lissotriton;Lissotriton boscai;Bosca's Newt
-6.038;37.858;Almaden de la Plata;Sevilla;Andalucia;2016;Apr;Animalia;Amphibia;Salamandridae;Lissotriton;Lissotriton boscai;Bosca's Newt
-6.038;37.859;Almaden de la Plata;Sevilla;Andalucia;2016;May;Animalia;Amphibia;Pelobatidae;Pelobates;Pelobates cultripes;Western Spadefoot
-6.038;37.858;Almaden de la Plata;Sevilla;Andalucia;2016;May;Animalia;Amphibia;Pelobatidae;Pelobates;Pelobates cultripes;Western Spadefoot
-6.038;37.858;Almaden de la Plata;Sevilla;Andalucia;2016;Jun;Animalia;Amphibia;Pelobatidae;Pelobates;Pelobates cultripes;Western Spadefoot
-6.03;37.86;Almaden de la Plata;Sevilla;Andalucia;2016;May;Animalia;Amphibia;Salamandridae;Lissotriton;Lissotriton boscai;Bosca's Newt
-6.03;37.862;Almaden de la Plata;Sevilla;Andalucia;2016;May;Animalia;Amphibia;Salamandridae;Lissotriton;Lissotriton boscai;Bosca's Newt
-6.03;37.862;Almaden de la Plata;Sevilla;Andalucia;2016;Jun;Animalia;Amphibia;Salamandridae;Lissotriton;Lissotriton boscai;Bosca's Newt
-6.03;37.862;Almaden de la Plata;Sevilla;Andalucia;2016;Sep;Animalia;Amphibia;Salamandridae;Lissotriton;Lissotriton boscai;Bosca's Newt
-6.072;37.915;Almaden de la Plata;Sevilla;Andalucia;2017;Feb;Animalia;Amphibia;Hylidae;Hyla;Hyla meridionalis;Mediterranean Tree Frog
-6.051;37.844;Almaden de la Plata;Sevilla;Andalucia;2017;Mar;Animalia;Amphibia;Hylidae;Hyla;Hyla meridionalis;Mediterranean Tree Frog
-6.048;37.844;Almaden de la Plata;Sevilla;Andalucia;2017;Feb;Animalia;Amphibia;Salamandridae;Lissotriton;Lissotriton boscai;Bosca's Newt
-6.048;37.844;Almaden de la Plata;Sevilla;Andalucia;2017;Apr;Animalia;Amphibia;Salamandridae;Lissotriton;Lissotriton boscai;Bosca's Newt
-6.047;37.844;Almaden de la Plata;Sevilla;Andalucia;2017;Mar;Animalia;Amphibia;Pelobatidae;Pelobates;Pelobates cultripes;Western Spadefoot
-6.047;37.844;Almaden de la Plata;Sevilla;Andalucia;2017;Apr;Animalia;Amphibia;Pelobatidae;Pelobates;Pelobates cultripes;Western Spadefoot
-6.047;37.844;Almaden de la Plata;Sevilla;Andalucia;2017;Apr;Animalia;Amphibia;Salamandridae;Pleurodeles;Pleurodeles waltl;Spanish Ribbed Newt
-6.047;37.844;Almaden de la Plata;Sevilla;Andalucia;2017;Apr;Animalia;Amphibia;Salamandridae;Lissotriton;Lissotriton boscai;Bosca's Newt
-6.047;37.843;Almaden de la Plata;Sevilla;Andalucia;2017;Apr;Animalia;Amphibia;Salamandridae;Lissotriton;Lissotriton boscai;Bosca's Newt
-6.046;37.844;Almaden de la Plata;Sevilla;Andalucia;2017;Apr;Animalia;Amphibia;Salamandridae;Lissotriton;Lissotriton boscai;Bosca's Newt
-6.04;37.86;Almaden de la Plata;Sevilla;Andalucia;2017;Mar;Animalia;Amphibia;Salamandridae;Lissotriton;Lissotriton boscai;Bosca's Newt
-6.038;37.858;Almaden de la Plata;Sevilla;Andalucia;2017;Apr;Animalia;Amphibia;Pelobatidae;Pelobates;Pelobates cultripes;Western Spadefoot
-6.066;37.868;Almaden de la Plata;Sevilla;Andalucia;2018;Apr;Animalia;Amphibia;Bufonidae;Bufo;Bufo spinosus;Spiny Toad
-6.063;37.867;Almaden de la Plata;Sevilla;Andalucia;2018;Mar;Animalia;Amphibia;Bufonidae;Bufo;Bufo spinosus;Spiny Toad
-6.062;37.867;Almaden de la Plata;Sevilla;Andalucia;2018;Mar;Animalia;Amphibia;Bufonidae;Bufo;Bufo spinosus;Spiny Toad
-6.058;37.863;Almaden de la Plata;Sevilla;Andalucia;2018;Apr;Animalia;Amphibia;Bufonidae;Bufo;Bufo spinosus;Spiny Toad
-6.05;37.85;Almaden de la Plata;Sevilla;Andalucia;2018;Mar;Animalia;Amphibia;Salamandridae;Salamandra;Salamandra salamandra;Fire Salamander
-6.05;37.84;Almaden de la Plata;Sevilla;Andalucia;2018;May;Animalia;Amphibia;Pelobatidae;Pelobates;Pelobates cultripes;Western Spadefoot
-6.048;37.86;Almaden de la Plata;Sevilla;Andalucia;2018;Mar;Animalia;Amphibia;Salamandridae;Pleurodeles;Pleurodeles waltl;Spanish Ribbed Newt
-6.048;37.844;Almaden de la Plata;Sevilla;Andalucia;2018;Apr;Animalia;Amphibia;Salamandridae;Lissotriton;Lissotriton boscai;Bosca's Newt
-6.047;37.844;Almaden de la Plata;Sevilla;Andalucia;2018;Feb;Animalia;Amphibia;Salamandridae;Lissotriton;Lissotriton boscai;Bosca's Newt
-6.047;37.844;Almaden de la Plata;Sevilla;Andalucia;2018;Feb;Animalia;Amphibia;Salamandridae;Pleurodeles;Pleurodeles waltl;Spanish Ribbed Newt
-6.047;37.844;Almaden de la Plata;Sevilla;Andalucia;2018;Apr;Animalia;Amphibia;Salamandridae;Pleurodeles;Pleurodeles waltl;Spanish Ribbed Newt
-6.047;37.844;Almaden de la Plata;Sevilla;Andalucia;2018;May;Animalia;Amphibia;Salamandridae;Pleurodeles;Pleurodeles waltl;Spanish Ribbed Newt
-6.046;37.844;Almaden de la Plata;Sevilla;Andalucia;2018;Mar;Animalia;Amphibia;Hylidae;Hyla;Hyla meridionalis;Mediterranean Tree Frog
-6.046;37.846;Almaden de la Plata;Sevilla;Andalucia;2018;Mar;Animalia;Amphibia;Pelobatidae;Pelobates;Pelobates cultripes;Western Spadefoot
-6.046;37.844;Almaden de la Plata;Sevilla;Andalucia;2018;Apr;Animalia;Amphibia;Salamandridae;Lissotriton;Lissotriton boscai;Bosca's Newt
-6.046;37.844;Almaden de la Plata;Sevilla;Andalucia;2018;May;Animalia;Amphibia;Pelobatidae;Pelobates;Pelobates cultripes;Western Spadefoot
-6.046;37.844;Almaden de la Plata;Sevilla;Andalucia;2018;May;Animalia;Amphibia;Salamandridae;Lissotriton;Lissotriton boscai;Bosca's Newt
-6.044;37.852;Almaden de la Plata;Sevilla;Andalucia;2018;Mar;Animalia;Amphibia;Salamandridae;Pleurodeles;Pleurodeles waltl;Spanish Ribbed Newt
-6.03;37.862;Almaden de la Plata;Sevilla;Andalucia;2018;Apr;Animalia;Amphibia;Salamandridae;Lissotriton;Lissotriton boscai;Bosca's Newt
-6.007;37.853;Almaden de la Plata;Sevilla;Andalucia;2018;Feb;Animalia;Amphibia;Hylidae;Hyla;Hyla meridionalis;Mediterranean Tree Frog
-6.085;37.783;Almaden de la Plata;Sevilla;Andalucia;2019;Apr;Animalia;Amphibia;Pelobatidae;Pelobates;Pelobates cultripes;Western Spadefoot
-6.085;37.783;Almaden de la Plata;Sevilla;Andalucia;2019;Apr;Animalia;Amphibia;Salamandridae;Pleurodeles;Pleurodeles waltl;Spanish Ribbed Newt
-6.046;37.844;Almaden de la Plata;Sevilla;Andalucia;2019;Mar;Animalia;Amphibia;Salamandridae;Lissotriton;Lissotriton boscai;Bosca's Newt
-6.075;37.791;Almaden de la Plata;Sevilla;Andalucia;2020;Aug;Animalia;Amphibia;Salamandridae;Pleurodeles;Pleurodeles waltl;Spanish Ribbed Newt
-6.36;37.129;Arrozal de Hato Blanco;Sevilla;Andalucia;2000;Aug;Animalia;Aves;Podicipedidae;Tachybaptus;Tachybaptus ruficollis;Zampullin comun
-6.36;37.129;Arrozal de Hato Blanco;Sevilla;Andalucia;2001;Sep;Animalia;Aves;Podicipedidae;Podiceps;Podiceps cristatus;Somormujo lavanco
-6.36;37.129;Arrozal de Hato Blanco;Sevilla;Andalucia;2001;Sep;Animalia;Aves;Podicipedidae;Podiceps;Podiceps nigricollis;Zampullin cuellinegro
-6.36;37.129;Arrozal de Hato Blanco;Sevilla;Andalucia;2002;Sep;Animalia;Aves;Podicipedidae;Podiceps;Podiceps cristatus;Somormujo lavanco
-6.36;37.129;Arrozal de Hato Blanco;Sevilla;Andalucia;2002;Aug;Animalia;Aves;Threskiornithidae;Platalea;Platalea leucorodia;Espatula comun
-6.063;37.109;Arrozal Isla Menor;Sevilla;Andalucia;2005;Aug;Animalia;Aves;Threskiornithidae;Platalea;Platalea leucorodia;Espatula comun
-6.063;37.109;Arrozal Isla Menor;Sevilla;Andalucia;2005;Aug;Animalia;Aves;Threskiornithidae;Plegadis;Plegadis falcinellus;Morito comun
-6.063;37.109;Arrozal Isla Menor;Sevilla;Andalucia;2006;Sep;Animalia;Aves;Anatidae;Tadorna;Tadorna tadorna;Tarro blanco
-6.063;37.109;Arrozal Isla Menor;Sevilla;Andalucia;2010;Aug;Animalia;Aves;Threskiornithidae;Plegadis;Plegadis falcinellus;Morito comun
-6.063;37.109;Arrozal Isla Menor;Sevilla;Andalucia;2010;Aug;Animalia;Aves;Threskiornithidae;Platalea;Platalea leucorodia;Espatula comun
-6.063;37.109;Arrozal Isla Menor;Sevilla;Andalucia;2010;Aug;Animalia;Aves;Ardeidae;Ardea;Egretta alba;Garceta grande
-6.168;37.158;Arrozales de Isla Mayor(Norte);Sevilla;Andalucia;2018;Aug;Animalia;Aves;Threskiornithidae;Plegadis;Plegadis falcinellus;Glossy Ibis
-6.168;37.158;Arrozales de Isla Mayor(Norte);Sevilla;Andalucia;2019;Aug;Animalia;Aves;Ardeidae;Ardeola;Ardeola ralloides;Squacco Heron
-6.17;37.085;Arrozales de Isla Mayor(Sur);Sevilla;Andalucia;2017;Aug;Animalia;Aves;Threskiornithidae;Plegadis;Plegadis falcinellus;Glossy Ibis
-6.332;37.167;Aznalcazar;Sevilla;Andalucia;2016;Feb;Animalia;Amphibia;Hylidae;Hyla;Hyla meridionalis;Mediterranean Tree Frog
-6.31;37.07;Aznalcazar;Sevilla;Andalucia;2016;Feb;Animalia;Amphibia;Pelodytidae;Pelodytes;Pelodytes ibericus;Iberian Parsley Frog
-6.3;37.071;Aznalcazar;Sevilla;Andalucia;2016;Feb;Animalia;Amphibia;Pelodytidae;Pelodytes;Pelodytes ibericus;Iberian Parsley Frog
-6.25;37.05;Aznalcázar;Sevilla;Andalucia;2014;May;Animalia;Mammalia;Canidae;Vulpes;Vulpes vulpes;Red Fox
-6.25;37.05;Aznalcázar;Sevilla;Andalucia;2015;Aug;Animalia;Mammalia;Canidae;Vulpes;Vulpes vulpes;Red Fox
-6.3;37.2;Aznalcázar;Sevilla;Andalucia;2016;Mar;Animalia;Mammalia;Mustelidae;Meles;Meles meles;Eurasian Badger
-6.269;37.08;Aznalcázar;Sevilla;Andalucia;2016;Feb;Animalia;Mammalia;Herpestidae;Herpestes;Herpestes ichneumon;Egyptian Mongoose
-6.268;37.079;Aznalcázar;Sevilla;Andalucia;2016;Mar;Animalia;Mammalia;Herpestidae;Herpestes;Herpestes ichneumon;Egyptian Mongoose
-6.311;37.072;Aznalcázar;Sevilla;Andalucia;2017;Mar;Animalia;Mammalia;Herpestidae;Herpestes;Herpestes ichneumon;Egyptian Mongoose
-6.3;37.05;Aznalcázar;Sevilla;Andalucia;2017;Aug;Animalia;Mammalia;Canidae;Vulpes;Vulpes vulpes;Red Fox
-6.259;37.096;Aznalcázar;Sevilla;Andalucia;2017;Mar;Animalia;Mammalia;Herpestidae;Herpestes;Herpestes ichneumon;Egyptian Mongoose
-6.258;37.097;Aznalcázar;Sevilla;Andalucia;2017;Aug;Animalia;Mammalia;Herpestidae;Herpestes;Herpestes ichneumon;Egyptian Mongoose
-6.259;37.096;Aznalcázar;Sevilla;Andalucia;2019;Aug;Animalia;Mammalia;Herpestidae;Herpestes;Herpestes ichneumon;Egyptian Mongoose
-6.234;37.131;Aznalcázar;Sevilla;Andalucia;2019;Mar;Animalia;Mammalia;Herpestidae;Herpestes;Herpestes ichneumon;Egyptian Mongoose
-6.233;37.319;Aznalcázar;Sevilla;Andalucia;2019;Aug;Animalia;Mammalia;Mustelidae;Meles;Meles meles;Eurasian Badger
-6.221;37.199;Aznalcázar;Sevilla;Andalucia;2019;Mar;Animalia;Mammalia;Herpestidae;Herpestes;Herpestes ichneumon;Egyptian Mongoose
-6.218;37.196;Aznalcázar;Sevilla;Andalucia;2019;Mar;Animalia;Mammalia;Herpestidae;Herpestes;Herpestes ichneumon;Egyptian Mongoose
-6.3;37.05;Aznalcázar;Sevilla;Andalucia;2020;Aug;Animalia;Mammalia;Canidae;Vulpes;Vulpes vulpes;Red Fox
-6.296;37.526;Aznalcollar;Sevilla;Andalucia;2016;Jun;Animalia;Amphibia;Salamandridae;Pleurodeles;Pleurodeles waltl;Spanish Ribbed Newt
-6.042;36.953;"Balsa de Lebrija ""Don Melendo""";Sevilla;Andalucia;2003;Sep;Animalia;Aves;Podicipedidae;Podiceps;Podiceps nigricollis;Zampullin cuellinegro
-6.049;37.163;Brazo de Este;Sevilla;Andalucia;2002;Aug;Animalia;Aves;Threskiornithidae;Plegadis;Plegadis falcinellus;Morito comun
-6.049;37.163;Brazo de Este;Sevilla;Andalucia;2002;Aug;Animalia;Aves;Threskiornithidae;Platalea;Platalea leucorodia;Espatula comun
-6.049;37.163;Brazo de Este;Sevilla;Andalucia;2002;Aug;Animalia;Aves;Ardeidae;Ardea;Egretta alba;Garceta grande
-6.049;37.163;Brazo de Este;Sevilla;Andalucia;2002;Aug;Animalia;Aves;Ardeidae;Nycticorax;Nycticorax nycticorax;Martinete comun
-6.049;37.163;Brazo de Este;Sevilla;Andalucia;2002;Aug;Animalia;Aves;Ardeidae;Ardeola;Ardeola ralloides;Garcilla cangrejera
-6.049;37.163;Brazo de Este;Sevilla;Andalucia;2002;Aug;Animalia;Aves;Podicipedidae;Tachybaptus;Tachybaptus ruficollis;Zampullin comun
-6.049;37.163;Brazo de Este;Sevilla;Andalucia;2003;Aug;Animalia;Aves;Threskiornithidae;Plegadis;Plegadis falcinellus;Morito comun
-6.049;37.163;Brazo de Este;Sevilla;Andalucia;2003;Aug;Animalia;Aves;Threskiornithidae;Platalea;Platalea leucorodia;Espatula comun
-6.049;37.163;Brazo de Este;Sevilla;Andalucia;2003;Aug;Animalia;Aves;Ardeidae;Ardea;Egretta alba;Garceta grande
-6.049;37.163;Brazo de Este;Sevilla;Andalucia;2003;Aug;Animalia;Aves;Ardeidae;Ardeola;Ardeola ralloides;Garcilla cangrejera
-6.049;37.163;Brazo de Este;Sevilla;Andalucia;2003;Aug;Animalia;Aves;Ardeidae;Nycticorax;Nycticorax nycticorax;Martinete comun
-6.049;37.163;Brazo de Este;Sevilla;Andalucia;2003;Aug;Animalia;Aves;Podicipedidae;Tachybaptus;Tachybaptus ruficollis;Zampullin comun
-6.049;37.163;Brazo de Este;Sevilla;Andalucia;2004;Aug;Animalia;Aves;Threskiornithidae;Platalea;Platalea leucorodia;Espatula comun
-6.049;37.163;Brazo de Este;Sevilla;Andalucia;2004;Aug;Animalia;Aves;Ardeidae;Nycticorax;Nycticorax nycticorax;Martinete comun
-6.049;37.163;Brazo de Este;Sevilla;Andalucia;2004;Aug;Animalia;Aves;Ardeidae;Ardeola;Ardeola ralloides;Garcilla cangrejera
-6.049;37.163;Brazo de Este;Sevilla;Andalucia;2004;Aug;Animalia;Aves;Ardeidae;Ardea;Egretta alba;Garceta grande
-6.234;37.05;Brazo de la Torre y Cantaritas;Sevilla;Andalucia;2002;Sep;Animalia;Aves;Podicipedidae;Podiceps;Podiceps cristatus;Somormujo lavanco
-6.05;37.35;Camas;Sevilla;Andalucia;2017;Feb;Animalia;Mammalia;Canidae;Vulpes;Vulpes vulpes;Red Fox
-5.415;37.425;Carmona;Sevilla;Andalucia;2018;Aug;Animalia;Mammalia;Herpestidae;Herpestes;Herpestes ichneumon;Egyptian Mongoose
-6.082;37.777;Castilblanco de los Arroyos;Sevilla;Andalucia;2016;Apr;Animalia;Amphibia;Pelobatidae;Pelobates;Pelobates cultripes;Western Spadefoot
-6.061;37.765;Castilblanco de los Arroyos;Sevilla;Andalucia;2016;May;Animalia;Amphibia;Salamandridae;Pleurodeles;Pleurodeles waltl;Spanish Ribbed Newt
-5.94;37.7;Castilblanco de los Arroyos;Sevilla;Andalucia;2016;Apr;Animalia;Amphibia;Salamandridae;Pleurodeles;Pleurodeles waltl;Spanish Ribbed Newt
-5.94;37.7;Castilblanco de los Arroyos;Sevilla;Andalucia;2016;Apr;Animalia;Amphibia;Pelodytidae;Pelodytes;Pelodytes ibericus;Iberian Parsley Frog
-5.918;37.714;Castilblanco de los Arroyos;Sevilla;Andalucia;2016;Apr;Animalia;Amphibia;Salamandridae;Pleurodeles;Pleurodeles waltl;Spanish Ribbed Newt
-5.918;37.714;Castilblanco de los Arroyos;Sevilla;Andalucia;2016;Apr;Animalia;Amphibia;Pelodytidae;Pelodytes;Pelodytes ibericus;Iberian Parsley Frog
-6.032;37.743;Castilblanco de los Arroyos;Sevilla;Andalucia;2017;Feb;Animalia;Amphibia;Pelobatidae;Pelobates;Pelobates cultripes;Western Spadefoot
-5.964;37.685;Castilblanco de los Arroyos;Sevilla;Andalucia;2017;Feb;Animalia;Amphibia;Hylidae;Hyla;Hyla meridionalis;Mediterranean Tree Frog
-5.777;37.935;Cazalla de la Sierra;Sevilla;Andalucia;2012;May;Animalia;Amphibia;Salamandridae;Lissotriton;Lissotriton boscai;Bosca's Newt
-5.77;37.933;Cazalla de la Sierra;Sevilla;Andalucia;2012;May;Animalia;Amphibia;Bufonidae;Bufo;Bufo spinosus;Spiny Toad
-5.733;37.942;Cazalla de la Sierra;Sevilla;Andalucia;2012;May;Animalia;Amphibia;Pelobatidae;Pelobates;Pelobates cultripes;Western Spadefoot
-5.725;37.937;Cazalla de la Sierra;Sevilla;Andalucia;2012;May;Animalia;Amphibia;Pelobatidae;Pelobates;Pelobates cultripes;Western Spadefoot
-5.719;37.934;Cazalla de la Sierra;Sevilla;Andalucia;2012;May;Animalia;Amphibia;Pelobatidae;Pelobates;Pelobates cultripes;Western Spadefoot
-5.901;37.96;Cazalla de la Sierra;Sevilla;Andalucia;2013;Apr;Animalia;Amphibia;Alytidae;Discoglossus;Discoglossus galganoi;Iberian Painted Frog
-5.901;37.96;Cazalla de la Sierra;Sevilla;Andalucia;2013;Apr;Animalia;Amphibia;Hylidae;Hyla;Hyla meridionalis;Mediterranean Tree Frog
-5.901;37.96;Cazalla de la Sierra;Sevilla;Andalucia;2013;Apr;Animalia;Amphibia;Salamandridae;Pleurodeles;Pleurodeles waltl;Spanish Ribbed Newt
-5.885;37.97;Cazalla de la Sierra;Sevilla;Andalucia;2013;Apr;Animalia;Amphibia;Alytidae;Discoglossus;Discoglossus galganoi;Iberian Painted Frog
-5.885;37.97;Cazalla de la Sierra;Sevilla;Andalucia;2013;Apr;Animalia;Amphibia;Hylidae;Hyla;Hyla meridionalis;Mediterranean Tree Frog
-5.885;37.97;Cazalla de la Sierra;Sevilla;Andalucia;2013;Apr;Animalia;Amphibia;Salamandridae;Pleurodeles;Pleurodeles waltl;Spanish Ribbed Newt
-5.883;37.974;Cazalla de la Sierra;Sevilla;Andalucia;2013;May;Animalia;Amphibia;Alytidae;Discoglossus;Discoglossus galganoi;Iberian Painted Frog
-5.878;37.971;Cazalla de la Sierra;Sevilla;Andalucia;2013;May;Animalia;Amphibia;Alytidae;Discoglossus;Discoglossus galganoi;Iberian Painted Frog
-5.878;37.971;Cazalla de la Sierra;Sevilla;Andalucia;2013;May;Animalia;Amphibia;Salamandridae;Pleurodeles;Pleurodeles waltl;Spanish Ribbed Newt
-5.798;37.962;Cazalla de la Sierra;Sevilla;Andalucia;2013;Apr;Animalia;Amphibia;Hylidae;Hyla;Hyla meridionalis;Mediterranean Tree Frog
-5.798;37.962;Cazalla de la Sierra;Sevilla;Andalucia;2013;Apr;Animalia;Amphibia;Salamandridae;Salamandra;Salamandra salamandra;Fire Salamander
-5.798;37.962;Cazalla de la Sierra;Sevilla;Andalucia;2013;Apr;Animalia;Amphibia;Alytidae;Discoglossus;Discoglossus galganoi;Iberian Painted Frog
-5.798;37.962;Cazalla de la Sierra;Sevilla;Andalucia;2013;Apr;Animalia;Amphibia;Salamandridae;Lissotriton;Lissotriton boscai;Bosca's Newt
-5.798;37.962;Cazalla de la Sierra;Sevilla;Andalucia;2013;Apr;Animalia;Amphibia;Salamandridae;Pleurodeles;Pleurodeles waltl;Spanish Ribbed Newt
-5.798;37.962;Cazalla de la Sierra;Sevilla;Andalucia;2013;Apr;Animalia;Amphibia;Pelobatidae;Pelobates;Pelobates cultripes;Western Spadefoot
-5.796;37.982;Cazalla de la Sierra;Sevilla;Andalucia;2013;Apr;Animalia;Amphibia;Salamandridae;Salamandra;Salamandra salamandra;Fire Salamander
-5.796;37.982;Cazalla de la Sierra;Sevilla;Andalucia;2013;Apr;Animalia;Amphibia;Alytidae;Discoglossus;Discoglossus galganoi;Iberian Painted Frog
-5.796;37.982;Cazalla de la Sierra;Sevilla;Andalucia;2013;Apr;Animalia;Amphibia;Hylidae;Hyla;Hyla meridionalis;Mediterranean Tree Frog
-5.796;37.982;Cazalla de la Sierra;Sevilla;Andalucia;2013;Apr;Animalia;Amphibia;Salamandridae;Pleurodeles;Pleurodeles waltl;Spanish Ribbed Newt
-5.796;37.982;Cazalla de la Sierra;Sevilla;Andalucia;2013;Apr;Animalia;Amphibia;Pelobatidae;Pelobates;Pelobates cultripes;Western Spadefoot
-5.796;37.982;Cazalla de la Sierra;Sevilla;Andalucia;2013;Apr;Animalia;Amphibia;Salamandridae;Lissotriton;Lissotriton boscai;Bosca's Newt
-5.777;37.935;Cazalla de la Sierra;Sevilla;Andalucia;2013;May;Animalia;Amphibia;Hylidae;Hyla;Hyla meridionalis;Mediterranean Tree Frog
-5.777;37.935;Cazalla de la Sierra;Sevilla;Andalucia;2013;May;Animalia;Amphibia;Salamandridae;Lissotriton;Lissotriton boscai;Bosca's Newt
-5.772;37.934;Cazalla de la Sierra;Sevilla;Andalucia;2013;May;Animalia;Amphibia;Hylidae;Hyla;Hyla meridionalis;Mediterranean Tree Frog
-5.772;37.934;Cazalla de la Sierra;Sevilla;Andalucia;2013;May;Animalia;Amphibia;Salamandridae;Pleurodeles;Pleurodeles waltl;Spanish Ribbed Newt
-5.768;37.932;Cazalla de la Sierra;Sevilla;Andalucia;2013;May;Animalia;Amphibia;Salamandridae;Pleurodeles;Pleurodeles waltl;Spanish Ribbed Newt
-5.768;37.932;Cazalla de la Sierra;Sevilla;Andalucia;2013;May;Animalia;Amphibia;Pelobatidae;Pelobates;Pelobates cultripes;Western Spadefoot
-5.777;37.935;Cazalla de la Sierra;Sevilla;Andalucia;2014;May;Animalia;Amphibia;Hylidae;Hyla;Hyla meridionalis;Mediterranean Tree Frog
-5.777;37.935;Cazalla de la Sierra;Sevilla;Andalucia;2014;May;Animalia;Amphibia;Salamandridae;Lissotriton;Lissotriton boscai;Bosca's Newt
-5.772;37.934;Cazalla de la Sierra;Sevilla;Andalucia;2014;May;Animalia;Amphibia;Hylidae;Hyla;Hyla meridionalis;Mediterranean Tree Frog
-5.772;37.934;Cazalla de la Sierra;Sevilla;Andalucia;2014;May;Animalia;Amphibia;Pelobatidae;Pelobates;Pelobates cultripes;Western Spadefoot
-5.772;37.934;Cazalla de la Sierra;Sevilla;Andalucia;2014;May;Animalia;Amphibia;Salamandridae;Pleurodeles;Pleurodeles waltl;Spanish Ribbed Newt
-5.771;37.933;Cazalla de la Sierra;Sevilla;Andalucia;2014;May;Animalia;Amphibia;Hylidae;Hyla;Hyla meridionalis;Mediterranean Tree Frog
-5.768;37.932;Cazalla de la Sierra;Sevilla;Andalucia;2014;May;Animalia;Amphibia;Hylidae;Hyla;Hyla meridionalis;Mediterranean Tree Frog
-5.768;37.932;Cazalla de la Sierra;Sevilla;Andalucia;2014;May;Animalia;Amphibia;Salamandridae;Pleurodeles;Pleurodeles waltl;Spanish Ribbed Newt
-5.768;37.932;Cazalla de la Sierra;Sevilla;Andalucia;2014;May;Animalia;Amphibia;Pelobatidae;Pelobates;Pelobates cultripes;Western Spadefoot
-5.768;37.932;Cazalla de la Sierra;Sevilla;Andalucia;2014;May;Animalia;Amphibia;Pelodytidae;Pelodytes;Pelodytes ibericus;Iberian Parsley Frog
-5.766;37.931;Cazalla de la Sierra;Sevilla;Andalucia;2014;May;Animalia;Amphibia;Alytidae;Discoglossus;Discoglossus galganoi;Iberian Painted Frog
-5.766;37.931;Cazalla de la Sierra;Sevilla;Andalucia;2014;May;Animalia;Amphibia;Pelobatidae;Pelobates;Pelobates cultripes;Western Spadefoot
-5.766;37.932;Cazalla de la Sierra;Sevilla;Andalucia;2014;May;Animalia;Amphibia;Bufonidae;Bufo;Bufo spinosus;Spiny Toad
-5.764;37.931;Cazalla de la Sierra;Sevilla;Andalucia;2014;May;Animalia;Amphibia;Alytidae;Discoglossus;Discoglossus galganoi;Iberian Painted Frog
-5.764;37.93;Cazalla de la Sierra;Sevilla;Andalucia;2014;May;Animalia;Amphibia;Bufonidae;Bufo;Bufo spinosus;Spiny Toad
-5.822;37.886;Cazalla de la Sierra;Sevilla;Andalucia;2015;May;Animalia;Amphibia;Alytidae;Discoglossus;Discoglossus galganoi;Iberian Painted Frog
-5.841;37.892;Cazalla de la Sierra;Sevilla;Andalucia;2016;Jun;Animalia;Amphibia;Pelobatidae;Pelobates;Pelobates cultripes;Western Spadefoot
-5.934;37.973;Cazalla de la Sierra;Sevilla;Andalucia;2017;Feb;Animalia;Amphibia;Pelobatidae;Pelobates;Pelobates cultripes;Western Spadefoot
-5.829;37.949;Cazalla de la Sierra;Sevilla;Andalucia;2017;Feb;Animalia;Amphibia;Alytidae;Discoglossus;Discoglossus galganoi;Iberian Painted Frog
-5.803;37.914;Cazalla de la Sierra;Sevilla;Andalucia;2017;Oct;Animalia;Amphibia;Pelobatidae;Pelobates;Pelobates cultripes;Western Spadefoot
-5.8;37.9;Cazalla de la Sierra;Sevilla;Andalucia;2017;Feb;Animalia;Amphibia;Salamandridae;Salamandra;Salamandra salamandra;Fire Salamander
-5.8;37.89;Cazalla de la Sierra;Sevilla;Andalucia;2017;Nov;Animalia;Amphibia;Pelobatidae;Pelobates;Pelobates cultripes;Western Spadefoot
-5.8;37.9;Cazalla de la Sierra;Sevilla;Andalucia;2017;Nov;Animalia;Amphibia;Pelodytidae;Pelodytes;Pelodytes ibericus;Iberian Parsley Frog
-5.799;37.893;Cazalla de la Sierra;Sevilla;Andalucia;2017;Oct;Animalia;Amphibia;Pelobatidae;Pelobates;Pelobates cultripes;Western Spadefoot
-5.798;37.915;Cazalla de la Sierra;Sevilla;Andalucia;2017;Oct;Animalia;Amphibia;Pelobatidae;Pelobates;Pelobates cultripes;Western Spadefoot
-5.797;37.89;Cazalla de la Sierra;Sevilla;Andalucia;2017;Oct;Animalia;Amphibia;Pelobatidae;Pelobates;Pelobates cultripes;Western Spadefoot
-5.797;37.905;Cazalla de la Sierra;Sevilla;Andalucia;2017;Nov;Animalia;Amphibia;Pelobatidae;Pelobates;Pelobates cultripes;Western Spadefoot
-5.797;37.905;Cazalla de la Sierra;Sevilla;Andalucia;2017;Nov;Animalia;Amphibia;Pelodytidae;Pelodytes;Pelodytes ibericus;Iberian Parsley Frog
-5.796;37.893;Cazalla de la Sierra;Sevilla;Andalucia;2017;Oct;Animalia;Amphibia;Pelobatidae;Pelobates;Pelobates cultripes;Western Spadefoot
-5.796;37.889;Cazalla de la Sierra;Sevilla;Andalucia;2017;Oct;Animalia;Amphibia;Pelobatidae;Pelobates;Pelobates cultripes;Western Spadefoot
-5.795;37.889;Cazalla de la Sierra;Sevilla;Andalucia;2017;Oct;Animalia;Amphibia;Pelobatidae;Pelobates;Pelobates cultripes;Western Spadefoot
-5.795;37.905;Cazalla de la Sierra;Sevilla;Andalucia;2017;Nov;Animalia;Amphibia;Pelobatidae;Pelobates;Pelobates cultripes;Western Spadefoot
-5.795;37.905;Cazalla de la Sierra;Sevilla;Andalucia;2017;Oct;Animalia;Amphibia;Pelodytidae;Pelodytes;Pelodytes ibericus;Iberian Parsley Frog
-5.794;37.882;Cazalla de la Sierra;Sevilla;Andalucia;2017;Oct;Animalia;Amphibia;Pelobatidae;Pelobates;Pelobates cultripes;Western Spadefoot
-5.792;37.898;Cazalla de la Sierra;Sevilla;Andalucia;2017;Oct;Animalia;Amphibia;Pelobatidae;Pelobates;Pelobates cultripes;Western Spadefoot
-5.792;37.898;Cazalla de la Sierra;Sevilla;Andalucia;2017;Nov;Animalia;Amphibia;Pelobatidae;Pelobates;Pelobates cultripes;Western Spadefoot
-5.792;37.903;Cazalla de la Sierra;Sevilla;Andalucia;2017;Nov;Animalia;Amphibia;Pelodytidae;Pelodytes;Pelodytes ibericus;Iberian Parsley Frog
-5.785;37.921;Cazalla de la Sierra;Sevilla;Andalucia;2017;Oct;Animalia;Amphibia;Pelobatidae;Pelobates;Pelobates cultripes;Western Spadefoot
-5.777;37.935;Cazalla de la Sierra;Sevilla;Andalucia;2017;Feb;Animalia;Amphibia;Hylidae;Hyla;Hyla meridionalis;Mediterranean Tree Frog
-5.772;37.934;Cazalla de la Sierra;Sevilla;Andalucia;2017;Feb;Animalia;Amphibia;Hylidae;Hyla;Hyla meridionalis;Mediterranean Tree Frog
-5.768;37.932;Cazalla de la Sierra;Sevilla;Andalucia;2017;Feb;Animalia;Amphibia;Alytidae;Discoglossus;Discoglossus galganoi;Iberian Painted Frog
-5.768;37.932;Cazalla de la Sierra;Sevilla;Andalucia;2017;Feb;Animalia;Amphibia;Salamandridae;Pleurodeles;Pleurodeles waltl;Spanish Ribbed Newt
-5.768;37.932;Cazalla de la Sierra;Sevilla;Andalucia;2017;Feb;Animalia;Amphibia;Pelobatidae;Pelobates;Pelobates cultripes;Western Spadefoot
-5.767;37.932;Cazalla de la Sierra;Sevilla;Andalucia;2017;Feb;Animalia;Amphibia;Hylidae;Hyla;Hyla meridionalis;Mediterranean Tree Frog
-5.758;37.877;Cazalla de la Sierra;Sevilla;Andalucia;2017;Oct;Animalia;Amphibia;Salamandridae;Pleurodeles;Pleurodeles waltl;Spanish Ribbed Newt
-5.8;37.9;Cazalla de la Sierra;Sevilla;Andalucia;2018;Feb;Animalia;Amphibia;Salamandridae;Salamandra;Salamandra salamandra;Fire Salamander
-5.761;37.906;Cazalla de la Sierra;Sevilla;Andalucia;2018;Feb;Animalia;Amphibia;Salamandridae;Pleurodeles;Pleurodeles waltl;Spanish Ribbed Newt
-5.761;37.906;Cazalla de la Sierra;Sevilla;Andalucia;2018;Feb;Animalia;Amphibia;Salamandridae;Lissotriton;Lissotriton boscai;Bosca's Newt
-5.759;37.906;Cazalla de la Sierra;Sevilla;Andalucia;2018;Feb;Animalia;Amphibia;Salamandridae;Lissotriton;Lissotriton boscai;Bosca's Newt
-5.75;37.9;Cazalla de la Sierra;Sevilla;Andalucia;2018;Mar;Animalia;Amphibia;Salamandridae;Salamandra;Salamandra salamandra;Fire Salamander
-5.711;37.93;Cazalla de la Sierra;Sevilla;Andalucia;2018;Mar;Animalia;Amphibia;Alytidae;Discoglossus;Discoglossus galganoi;Iberian Painted Frog
-5.711;37.93;Cazalla de la Sierra;Sevilla;Andalucia;2018;Mar;Animalia;Amphibia;Salamandridae;Pleurodeles;Pleurodeles waltl;Spanish Ribbed Newt
-5.873;37.967;Cazalla de la Sierra;Sevilla;Andalucia;2019;Mar;Animalia;Amphibia;Pelobatidae;Pelobates;Pelobates cultripes;Western Spadefoot
-5.789;38.009;Cazalla de la Sierra;Sevilla;Andalucia;2020;Feb;Animalia;Amphibia;Bufonidae;Bufo;Bufo spinosus;Spiny Toad
-6.171;37.215;Dehesa de Abajo;Sevilla;Andalucia;2003;Aug;Animalia;Aves;Podicipedidae;Tachybaptus;Tachybaptus ruficollis;Zampullin comun
-6.227;37.248;Echarena;Sevilla;Andalucia;2019;Aug;Animalia;Mammalia;Mustelidae;Meles;Meles meles;Eurasian Badger
-6.4;37.65;El Castillo de las Guardas;Sevilla;Andalucia;2017;Apr;Animalia;Mammalia;Canidae;Vulpes;Vulpes vulpes;Red Fox
-6.5;37.1;El Rocio;Sevilla;Andalucia;2016;Apr;Animalia;Mammalia;Canidae;Vulpes;Vulpes vulpes;Red Fox
-6.5;37.1;El Rocio;Sevilla;Andalucia;2017;Apr;Animalia;Mammalia;Canidae;Vulpes;Vulpes vulpes;Red Fox
-6.5;37.12;El Rocio;Sevilla;Andalucia;2020;Feb;Animalia;Mammalia;Mustelidae;Meles;Meles meles;Eurasian Badger
-6.49;37.12;El Rocio;Sevilla;Andalucia;2020;Feb;Animalia;Mammalia;Herpestidae;Herpestes;Herpestes ichneumon;Egyptian Mongoose
-6.49;37.12;El Rocio;Sevilla;Andalucia;2020;Feb;Animalia;Mammalia;Mustelidae;Meles;Meles meles;Eurasian Badger
-0.8;38.2;Elche;Sevilla;Andalucia;2012;Jul;Animalia;Mammalia;Canidae;Vulpes;Vulpes vulpes;Red Fox
-5.851;37.882;Embalse de Atalaya;Sevilla;Andalucia;2001;Sep;Animalia;Aves;Podicipedidae;Podiceps;Podiceps cristatus;Somormujo lavanco
-5.458;37.771;Embalse de Jose Toran;Sevilla;Andalucia;2001;Sep;Animalia;Aves;Podicipedidae;Podiceps;Podiceps nigricollis;Zampullin cuellinegro
-5.373;37.853;Embalse El Retortillo;Sevilla;Andalucia;2001;Sep;Animalia;Aves;Podicipedidae;Podiceps;Podiceps cristatus;Somormujo lavanco
-5.297;37.303;Embalse La Coronela;Sevilla;Andalucia;2001;Aug;Animalia;Aves;Podicipedidae;Tachybaptus;Tachybaptus ruficollis;Zampullin comun
-6.196;37.178;Isla Mayor;Sevilla;Andalucia;2017;Mar;Animalia;Mammalia;Herpestidae;Herpestes;Herpestes ichneumon;Egyptian Mongoose
-6.093;37.191;La Corta de los Olivillos, Rio Guadalquivir;Sevilla;Andalucia;2002;Sep;Animalia;Aves;Podicipedidae;Podiceps;Podiceps cristatus;Somormujo lavanco
-6.093;37.191;La Corta de los Olivillos, Rio Guadalquivir;Sevilla;Andalucia;2004;Aug;Animalia;Aves;Podicipedidae;Tachybaptus;Tachybaptus ruficollis;Zampullin comun
-5.402;37.852;La Puebla de los Infantes;Sevilla;Andalucia;2012;May;Animalia;Actinopterygii;Cyprinidae;Pseudochondrostoma;Pseudochondrostoma willkommii;Nase
-6.15;37.2;La Puebla del Rio;Sevilla;Andalucia;2015;Aug;Animalia;Mammalia;Canidae;Vulpes;Vulpes vulpes;Red Fox
-5.9;37.5;La Rinconada;Sevilla;Andalucia;2015;Jul;Animalia;Mammalia;Mustelidae;Meles;Meles meles;Eurasian Badger
-5.176;37.37;Laguna Calderon Grande;Sevilla;Andalucia;2004;May;Animalia;Aves;Anatidae;Netta;Netta rufina;Pato colorado
-5.824;37.038;Laguna de Arjona;Sevilla;Andalucia;2004;Sep;Animalia;Aves;Podicipedidae;Podiceps;Podiceps cristatus;Somormujo lavanco
-5.169;37.384;Laguna de Consuegra 1;Sevilla;Andalucia;2001;Sep;Animalia;Aves;Anatidae;Tadorna;Tadorna tadorna;Tarro blanco
-5.912;36.898;Laguna de Galiana;Sevilla;Andalucia;2000;May;Animalia;Aves;Anatidae;Netta;Netta rufina;Pato colorado
-5.912;36.898;Laguna de Galiana;Sevilla;Andalucia;2004;Aug;Animalia;Aves;Podicipedidae;Tachybaptus;Tachybaptus ruficollis;Zampullin comun
-5.815;37.052;Laguna de la Alcaparrosa;Sevilla;Andalucia;2004;May;Animalia;Aves;Anatidae;Netta;Netta rufina;Pato colorado
-5.815;37.052;Laguna de la Alcaparrosa;Sevilla;Andalucia;2004;Aug;Animalia;Aves;Podicipedidae;Tachybaptus;Tachybaptus ruficollis;Zampullin comun
-5.918;36.896;Laguna de la Cigarrera;Sevilla;Andalucia;2004;Sep;Animalia;Aves;Podicipedidae;Podiceps;Podiceps nigricollis;Zampullin cuellinegro
-5.918;36.896;Laguna de la Cigarrera;Sevilla;Andalucia;2004;Aug;Animalia;Aves;Podicipedidae;Tachybaptus;Tachybaptus ruficollis;Zampullin comun
-5.912;36.901;Laguna de la Pena;Sevilla;Andalucia;2000;Aug;Animalia;Aves;Podicipedidae;Tachybaptus;Tachybaptus ruficollis;Zampullin comun
-5.912;36.901;Laguna de la Pena;Sevilla;Andalucia;2003;Sep;Animalia;Aves;Podicipedidae;Podiceps;Podiceps cristatus;Somormujo lavanco
-5.912;36.901;Laguna de la Pena;Sevilla;Andalucia;2003;May;Animalia;Aves;Podicipedidae;Podiceps;Podiceps nigricollis;Zampullin cuellinegro
-5.912;36.901;Laguna de la Pena;Sevilla;Andalucia;2003;Aug;Animalia;Aves;Podicipedidae;Tachybaptus;Tachybaptus ruficollis;Zampullin comun
-5.912;36.901;Laguna de la Pena;Sevilla;Andalucia;2004;May;Animalia;Aves;Anatidae;Netta;Netta rufina;Pato colorado
-5.912;36.901;Laguna de la Pena;Sevilla;Andalucia;2004;Aug;Animalia;Aves;Podicipedidae;Tachybaptus;Tachybaptus ruficollis;Zampullin comun
-6.048;36.618;Laguna de Medina;Sevilla;Andalucia;2000;May;Animalia;Aves;Podicipedidae;Podiceps;Podiceps cristatus;Somormujo lavanco
-5.085;37.418;Laguna de Ruiz-Sanchez;Sevilla;Andalucia;2001;May;Animalia;Aves;Anatidae;Tadorna;Tadorna tadorna;Tarro blanco
-0.291;37.219;Laguna de San Lorenzo;Sevilla;Andalucia;2003;Aug;Animalia;Aves;Podicipedidae;Tachybaptus;Tachybaptus ruficollis;Zampullin comun
-5.8;37.037;Laguna de Zarracatin;Sevilla;Andalucia;2003;May;Animalia;Aves;Anatidae;Tadorna;Tadorna tadorna;Tarro blanco
-5.8;37.037;Laguna de Zarracatin;Sevilla;Andalucia;2004;May;Animalia;Aves;Podicipedidae;Podiceps;Podiceps nigricollis;Zampullin cuellinegro
-5.228;37.365;Laguna del Gobierno;Sevilla;Andalucia;2001;May;Animalia;Aves;Podicipedidae;Podiceps;Podiceps nigricollis;Zampullin cuellinegro
-5.228;37.365;Laguna del Gobierno;Sevilla;Andalucia;2001;Aug;Animalia;Aves;Podicipedidae;Tachybaptus;Tachybaptus ruficollis;Zampullin comun
-5.228;37.365;Laguna del Gobierno;Sevilla;Andalucia;2003;May;Animalia;Aves;Podicipedidae;Podiceps;Podiceps nigricollis;Zampullin cuellinegro
-5.228;37.365;Laguna del Gobierno;Sevilla;Andalucia;2003;Aug;Animalia;Aves;Podicipedidae;Tachybaptus;Tachybaptus ruficollis;Zampullin comun
-4.948;37.131;Laguna del Gosque;Sevilla;Andalucia;2001;May;Animalia;Aves;Anatidae;Netta;Netta rufina;Pato colorado
-5.899;36.904;Laguna del Pilon;Sevilla;Andalucia;2000;May;Animalia;Aves;Podicipedidae;Podiceps;Podiceps nigricollis;Zampullin cuellinegro
-5.899;36.904;Laguna del Pilon;Sevilla;Andalucia;2000;Aug;Animalia;Aves;Podicipedidae;Tachybaptus;Tachybaptus ruficollis;Zampullin comun
-5.887;36.92;Laguna del Taraje;Sevilla;Andalucia;2000;May;Animalia;Aves;Podicipedidae;Podiceps;Podiceps nigricollis;Zampullin cuellinegro
-5.887;36.92;Laguna del Taraje;Sevilla;Andalucia;2000;Aug;Animalia;Aves;Podicipedidae;Tachybaptus;Tachybaptus ruficollis;Zampullin comun
-5.887;36.92;Laguna del Taraje;Sevilla;Andalucia;2003;May;Animalia;Aves;Podicipedidae;Podiceps;Podiceps cristatus;Somormujo lavanco
-5.887;36.92;Laguna del Taraje;Sevilla;Andalucia;2003;May;Animalia;Aves;Podicipedidae;Podiceps;Podiceps nigricollis;Zampullin cuellinegro
-5.887;36.92;Laguna del Taraje;Sevilla;Andalucia;2003;Aug;Animalia;Aves;Podicipedidae;Tachybaptus;Tachybaptus ruficollis;Zampullin comun
-5.176;37.371;Laguna La Ballestera;Sevilla;Andalucia;2001;Sep;Animalia;Aves;Anatidae;Netta;Netta rufina;Pato colorado
-5.475;37.913;Las Navas de la Concepcion;Sevilla;Andalucia;2013;May;Animalia;Actinopterygii;Cyprinidae;Pseudochondrostoma;Pseudochondrostoma willkommii;Nase
-6.272;37.073;Los Caracoles;Sevilla;Andalucia;2004;Aug;Animalia;Aves;Podicipedidae;Tachybaptus;Tachybaptus ruficollis;Zampullin comun
-6.3;37.05;Los Caracoles;Sevilla;Andalucia;2017;Feb;Animalia;Mammalia;Canidae;Vulpes;Vulpes vulpes;Red Fox
-6.3;37.05;Los Caracoles;Sevilla;Andalucia;2018;Aug;Animalia;Mammalia;Canidae;Vulpes;Vulpes vulpes;Red Fox
-6.35;37.05;Los Caracoles;Sevilla;Andalucia;2019;Aug;Animalia;Mammalia;Canidae;Vulpes;Vulpes vulpes;Red Fox
-6.281;37.071;Los Caracoles;Sevilla;Andalucia;2019;Feb;Animalia;Mammalia;Herpestidae;Herpestes;Herpestes ichneumon;Egyptian Mongoose
-6.35;37.05;Los Caracoles;Sevilla;Andalucia;2020;Aug;Animalia;Mammalia;Canidae;Vulpes;Vulpes vulpes;Red Fox
-6.32;37.07;Los Caracoles;Sevilla;Andalucia;2020;Mar;Animalia;Mammalia;Canidae;Vulpes;Vulpes vulpes;Red Fox
-6.379;37.062;Lucio de la FAO;Sevilla;Andalucia;2000;Sep;Animalia;Aves;Anatidae;Netta;Netta rufina;Pato colorado
-6.379;37.062;Lucio de la FAO;Sevilla;Andalucia;2001;May;Animalia;Aves;Podicipedidae;Podiceps;Podiceps nigricollis;Zampullin cuellinegro
-6.379;37.062;Lucio de la FAO;Sevilla;Andalucia;2001;Aug;Animalia;Aves;Podicipedidae;Tachybaptus;Tachybaptus ruficollis;Zampullin comun
-6.379;37.062;Lucio de la FAO;Sevilla;Andalucia;2003;May;Animalia;Aves;Podicipedidae;Podiceps;Podiceps cristatus;Somormujo lavanco
-6.379;37.062;Lucio de la FAO;Sevilla;Andalucia;2003;May;Animalia;Aves;Podicipedidae;Podiceps;Podiceps nigricollis;Zampullin cuellinegro
-6.379;37.062;Lucio de la FAO;Sevilla;Andalucia;2003;Sep;Animalia;Aves;Anatidae;Netta;Netta rufina;Pato colorado
-6.379;37.062;Lucio de la FAO;Sevilla;Andalucia;2003;Aug;Animalia;Aves;Threskiornithidae;Plegadis;Plegadis falcinellus;Morito comun
-6.379;37.062;Lucio de la FAO;Sevilla;Andalucia;2004;Aug;Animalia;Aves;Threskiornithidae;Plegadis;Plegadis falcinellus;Morito comun
-6.379;37.062;Lucio de la FAO;Sevilla;Andalucia;2004;May;Animalia;Aves;Podicipedidae;Podiceps;Podiceps nigricollis;Zampullin cuellinegro
-6.379;37.062;Lucio de la FAO;Sevilla;Andalucia;2004;Aug;Animalia;Aves;Ardeidae;Ardeola;Ardeola ralloides;Garcilla cangrejera
-6.379;37.062;Lucio de la FAO;Sevilla;Andalucia;2004;Aug;Animalia;Aves;Ardeidae;Nycticorax;Nycticorax nycticorax;Martinete comun
-6.379;37.062;Lucio de la FAO;Sevilla;Andalucia;2004;Aug;Animalia;Aves;Podicipedidae;Tachybaptus;Tachybaptus ruficollis;Zampullin comun
-6.334;37.598;Madronejo;Sevilla;Andalucia;2019;Mar;Animalia;Amphibia;Hylidae;Hyla;Hyla meridionalis;Mediterranean Tree Frog
-6.31;37.54;Madronejo;Sevilla;Andalucia;2019;Mar;Animalia;Amphibia;Bufonidae;Bufo;Bufo spinosus;Spiny Toad
-6.307;37.548;Madronejo;Sevilla;Andalucia;2019;Mar;Animalia;Amphibia;Salamandridae;Lissotriton;Lissotriton boscai;Bosca's Newt
-6.307;37.551;Madronejo;Sevilla;Andalucia;2019;Mar;Animalia;Amphibia;Salamandridae;Lissotriton;Lissotriton boscai;Bosca's Newt
-6.307;37.548;Madronejo;Sevilla;Andalucia;2019;Apr;Animalia;Amphibia;Salamandridae;Lissotriton;Lissotriton boscai;Bosca's Newt
-6.307;37.552;Madronejo;Sevilla;Andalucia;2019;May;Animalia;Amphibia;Salamandridae;Lissotriton;Lissotriton boscai;Bosca's Newt
-6.365;37.548;Madronejo;Sevilla;Andalucia;2020;Mar;Animalia;Amphibia;Salamandridae;Lissotriton;Lissotriton boscai;Bosca's Newt
-6.348;37.527;Madronejo;Sevilla;Andalucia;2020;Mar;Animalia;Amphibia;Salamandridae;Lissotriton;Lissotriton boscai;Bosca's Newt
-6.311;37.574;Madronejo;Sevilla;Andalucia;2020;Aug;Animalia;Amphibia;Bufonidae;Bufo;Bufo spinosus;Spiny Toad
-6.307;37.548;Madronejo;Sevilla;Andalucia;2020;Aug;Animalia;Amphibia;Salamandridae;Lissotriton;Lissotriton boscai;Bosca's Newt
-6.299;37.541;Madronejo;Sevilla;Andalucia;2020;Aug;Animalia;Amphibia;Alytidae;Discoglossus;Discoglossus galganoi;Iberian Painted Frog
-6.1;37.32;Mairena del Aljarafe;Sevilla;Andalucia;2020;Aug;Animalia;Mammalia;Herpestidae;Herpestes;Herpestes ichneumon;Egyptian Mongoose
-5.577;36.033;Observatorio ornitologico de Cazalla;Sevilla;Andalucia;2020;Aug;Animalia;Mammalia;Viverridae;Genetta;Genetta genetta;Common Genet
-6.175;37.466;Olivares;Sevilla;Andalucia;2018;Mar;Animalia;Amphibia;Hylidae;Hyla;Hyla meridionalis;Mediterranean Tree Frog
-5.15;37.2;Osuna;Sevilla;Andalucia;2019;Feb;Animalia;Mammalia;Gliridae;Eliomys;Eliomys quercinus;Garden Dormouse
-6.482;37.128;P.N. de Donana near El Rocio;Sevilla;Andalucia;2008;Jul;Animalia;Aves;Hirundinidae;Hirundo;Hirundo rustica;Barn Swallow
-6.482;37.128;P.N. de Donana near El Rocio;Sevilla;Andalucia;2008;Aug;Animalia;Aves;Fringillidae;Fringilla;Fringilla coelebs;Common Chaffinch
-6.482;37.128;P.N. de Donana near El Rocio;Sevilla;Andalucia;2008;Aug;Animalia;Aves;Threskiornithidae;Plegadis;Plegadis falcinellus;Glossy Ibis
-6.482;37.128;P.N. de Donana near El Rocio;Sevilla;Andalucia;2008;Aug;Animalia;Aves;Threskiornithidae;Platalea;Platalea leucorodia;Eurasian Spoonbill
-6.482;37.128;P.N. de Donana near El Rocio;Sevilla;Andalucia;2008;Aug;Animalia;Aves;Ardeidae;Ardeola;Ardeola ralloides;Squacco Heron
-6.482;37.128;P.N. de Donana near El Rocio;Sevilla;Andalucia;2008;Aug;Animalia;Aves;Podicipedidae;Tachybaptus;Tachybaptus ruficollis;Little Grebe
-5.95;37.35;Parque del Guadaira;Sevilla;Andalucia;2018;Feb;Animalia;Mammalia;Canidae;Vulpes;Vulpes vulpes;Red Fox
-6.528;37.075;Parque Nacional de Donana;Sevilla;Andalucia;2019;Feb;Animalia;Mammalia;Mustelidae;Meles;Meles meles;Eurasian Badger
-6.6;37;Parque Nacional de Donana;Sevilla;Andalucia;2020;Feb;Animalia;Mammalia;Canidae;Vulpes;Vulpes vulpes;Red Fox
-6.27;36.98;Parque Natural de Donana - Veta La Palma;Sevilla;Andalucia;2019;Mar;Animalia;Mammalia;Herpestidae;Herpestes;Herpestes ichneumon;Egyptian Mongoose
-6.3;36.95;Parque Natural de Donana - Veta La Palma ;Sevilla;Andalucia;2017;Feb;Animalia;Mammalia;Canidae;Vulpes;Vulpes vulpes;Red Fox
-6.25;36.95;Parque Natural de Donana - Veta La Palma ;Sevilla;Andalucia;2017;Feb;Animalia;Mammalia;Canidae;Vulpes;Vulpes vulpes;Red Fox
-6.25;36.9;Parque Natural de Donana - Veta La Palma ;Sevilla;Andalucia;2017;Mar;Animalia;Mammalia;Canidae;Vulpes;Vulpes vulpes;Red Fox
-6.25;36.9;Parque Natural de Donana - Veta La Palma ;Sevilla;Andalucia;2017;Apr;Animalia;Mammalia;Canidae;Vulpes;Vulpes vulpes;Red Fox
-6.25;36.95;Parque Natural de Donana - Veta La Palma ;Sevilla;Andalucia;2018;Mar;Animalia;Mammalia;Canidae;Vulpes;Vulpes vulpes;Red Fox
-6.3;36.9;Parque Natural de Donana - Veta La Palma ;Sevilla;Andalucia;2019;Feb;Animalia;Mammalia;Canidae;Vulpes;Vulpes vulpes;Red Fox
-6.25;36.95;Parque Natural de Donana - Veta La Palma ;Sevilla;Andalucia;2019;Aug;Animalia;Mammalia;Canidae;Vulpes;Vulpes vulpes;Red Fox
-6.25;36.9;Parque Natural de Donana - Veta La Palma ;Sevilla;Andalucia;2019;Feb;Animalia;Mammalia;Canidae;Vulpes;Vulpes vulpes;Red Fox
-6.25;36.95;Parque Natural de Donana - Veta La Palma ;Sevilla;Andalucia;2019;Feb;Animalia;Mammalia;Canidae;Vulpes;Vulpes vulpes;Red Fox
-6.25;36.95;Parque Natural de Donana - Veta La Palma ;Sevilla;Andalucia;2019;Mar;Animalia;Mammalia;Canidae;Vulpes;Vulpes vulpes;Red Fox
-6.25;36.9;Parque Natural de Donana - Veta La Palma ;Sevilla;Andalucia;2019;Mar;Animalia;Mammalia;Canidae;Vulpes;Vulpes vulpes;Red Fox
-6.233;36.6;PUERTO DE SANTA MARIA;Sevilla;Andalucia;2004;May;Animalia;Aves;Tytonidae;Tyto;Tyto alba;Lechuza comun
-5.921;43.586;Ria de Aviles (O);Sevilla;Andalucia;2000;May;Animalia;Aves;Podicipedidae;Podiceps;Podiceps nigricollis;Zampullin cuellinegro
-4.474;43.385;Ria de Tina Menor ;Sevilla;Andalucia;2000;Aug;Animalia;Aves;Podicipedidae;Tachybaptus;Tachybaptus ruficollis;Zampullin comun
-6.095;37.578;Ribera de Huelva (Venta del Alto - Guillena);Sevilla;Andalucia;2020;Feb;Animalia;Amphibia;Hylidae;Hyla;Hyla meridionalis;Mediterranean Tree Frog
-6.095;37.578;Ribera de Huelva (Venta del Alto - Guillena);Sevilla;Andalucia;2020;Feb;Animalia;Amphibia;Salamandridae;Lissotriton;Lissotriton boscai;Bosca's Newt
-6.217;37.529;Rio Guadiamar (Aznalcollar - San Lucar Mayor);Sevilla;Andalucia;2016;May;Animalia;Amphibia;Salamandridae;Pleurodeles;Pleurodeles waltl;Spanish Ribbed Newt
-6.216;37.526;Rio Guadiamar (Aznalcollar - San Lucar Mayor);Sevilla;Andalucia;2016;May;Animalia;Amphibia;Salamandridae;Pleurodeles;Pleurodeles waltl;Spanish Ribbed Newt
-6.2;37.535;Rio Guadiamar (Aznalcollar - San Lucar Mayor);Sevilla;Andalucia;2016;Feb;Animalia;Amphibia;Hylidae;Hyla;Hyla meridionalis;Mediterranean Tree Frog
-6.178;37.92;Rivera del Cala - Real de la Jara;Sevilla;Andalucia;2013;May;Animalia;Amphibia;Alytidae;Discoglossus;Discoglossus galganoi;Iberian Painted Frog
-6.178;37.92;Rivera del Cala - Real de la Jara;Sevilla;Andalucia;2013;May;Animalia;Amphibia;Salamandridae;Lissotriton;Lissotriton boscai;Bosca's Newt
-6.182;37.935;Rivera del Cala - Real de la Jara;Sevilla;Andalucia;2017;Feb;Animalia;Amphibia;Salamandridae;Lissotriton;Lissotriton boscai;Bosca's Newt
-6.182;37.935;Rivera del Cala - Real de la Jara;Sevilla;Andalucia;2018;Apr;Animalia;Amphibia;Salamandridae;Lissotriton;Lissotriton boscai;Bosca's Newt
-6.182;37.936;Rivera del Cala - Real de la Jara;Sevilla;Andalucia;2019;Feb;Animalia;Amphibia;Hylidae;Hyla;Hyla meridionalis;Mediterranean Tree Frog
-6.178;37.92;Rivera del Cala - Real de la Jara;Sevilla;Andalucia;2020;Feb;Animalia;Amphibia;Alytidae;Discoglossus;Discoglossus galganoi;Iberian Painted Frog
-6.113;37.405;Salteras;Sevilla;Andalucia;2020;Aug;Animalia;Amphibia;Alytidae;Discoglossus;Discoglossus galganoi;Iberian Painted Frog
-5.625;37.956;San Nicolas del Puerto;Sevilla;Andalucia;2013;May;Animalia;Amphibia;Salamandridae;Pleurodeles;Pleurodeles waltl;Spanish Ribbed Newt
-5.65;37.95;San Nicolas del Puerto;Sevilla;Andalucia;2015;Feb;Animalia;Amphibia;Salamandridae;Salamandra;Salamandra salamandra;Fire Salamander
-6.252;37.397;Sanlucar la Mayor;Sevilla;Andalucia;2018;Aug;Animalia;Mammalia;Herpestidae;Herpestes;Herpestes ichneumon;Egyptian Mongoose
-6.231;37.435;Sanlucar la Mayor;Sevilla;Andalucia;2019;Feb;Animalia;Amphibia;Hylidae;Hyla;Hyla meridionalis;Mediterranean Tree Frog
-6.25;37.2;Sevilla;Sevilla;Andalucia;2016;Feb;Animalia;Mammalia;Mustelidae;Meles;Meles meles;Eurasian Badger
-6.045;37.846;Sierra Norte de Sevilla;Sevilla;Andalucia;2008;Mar;Animalia;Amphibia;Salamandridae;Lissotriton;Lissotriton boscai;Bosca's Newt
-6.167;37.924;Sierra Norte de Sevilla;Sevilla;Andalucia;2013;May;Animalia;Amphibia;Hylidae;Hyla;Hyla meridionalis;Mediterranean Tree Frog
-6.167;37.923;Sierra Norte de Sevilla;Sevilla;Andalucia;2013;May;Animalia;Amphibia;Hylidae;Hyla;Hyla meridionalis;Mediterranean Tree Frog
-6.163;37.929;Sierra Norte de Sevilla;Sevilla;Andalucia;2013;May;Animalia;Amphibia;Hylidae;Hyla;Hyla meridionalis;Mediterranean Tree Frog
-6.163;37.929;Sierra Norte de Sevilla;Sevilla;Andalucia;2013;May;Animalia;Amphibia;Pelobatidae;Pelobates;Pelobates cultripes;Western Spadefoot
-6.163;37.929;Sierra Norte de Sevilla;Sevilla;Andalucia;2013;May;Animalia;Amphibia;Salamandridae;Pleurodeles;Pleurodeles waltl;Spanish Ribbed Newt
-6.163;37.928;Sierra Norte de Sevilla;Sevilla;Andalucia;2013;May;Animalia;Amphibia;Pelobatidae;Pelobates;Pelobates cultripes;Western Spadefoot
-6.157;37.936;Sierra Norte de Sevilla;Sevilla;Andalucia;2013;May;Animalia;Amphibia;Alytidae;Discoglossus;Discoglossus galganoi;Iberian Painted Frog
-6.156;37.936;Sierra Norte de Sevilla;Sevilla;Andalucia;2013;May;Animalia;Amphibia;Hylidae;Hyla;Hyla meridionalis;Mediterranean Tree Frog
-6.156;37.936;Sierra Norte de Sevilla;Sevilla;Andalucia;2013;May;Animalia;Amphibia;Salamandridae;Pleurodeles;Pleurodeles waltl;Spanish Ribbed Newt
-6.156;37.936;Sierra Norte de Sevilla;Sevilla;Andalucia;2013;May;Animalia;Amphibia;Pelobatidae;Pelobates;Pelobates cultripes;Western Spadefoot
-6.136;37.921;Sierra Norte de Sevilla;Sevilla;Andalucia;2013;May;Animalia;Amphibia;Hylidae;Hyla;Hyla meridionalis;Mediterranean Tree Frog
-6.136;37.921;Sierra Norte de Sevilla;Sevilla;Andalucia;2013;May;Animalia;Amphibia;Pelobatidae;Pelobates;Pelobates cultripes;Western Spadefoot
-6.134;37.922;Sierra Norte de Sevilla;Sevilla;Andalucia;2013;May;Animalia;Amphibia;Hylidae;Hyla;Hyla meridionalis;Mediterranean Tree Frog
-6.134;37.922;Sierra Norte de Sevilla;Sevilla;Andalucia;2013;May;Animalia;Amphibia;Pelobatidae;Pelobates;Pelobates cultripes;Western Spadefoot
-6.106;37.943;Sierra Norte de Sevilla;Sevilla;Andalucia;2013;May;Animalia;Amphibia;Hylidae;Hyla;Hyla meridionalis;Mediterranean Tree Frog
-6.106;37.943;Sierra Norte de Sevilla;Sevilla;Andalucia;2013;May;Animalia;Amphibia;Pelobatidae;Pelobates;Pelobates cultripes;Western Spadefoot
-5.913;37.843;Sierra Norte de Sevilla;Sevilla;Andalucia;2013;May;Animalia;Amphibia;Hylidae;Hyla;Hyla meridionalis;Mediterranean Tree Frog
-5.896;37.851;Sierra Norte de Sevilla;Sevilla;Andalucia;2013;May;Animalia;Amphibia;Pelobatidae;Pelobates;Pelobates cultripes;Western Spadefoot
-5.826;37.911;Sierra Norte de Sevilla;Sevilla;Andalucia;2013;May;Animalia;Amphibia;Hylidae;Hyla;Hyla meridionalis;Mediterranean Tree Frog
-5.817;37.906;Sierra Norte de Sevilla;Sevilla;Andalucia;2013;May;Animalia;Amphibia;Alytidae;Discoglossus;Discoglossus galganoi;Iberian Painted Frog
-5.812;37.904;Sierra Norte de Sevilla;Sevilla;Andalucia;2013;May;Animalia;Amphibia;Alytidae;Discoglossus;Discoglossus galganoi;Iberian Painted Frog
-5.812;37.904;Sierra Norte de Sevilla;Sevilla;Andalucia;2013;May;Animalia;Amphibia;Pelobatidae;Pelobates;Pelobates cultripes;Western Spadefoot
-5.777;37.935;Sierra Norte de Sevilla;Sevilla;Andalucia;2013;May;Animalia;Amphibia;Hylidae;Hyla;Hyla meridionalis;Mediterranean Tree Frog
-5.767;37.932;Sierra Norte de Sevilla;Sevilla;Andalucia;2013;May;Animalia;Amphibia;Salamandridae;Pleurodeles;Pleurodeles waltl;Spanish Ribbed Newt
-5.767;37.932;Sierra Norte de Sevilla;Sevilla;Andalucia;2013;May;Animalia;Amphibia;Salamandridae;Lissotriton;Lissotriton boscai;Bosca's Newt
-5.767;37.932;Sierra Norte de Sevilla;Sevilla;Andalucia;2013;May;Animalia;Amphibia;Pelobatidae;Pelobates;Pelobates cultripes;Western Spadefoot
-5.65;37.9;Sierra Norte de Sevilla;Sevilla;Andalucia;2013;May;Animalia;Amphibia;Salamandridae;Salamandra;Salamandra salamandra;Fire Salamander
-5.626;37.955;Sierra Norte de Sevilla;Sevilla;Andalucia;2013;May;Animalia;Amphibia;Salamandridae;Pleurodeles;Pleurodeles waltl;Spanish Ribbed Newt
-5.772;37.934;Sierra Norte de Sevilla;Sevilla;Andalucia;2014;May;Animalia;Amphibia;Alytidae;Discoglossus;Discoglossus galganoi;Iberian Painted Frog
-5.649;37.992;Sierra Norte de Sevilla;Sevilla;Andalucia;2014;Apr;Animalia;Amphibia;Hylidae;Hyla;Hyla meridionalis;Mediterranean Tree Frog
-5.6;37.9;Sierra Norte de Sevilla;Sevilla;Andalucia;2014;May;Animalia;Amphibia;Salamandridae;Salamandra;Salamandra salamandra;Fire Salamander
-5.586;37.932;Sierra Norte de Sevilla;Sevilla;Andalucia;2014;May;Animalia;Amphibia;Hylidae;Hyla;Hyla meridionalis;Mediterranean Tree Frog
-5.586;37.932;Sierra Norte de Sevilla;Sevilla;Andalucia;2014;May;Animalia;Amphibia;Salamandridae;Lissotriton;Lissotriton boscai;Bosca's Newt
-5.55;37.94;Sierra Norte de Sevilla;Sevilla;Andalucia;2014;May;Animalia;Amphibia;Hylidae;Hyla;Hyla meridionalis;Mediterranean Tree Frog
-5.55;37.94;Sierra Norte de Sevilla;Sevilla;Andalucia;2014;May;Animalia;Amphibia;Salamandridae;Lissotriton;Lissotriton boscai;Bosca's Newt
-5.547;37.94;Sierra Norte de Sevilla;Sevilla;Andalucia;2014;May;Animalia;Amphibia;Hylidae;Hyla;Hyla meridionalis;Mediterranean Tree Frog
-5.913;37.843;UPA;Sevilla;Andalucia;2011;May;Animalia;Amphibia;Hylidae;Hyla;Hyla meridionalis;Mediterranean Tree Frog
-5.913;37.843;UPA;Sevilla;Andalucia;2011;May;Animalia;Amphibia;Salamandridae;Pleurodeles;Pleurodeles waltl;Spanish Ribbed Newt
-5.908;37.851;UPA;Sevilla;Andalucia;2011;May;Animalia;Amphibia;Alytidae;Discoglossus;Discoglossus galganoi;Iberian Painted Frog
-5.897;37.851;UPA;Sevilla;Andalucia;2011;May;Animalia;Amphibia;Hylidae;Hyla;Hyla meridionalis;Mediterranean Tree Frog
-5.913;37.843;UPA;Sevilla;Andalucia;2020;Feb;Animalia;Amphibia;Salamandridae;Pleurodeles;Pleurodeles waltl;Spanish Ribbed Newt
-5.913;37.843;UPA;Sevilla;Andalucia;2020;Feb;Animalia;Amphibia;Pelodytidae;Pelodytes;Pelodytes punctatus;Common parsley frog
-5.913;37.843;UPA;Sevilla;Andalucia;2020;Feb;Animalia;Amphibia;Pelodytidae;Pelodytes;Pelodytes ibericus;Iberian Parsley Frog
-5.909;37.853;UPA;Sevilla;Andalucia;2020;Feb;Animalia;Amphibia;Pelodytidae;Pelodytes;Pelodytes ibericus;Iberian Parsley Frog
-5.909;37.853;UPA;Sevilla;Andalucia;2020;Feb;Animalia;Amphibia;Pelodytidae;Pelodytes;Pelodytes punctatus;Common parsley frog
-5.9;37.85;UPA;Sevilla;Andalucia;2020;Feb;Animalia;Amphibia;Salamandridae;Salamandra;Salamandra salamandra;Fire Salamander
-5.897;37.851;UPA;Sevilla;Andalucia;2020;Feb;Animalia;Amphibia;Salamandridae;Pleurodeles;Pleurodeles waltl;Spanish Ribbed Newt
-5.888;37.857;UPA;Sevilla;Andalucia;2020;Feb;Animalia;Amphibia;Salamandridae;Pleurodeles;Pleurodeles waltl;Spanish Ribbed Newt
-6.07;37.402;Valencina de la Concepcion;Sevilla;Andalucia;2017;Feb;Animalia;Amphibia;Salamandridae;Pleurodeles;Pleurodeles waltl;Spanish Ribbed Newt
-6.235;36.951;Veta La Palma;Sevilla;Andalucia;2000;May;Animalia;Aves;Anatidae;Tadorna;Tadorna tadorna;Common Shelduck
-6.235;36.951;Veta La Palma;Sevilla;Andalucia;2000;May;Animalia;Aves;Podicipedidae;Podiceps;Podiceps nigricollis;Eared Grebe
-6.235;36.951;Veta La Palma;Sevilla;Andalucia;2000;Aug;Animalia;Aves;Threskiornithidae;Platalea;Platalea leucorodia;Eurasian Spoonbill
-6.235;36.951;Veta La Palma;Sevilla;Andalucia;2000;Sep;Animalia;Aves;Anatidae;Anas;Mareca penelope;Eurasian Wigeon
-6.235;36.951;Veta La Palma;Sevilla;Andalucia;2000;Sep;Animalia;Aves;Anatidae;Netta;Netta rufina;Red-crested Pochard
-6.238;36.942;Veta La Palma;Sevilla;Andalucia;2000;May;Animalia;Aves;Podicipedidae;Podiceps;Podiceps cristatus;Somormujo lavanco
-6.238;36.942;Veta La Palma;Sevilla;Andalucia;2000;May;Animalia;Aves;Podicipedidae;Podiceps;Podiceps nigricollis;Zampullin cuellinegro
-6.238;36.942;Veta La Palma;Sevilla;Andalucia;2000;Aug;Animalia;Aves;Threskiornithidae;Plegadis;Plegadis falcinellus;Morito comun
-6.238;36.942;Veta La Palma;Sevilla;Andalucia;2000;Sep;Animalia;Aves;Anatidae;Netta;Netta rufina;Pato colorado
-6.238;36.942;Veta La Palma;Sevilla;Andalucia;2000;Aug;Animalia;Aves;Threskiornithidae;Platalea;Platalea leucorodia;Espatula comun
-6.238;36.942;Veta La Palma;Sevilla;Andalucia;2000;Aug;Animalia;Aves;Ardeidae;Ardea;Egretta alba;Garceta grande
-6.238;36.942;Veta La Palma;Sevilla;Andalucia;2000;Aug;Animalia;Aves;Podicipedidae;Tachybaptus;Tachybaptus ruficollis;Zampullin comun
-6.238;36.942;Veta La Palma;Sevilla;Andalucia;2001;May;Animalia;Aves;Podicipedidae;Podiceps;Podiceps cristatus;Somormujo lavanco
-6.238;36.942;Veta La Palma;Sevilla;Andalucia;2001;Aug;Animalia;Aves;Threskiornithidae;Platalea;Platalea leucorodia;Espatula comun
-6.238;36.942;Veta La Palma;Sevilla;Andalucia;2001;Aug;Animalia;Aves;Threskiornithidae;Plegadis;Plegadis falcinellus;Morito comun
-6.238;36.942;Veta La Palma;Sevilla;Andalucia;2001;May;Animalia;Aves;Podicipedidae;Podiceps;Podiceps nigricollis;Zampullin cuellinegro
-6.238;36.942;Veta La Palma;Sevilla;Andalucia;2001;May;Animalia;Aves;Anatidae;Tadorna;Tadorna tadorna;Tarro blanco
-6.238;36.942;Veta La Palma;Sevilla;Andalucia;2001;Sep;Animalia;Aves;Anatidae;Netta;Netta rufina;Pato colorado
-6.238;36.942;Veta La Palma;Sevilla;Andalucia;2001;Aug;Animalia;Aves;Ardeidae;Ardea;Egretta alba;Garceta grande
-6.238;36.942;Veta La Palma;Sevilla;Andalucia;2001;Aug;Animalia;Aves;Ardeidae;Ardeola;Ardeola ralloides;Garcilla cangrejera
-6.238;36.942;Veta La Palma;Sevilla;Andalucia;2001;Aug;Animalia;Aves;Ardeidae;Nycticorax;Nycticorax nycticorax;Martinete comun
-6.238;36.942;Veta La Palma;Sevilla;Andalucia;2001;Aug;Animalia;Aves;Podicipedidae;Tachybaptus;Tachybaptus ruficollis;Zampullin comun
-6.238;36.942;Veta La Palma;Sevilla;Andalucia;2002;May;Animalia;Aves;Podicipedidae;Podiceps;Podiceps cristatus;Somormujo lavanco
-6.238;36.942;Veta La Palma;Sevilla;Andalucia;2003;May;Animalia;Aves;Podicipedidae;Podiceps;Podiceps cristatus;Somormujo lavanco
-6.238;36.942;Veta La Palma;Sevilla;Andalucia;2003;May;Animalia;Aves;Anatidae;Tadorna;Tadorna tadorna;Tarro blanco
-6.238;36.942;Veta La Palma;Sevilla;Andalucia;2003;May;Animalia;Aves;Podicipedidae;Podiceps;Podiceps nigricollis;Zampullin cuellinegro
-6.238;36.942;Veta La Palma;Sevilla;Andalucia;2004;May;Animalia;Aves;Podicipedidae;Podiceps;Podiceps cristatus;Somormujo lavanco
-6.238;36.942;Veta La Palma;Sevilla;Andalucia;2004;May;Animalia;Aves;Anatidae;Tadorna;Tadorna tadorna;Tarro blanco
-6.238;36.942;Veta La Palma;Sevilla;Andalucia;2004;Sep;Animalia;Aves;Anatidae;Netta;Netta rufina;Pato colorado
-6.238;36.942;Veta La Palma;Sevilla;Andalucia;2004;Aug;Animalia;Aves;Threskiornithidae;Platalea;Platalea leucorodia;Espatula comun
-6.238;36.942;Veta La Palma;Sevilla;Andalucia;2004;May;Animalia;Aves;Podicipedidae;Podiceps;Podiceps nigricollis;Zampullin cuellinegro
-6.238;36.942;Veta La Palma;Sevilla;Andalucia;2004;Aug;Animalia;Aves;Ardeidae;Nycticorax;Nycticorax nycticorax;Martinete comun
-6.238;36.942;Veta La Palma;Sevilla;Andalucia;2004;Aug;Animalia;Aves;Ardeidae;Ardeola;Ardeola ralloides;Garcilla cangrejera
-6.238;36.942;Veta La Palma;Sevilla;Andalucia;2004;Aug;Animalia;Aves;Ardeidae;Ardea;Egretta alba;Garceta grande
-6.238;36.942;Veta La Palma;Sevilla;Andalucia;2004;Aug;Animalia;Aves;Podicipedidae;Tachybaptus;Tachybaptus ruficollis;Zampullin comun
-5.92;43.587;Zeluan--Ensenada de Llodero;Sevilla;Andalucia;2000;May;Animalia;Aves;Podicipedidae;Podiceps;Podiceps nigricollis;Eared Grebe
-5.617;37.851; Constantina;Sevilla;Andalucia;2011;May;Animalia;Reptilia;Colubridae;Hemorrhois;Hemorrhois hippocrepis;Horseshoe Whip Snake
-5.673;37.87; Constantina;Sevilla;Andalucia;2014;May;Animalia;Reptilia;Colubridae;Hemorrhois;Hemorrhois hippocrepis;Horseshoe Whip Snake
-5.673;37.87; Constantina;Sevilla;Andalucia;2014;Jul;Animalia;Reptilia;Colubridae;Hemorrhois;Hemorrhois hippocrepis;Horseshoe Whip Snake
-5.556;37.783; Constantina;Sevilla;Andalucia;2014;Jul;Animalia;Reptilia;Colubridae;Hemorrhois;Hemorrhois hippocrepis;Horseshoe Whip Snake
-5.638;37.886; Constantina;Sevilla;Andalucia;2015;Jun;Animalia;Reptilia;Colubridae;Hemorrhois;Hemorrhois hippocrepis;Horseshoe Whip Snake
-5.607;37.913; Constantina;Sevilla;Andalucia;2015;Feb;Animalia;Reptilia;Lacertidae;Timon;Timon lepidus;Ocellated Lizard
-5.605;37.831; Constantina;Sevilla;Andalucia;2015;Feb;Animalia;Reptilia;Colubridae;Hemorrhois;Hemorrhois hippocrepis;Horseshoe Whip Snake
-5.62;37.89; Constantina;Sevilla;Andalucia;2016;Feb;Animalia;Reptilia;Colubridae;Hemorrhois;Hemorrhois hippocrepis;Horseshoe Whip Snake
-5.605;37.914; Constantina;Sevilla;Andalucia;2016;Feb;Animalia;Reptilia;Lacertidae;Timon;Timon lepidus;Ocellated Lizard
-5.612;37.895; Constantina;Sevilla;Andalucia;2018;Feb;Animalia;Reptilia;Colubridae;Hemorrhois;Hemorrhois hippocrepis;Horseshoe Whip Snake
-5.611;37.896; Constantina;Sevilla;Andalucia;2018;Feb;Animalia;Reptilia;Colubridae;Hemorrhois;Hemorrhois hippocrepis;Horseshoe Whip Snake
-5.607;37.913; Constantina;Sevilla;Andalucia;2018;Feb;Animalia;Reptilia;Lacertidae;Timon;Timon lepidus;Ocellated Lizard
-5.607;37.914; Constantina;Sevilla;Andalucia;2018;Feb;Animalia;Reptilia;Lacertidae;Timon;Timon lepidus;Ocellated Lizard
-5.663;37.813; Constantina;Sevilla;Andalucia;2020;Feb;Animalia;Reptilia;Blanidae;Blanus;Blanus cinereus;Mediterranean Worm Lizard
-5.612;37.895; Constantina;Sevilla;Andalucia;2020;Feb;Animalia;Reptilia;Lacertidae;Timon;Timon lepidus;Ocellated Lizard
-5.612;37.895; Constantina;Sevilla;Andalucia;2020;Feb;Animalia;Reptilia;Blanidae;Blanus;Blanus cinereus;Mediterranean Worm Lizard
-5.587;37.889; Constantina;Sevilla;Andalucia;2020;Feb;Animalia;Reptilia;Colubridae;Hemorrhois;Hemorrhois hippocrepis;Horseshoe Whip Snake
-5.585;37.76; Constantina;Sevilla;Andalucia;2020;Feb;Animalia;Reptilia;Colubridae;Hemorrhois;Hemorrhois hippocrepis;Horseshoe Whip Snake
-5.571;37.857; Constantina;Sevilla;Andalucia;2020;Feb;Animalia;Reptilia;Blanidae;Blanus;Blanus cinereus;Mediterranean Worm Lizard
-5.57;37.857; Constantina;Sevilla;Andalucia;2020;Feb;Animalia;Reptilia;Blanidae;Blanus;Blanus cinereus;Mediterranean Worm Lizard
-5.526;37.826; Constantina;Sevilla;Andalucia;2020;Feb;Animalia;Reptilia;Blanidae;Blanus;Blanus cinereus;Mediterranean Worm Lizard
-5.629;37.863; Sierra Norte de Sevilla;Sevilla;Andalucia;2008;Mar;Animalia;Reptilia;Lacertidae;Timon;Timon lepidus;Ocellated Lizard
-5.629;37.863; Sierra Norte de Sevilla;Sevilla;Andalucia;2008;Mar;Animalia;Reptilia;Colubridae;Hemorrhois;Hemorrhois hippocrepis;Horseshoe Whip Snake
-6.143;37.939; Sierra Norte de Sevilla;Sevilla;Andalucia;2013;May;Animalia;Reptilia;Lacertidae;Timon;Timon lepidus;Ocellated Lizard
-6.082;37.415; Valencina de la Concepcion;Sevilla;Andalucia;2016;May;Animalia;Reptilia;Colubridae;Hemorrhois;Hemorrhois hippocrepis;Horseshoe Whip Snake
-6.064;37.411; Valencina de la Concepcion;Sevilla;Andalucia;2016;Jun;Animalia;Reptilia;Colubridae;Hemorrhois;Hemorrhois hippocrepis;Horseshoe Whip Snake
-6.09;37.41; Valencina de la Concepcion;Sevilla;Andalucia;2017;Oct;Animalia;Reptilia;Colubridae;Hemorrhois;Hemorrhois hippocrepis;Horseshoe Whip Snake
-6.069;37.417; Valencina de la Concepcion;Sevilla;Andalucia;2019;Jul;Animalia;Reptilia;Colubridae;Hemorrhois;Hemorrhois hippocrepis;Horseshoe Whip Snake
-5.75;38;Alanis;Sevilla;Andalucia;2013;Feb;Animalia;Amphibia;Salamandridae;Salamandra;Salamandra salamandra;Fire Salamander
-5.741;38.045;Alanis;Sevilla;Andalucia;2013;Feb;Animalia;Amphibia;Salamandridae;Lissotriton;Lissotriton boscai;Bosca's Newt
-5.737;38.045;Alanis;Sevilla;Andalucia;2013;Feb;Animalia;Amphibia;Hylidae;Hyla;Hyla meridionalis;Mediterranean Tree Frog
-5.728;38.03;Alanis;Sevilla;Andalucia;2013;Feb;Animalia;Amphibia;Hylidae;Hyla;Hyla meridionalis;Mediterranean Tree Frog
-5.706;38.031;Alanis;Sevilla;Andalucia;2013;Feb;Animalia;Amphibia;Salamandridae;Pleurodeles;Pleurodeles waltl;Spanish Ribbed Newt
-5.705;38.03;Alanis;Sevilla;Andalucia;2013;Feb;Animalia;Amphibia;Hylidae;Hyla;Hyla meridionalis;Mediterranean Tree Frog
-5.705;38.03;Alanis;Sevilla;Andalucia;2013;Feb;Animalia;Amphibia;Salamandridae;Pleurodeles;Pleurodeles waltl;Spanish Ribbed Newt
-5.705;38.03;Alanis;Sevilla;Andalucia;2013;Feb;Animalia;Amphibia;Pelodytidae;Pelodytes;Pelodytes ibericus;Iberian Parsley Frog
-5.705;38.03;Alanis;Sevilla;Andalucia;2013;Feb;Animalia;Amphibia;Bufonidae;Bufo;Bufo spinosus;Spiny Toad
-5.703;37.992;Alanis;Sevilla;Andalucia;2013;Apr;Animalia;Amphibia;Salamandridae;Salamandra;Salamandra salamandra;Fire Salamander
-5.703;37.992;Alanis;Sevilla;Andalucia;2013;Apr;Animalia;Amphibia;Alytidae;Discoglossus;Discoglossus galganoi;Iberian Painted Frog
-5.703;37.992;Alanis;Sevilla;Andalucia;2013;Apr;Animalia;Amphibia;Hylidae;Hyla;Hyla meridionalis;Mediterranean Tree Frog
-5.703;37.992;Alanis;Sevilla;Andalucia;2013;Apr;Animalia;Amphibia;Salamandridae;Lissotriton;Lissotriton boscai;Bosca's Newt
-5.703;37.992;Alanis;Sevilla;Andalucia;2013;Apr;Animalia;Amphibia;Salamandridae;Pleurodeles;Pleurodeles waltl;Spanish Ribbed Newt
-5.703;37.992;Alanis;Sevilla;Andalucia;2013;Apr;Animalia;Amphibia;Pelobatidae;Pelobates;Pelobates cultripes;Western Spadefoot
-5.703;37.992;Alanis;Sevilla;Andalucia;2013;Apr;Animalia;Amphibia;Pelodytidae;Pelodytes;Pelodytes ibericus;Iberian Parsley Frog
-5.701;38.03;Alanis;Sevilla;Andalucia;2013;Feb;Animalia;Amphibia;Bufonidae;Bufo;Bufo spinosus;Spiny Toad
-5.7;38;Alanis;Sevilla;Andalucia;2013;Feb;Animalia;Amphibia;Salamandridae;Salamandra;Salamandra salamandra;Fire Salamander
-5.677;38.039;Alanis;Sevilla;Andalucia;2013;Apr;Animalia;Amphibia;Hylidae;Hyla;Hyla meridionalis;Mediterranean Tree Frog
-5.677;38.039;Alanis;Sevilla;Andalucia;2013;Apr;Animalia;Amphibia;Salamandridae;Lissotriton;Lissotriton boscai;Bosca's Newt
-5.677;38.039;Alanis;Sevilla;Andalucia;2013;Apr;Animalia;Amphibia;Salamandridae;Pleurodeles;Pleurodeles waltl;Spanish Ribbed Newt
-5.677;38.039;Alanis;Sevilla;Andalucia;2013;Apr;Animalia;Amphibia;Pelodytidae;Pelodytes;Pelodytes ibericus;Iberian Parsley Frog
-5.67;38.042;Alanis;Sevilla;Andalucia;2013;Feb;Animalia;Amphibia;Hylidae;Hyla;Hyla meridionalis;Mediterranean Tree Frog
-5.67;38.042;Alanis;Sevilla;Andalucia;2013;Feb;Animalia;Amphibia;Salamandridae;Lissotriton;Lissotriton boscai;Bosca's Newt
-5.6;38;Alanis;Sevilla;Andalucia;2013;Feb;Animalia;Amphibia;Salamandridae;Salamandra;Salamandra salamandra;Fire Salamander
-5.595;38.016;Alanis;Sevilla;Andalucia;2013;Feb;Animalia;Amphibia;Salamandridae;Lissotriton;Lissotriton boscai;Bosca's Newt
-5.593;38.017;Alanis;Sevilla;Andalucia;2013;Feb;Animalia;Amphibia;Salamandridae;Lissotriton;Lissotriton boscai;Bosca's Newt
-5.59;38.079;Alanis;Sevilla;Andalucia;2013;Apr;Animalia;Amphibia;Hylidae;Hyla;Hyla meridionalis;Mediterranean Tree Frog
-5.59;38.079;Alanis;Sevilla;Andalucia;2013;Apr;Animalia;Amphibia;Salamandridae;Lissotriton;Lissotriton boscai;Bosca's Newt
-5.59;38.079;Alanis;Sevilla;Andalucia;2013;Apr;Animalia;Amphibia;Pelobatidae;Pelobates;Pelobates cultripes;Western Spadefoot
-5.59;38.079;Alanis;Sevilla;Andalucia;2013;Apr;Animalia;Amphibia;Salamandridae;Pleurodeles;Pleurodeles waltl;Spanish Ribbed Newt
-5.586;38.014;Alanis;Sevilla;Andalucia;2013;Feb;Animalia;Amphibia;Hylidae;Hyla;Hyla meridionalis;Mediterranean Tree Frog
-5.586;38.014;Alanis;Sevilla;Andalucia;2013;Feb;Animalia;Amphibia;Pelobatidae;Pelobates;Pelobates cultripes;Western Spadefoot
-5.586;38.014;Alanis;Sevilla;Andalucia;2013;Feb;Animalia;Amphibia;Salamandridae;Pleurodeles;Pleurodeles waltl;Spanish Ribbed Newt
-5.538;37.99;Alanis;Sevilla;Andalucia;2013;Apr;Animalia;Amphibia;Hylidae;Hyla;Hyla meridionalis;Mediterranean Tree Frog
-5.538;37.99;Alanis;Sevilla;Andalucia;2013;Apr;Animalia;Amphibia;Salamandridae;Salamandra;Salamandra salamandra;Fire Salamander
-5.538;37.99;Alanis;Sevilla;Andalucia;2013;Apr;Animalia;Amphibia;Alytidae;Discoglossus;Discoglossus galganoi;Iberian Painted Frog
-5.538;37.99;Alanis;Sevilla;Andalucia;2013;Apr;Animalia;Amphibia;Pelobatidae;Pelobates;Pelobates cultripes;Western Spadefoot
-5.538;37.99;Alanis;Sevilla;Andalucia;2013;Apr;Animalia;Amphibia;Salamandridae;Pleurodeles;Pleurodeles waltl;Spanish Ribbed Newt
-5.538;37.99;Alanis;Sevilla;Andalucia;2013;Apr;Animalia;Amphibia;Salamandridae;Lissotriton;Lissotriton boscai;Bosca's Newt
-5.538;37.99;Alanis;Sevilla;Andalucia;2013;Apr;Animalia;Amphibia;Pelodytidae;Pelodytes;Pelodytes ibericus;Iberian Parsley Frog
-5.705;38.031;Alanis;Sevilla;Andalucia;2015;Feb;Animalia;Amphibia;Alytidae;Discoglossus;Discoglossus galganoi;Iberian Painted Frog
-5.705;38.031;Alanis;Sevilla;Andalucia;2015;Feb;Animalia;Amphibia;Pelodytidae;Pelodytes;Pelodytes ibericus;Iberian Parsley Frog
-5.6;38;Alanis;Sevilla;Andalucia;2015;Feb;Animalia;Amphibia;Salamandridae;Salamandra;Salamandra salamandra;Fire Salamander
-5.595;38.016;Alanis;Sevilla;Andalucia;2015;Feb;Animalia;Amphibia;Salamandridae;Lissotriton;Lissotriton boscai;Bosca's Newt
-5.594;38.017;Alanis;Sevilla;Andalucia;2015;Feb;Animalia;Amphibia;Hylidae;Hyla;Hyla meridionalis;Mediterranean Tree Frog
-5.586;38.014;Alanis;Sevilla;Andalucia;2015;Feb;Animalia;Amphibia;Hylidae;Hyla;Hyla meridionalis;Mediterranean Tree Frog
-5.586;38.014;Alanis;Sevilla;Andalucia;2015;Feb;Animalia;Amphibia;Salamandridae;Pleurodeles;Pleurodeles waltl;Spanish Ribbed Newt
-5.586;38.014;Alanis;Sevilla;Andalucia;2015;Feb;Animalia;Amphibia;Pelobatidae;Pelobates;Pelobates cultripes;Western Spadefoot
-5.708;38.031;Alanis;Sevilla;Andalucia;2020;Feb;Animalia;Amphibia;Salamandridae;Pleurodeles;Pleurodeles waltl;Spanish Ribbed Newt
-5.705;38.03;Alanis;Sevilla;Andalucia;2020;Feb;Animalia;Amphibia;Salamandridae;Pleurodeles;Pleurodeles waltl;Spanish Ribbed Newt
-5.675;38.046;Alanis;Sevilla;Andalucia;2020;Feb;Animalia;Amphibia;Pelobatidae;Pelobates;Pelobates cultripes;Western Spadefoot
-5.671;38.043;Alanis;Sevilla;Andalucia;2020;Feb;Animalia;Amphibia;Alytidae;Discoglossus;Discoglossus galganoi;Iberian Painted Frog
-5.671;38.043;Alanis;Sevilla;Andalucia;2020;Feb;Animalia;Amphibia;Salamandridae;Lissotriton;Lissotriton boscai;Bosca's Newt
-5.623;38.024;Alanis;Sevilla;Andalucia;2020;Feb;Animalia;Amphibia;Pelobatidae;Pelobates;Pelobates cultripes;Western Spadefoot
-5.594;38.017;Alanis;Sevilla;Andalucia;2020;Feb;Animalia;Amphibia;Salamandridae;Lissotriton;Lissotriton boscai;Bosca's Newt
-5.592;38.017;Alanis;Sevilla;Andalucia;2020;Feb;Animalia;Amphibia;Salamandridae;Pleurodeles;Pleurodeles waltl;Spanish Ribbed Newt
-5.586;38.014;Alanis;Sevilla;Andalucia;2020;Feb;Animalia;Amphibia;Hylidae;Hyla;Hyla meridionalis;Mediterranean Tree Frog
-5.586;38.014;Alanis;Sevilla;Andalucia;2020;Feb;Animalia;Amphibia;Salamandridae;Pleurodeles;Pleurodeles waltl;Spanish Ribbed Newt
-5.586;38.014;Alanis;Sevilla;Andalucia;2020;Feb;Animalia;Amphibia;Pelobatidae;Pelobates;Pelobates cultripes;Western Spadefoot
-5.555;37.997;Alanis;Sevilla;Andalucia;2020;Feb;Animalia;Amphibia;Salamandridae;Pleurodeles;Pleurodeles waltl;Spanish Ribbed Newt
-5.555;37.997;Alanis;Sevilla;Andalucia;2020;Feb;Animalia;Amphibia;Pelobatidae;Pelobates;Pelobates cultripes;Western Spadefoot
-6.042;36.953;"Balsa de Lebrija ""Don Melendo""";Sevilla;Andalucia;2006;May;Animalia;Aves;Podicipedidae;Podiceps;Podiceps cristatus;Somormujo lavanco
-6.042;36.953;"Balsa de Lebrija ""Don Melendo""";Sevilla;Andalucia;2006;Sep;Animalia;Aves;Anatidae;Netta;Netta rufina;Pato colorado
-6.042;36.953;"Balsa de Lebrija ""Don Melendo""";Sevilla;Andalucia;2007;May;Animalia;Aves;Podicipedidae;Podiceps;Podiceps cristatus;Somormujo lavanco
-6.042;36.953;"Balsa de Lebrija ""Don Melendo""";Sevilla;Andalucia;2008;May;Animalia;Aves;Podicipedidae;Podiceps;Podiceps cristatus;Somormujo lavanco
-6.042;36.953;"Balsa de Lebrija ""Don Melendo""";Sevilla;Andalucia;2008;Sep;Animalia;Aves;Anatidae;Netta;Netta rufina;Pato colorado
-6.042;36.953;"Balsa de Lebrija ""Don Melendo""";Sevilla;Andalucia;2009;May;Animalia;Aves;Podicipedidae;Podiceps;Podiceps cristatus;Somormujo lavanco
-6.042;36.953;"Balsa de Lebrija ""Don Melendo""";Sevilla;Andalucia;2009;Sep;Animalia;Aves;Anatidae;Netta;Netta rufina;Pato colorado
-6.042;36.953;"Balsa de Lebrija ""Don Melendo""";Sevilla;Andalucia;2010;May;Animalia;Aves;Podicipedidae;Podiceps;Podiceps cristatus;Somormujo lavanco
-6.042;36.953;"Balsa de Lebrija ""Don Melendo""";Sevilla;Andalucia;2012;May;Animalia;Aves;Podicipedidae;Podiceps;Podiceps cristatus;Somormujo lavanco
-6.042;36.953;"Balsa de Lebrija ""Don Melendo""";Sevilla;Andalucia;2012;Aug;Animalia;Aves;Threskiornithidae;Platalea;Platalea leucorodia;Espatula comun
-6.042;36.953;"Balsa de Lebrija ""Don Melendo""";Sevilla;Andalucia;2012;Sep;Animalia;Aves;Anatidae;Netta;Netta rufina;Pato colorado
-6.042;36.953;"Balsa de Lebrija ""Don Melendo""";Sevilla;Andalucia;2013;Sep;Animalia;Aves;Anatidae;Netta;Netta rufina;Pato colorado
-6.042;36.953;"Balsa de Lebrija ""Don Melendo""";Sevilla;Andalucia;2014;May;Animalia;Aves;Anatidae;Tadorna;Tadorna tadorna;Tarro blanco
-6.042;36.953;"Balsa de Lebrija ""Don Melendo""";Sevilla;Andalucia;2014;Sep;Animalia;Aves;Anatidae;Netta;Netta rufina;Pato colorado
-5.662;37.815;Constantina;Sevilla;Andalucia;2011;May;Animalia;Amphibia;Pelobatidae;Pelobates;Pelobates cultripes;Western Spadefoot
-5.65;37.9;Constantina;Sevilla;Andalucia;2011;Feb;Animalia;Amphibia;Salamandridae;Salamandra;Salamandra salamandra;Fire Salamander
-5.647;37.826;Constantina;Sevilla;Andalucia;2011;Feb;Animalia;Amphibia;Pelobatidae;Pelobates;Pelobates cultripes;Western Spadefoot
-5.647;37.903;Constantina;Sevilla;Andalucia;2011;Feb;Animalia;Amphibia;Salamandridae;Pleurodeles;Pleurodeles waltl;Spanish Ribbed Newt
-5.647;37.826;Constantina;Sevilla;Andalucia;2011;May;Animalia;Amphibia;Pelobatidae;Pelobates;Pelobates cultripes;Western Spadefoot
-5.642;37.903;Constantina;Sevilla;Andalucia;2011;Feb;Animalia;Amphibia;Hylidae;Hyla;Hyla meridionalis;Mediterranean Tree Frog
-5.642;37.901;Constantina;Sevilla;Andalucia;2011;Feb;Animalia;Amphibia;Salamandridae;Lissotriton;Lissotriton boscai;Bosca's Newt
-5.642;37.903;Constantina;Sevilla;Andalucia;2011;Feb;Animalia;Amphibia;Pelodytidae;Pelodytes;Pelodytes ibericus;Iberian Parsley Frog
-5.627;37.921;Constantina;Sevilla;Andalucia;2011;May;Animalia;Amphibia;Pelodytidae;Pelodytes;Pelodytes ibericus;Iberian Parsley Frog
-5.62;37.883;Constantina;Sevilla;Andalucia;2011;Feb;Animalia;Amphibia;Alytidae;Discoglossus;Discoglossus galganoi;Iberian Painted Frog
-5.62;37.883;Constantina;Sevilla;Andalucia;2011;Feb;Animalia;Amphibia;Hylidae;Hyla;Hyla meridionalis;Mediterranean Tree Frog
-5.62;37.883;Constantina;Sevilla;Andalucia;2011;Feb;Animalia;Amphibia;Pelobatidae;Pelobates;Pelobates cultripes;Western Spadefoot
-5.618;37.853;Constantina;Sevilla;Andalucia;2011;May;Animalia;Amphibia;Salamandridae;Pleurodeles;Pleurodeles waltl;Spanish Ribbed Newt
-5.613;37.823;Constantina;Sevilla;Andalucia;2011;May;Animalia;Amphibia;Pelobatidae;Pelobates;Pelobates cultripes;Western Spadefoot
-5.61;37.83;Constantina;Sevilla;Andalucia;2011;May;Animalia;Amphibia;Pelobatidae;Pelobates;Pelobates cultripes;Western Spadefoot
-5.607;37.914;Constantina;Sevilla;Andalucia;2011;May;Animalia;Amphibia;Bufonidae;Bufo;Bufo spinosus;Spiny Toad
-5.606;37.913;Constantina;Sevilla;Andalucia;2011;May;Animalia;Amphibia;Hylidae;Hyla;Hyla meridionalis;Mediterranean Tree Frog
-5.6;37.85;Constantina;Sevilla;Andalucia;2011;Feb;Animalia;Amphibia;Salamandridae;Salamandra;Salamandra salamandra;Fire Salamander
-5.592;37.835;Constantina;Sevilla;Andalucia;2011;May;Animalia;Amphibia;Alytidae;Discoglossus;Discoglossus galganoi;Iberian Painted Frog
-5.56;37.896;Constantina;Sevilla;Andalucia;2011;Feb;Animalia;Amphibia;Salamandridae;Lissotriton;Lissotriton boscai;Bosca's Newt
-5.559;37.895;Constantina;Sevilla;Andalucia;2011;Feb;Animalia;Amphibia;Salamandridae;Lissotriton;Lissotriton boscai;Bosca's Newt
-5.55;37.9;Constantina;Sevilla;Andalucia;2011;Feb;Animalia;Amphibia;Salamandridae;Salamandra;Salamandra salamandra;Fire Salamander
-5.549;37.908;Constantina;Sevilla;Andalucia;2011;Feb;Animalia;Amphibia;Salamandridae;Pleurodeles;Pleurodeles waltl;Spanish Ribbed Newt
-5.549;37.908;Constantina;Sevilla;Andalucia;2011;May;Animalia;Amphibia;Salamandridae;Lissotriton;Lissotriton boscai;Bosca's Newt
-5.549;37.908;Constantina;Sevilla;Andalucia;2011;May;Animalia;Amphibia;Bufonidae;Bufo;Bufo spinosus;Spiny Toad
-5.548;37.849;Constantina;Sevilla;Andalucia;2011;May;Animalia;Amphibia;Hylidae;Hyla;Hyla meridionalis;Mediterranean Tree Frog
-5.548;37.849;Constantina;Sevilla;Andalucia;2011;May;Animalia;Amphibia;Pelobatidae;Pelobates;Pelobates cultripes;Western Spadefoot
-5.526;37.826;Constantina;Sevilla;Andalucia;2011;Feb;Animalia;Amphibia;Alytidae;Discoglossus;Discoglossus galganoi;Iberian Painted Frog
-5.526;37.826;Constantina;Sevilla;Andalucia;2011;Feb;Animalia;Amphibia;Hylidae;Hyla;Hyla meridionalis;Mediterranean Tree Frog
-5.526;37.825;Constantina;Sevilla;Andalucia;2011;Feb;Animalia;Amphibia;Pelobatidae;Pelobates;Pelobates cultripes;Western Spadefoot
-5.526;37.826;Constantina;Sevilla;Andalucia;2011;Feb;Animalia;Amphibia;Bufonidae;Bufo;Bufo spinosus;Spiny Toad
-5.524;37.913;Constantina;Sevilla;Andalucia;2011;Feb;Animalia;Amphibia;Salamandridae;Lissotriton;Lissotriton boscai;Bosca's Newt
-5.524;37.913;Constantina;Sevilla;Andalucia;2011;Feb;Animalia;Amphibia;Bufonidae;Bufo;Bufo spinosus;Spiny Toad
-5.518;37.914;Constantina;Sevilla;Andalucia;2011;Feb;Animalia;Amphibia;Pelobatidae;Pelobates;Pelobates cultripes;Western Spadefoot
-5.517;37.913;Constantina;Sevilla;Andalucia;2011;Feb;Animalia;Amphibia;Hylidae;Hyla;Hyla meridionalis;Mediterranean Tree Frog
-5.517;37.914;Constantina;Sevilla;Andalucia;2011;Feb;Animalia;Amphibia;Salamandridae;Pleurodeles;Pleurodeles waltl;Spanish Ribbed Newt
-5.517;37.913;Constantina;Sevilla;Andalucia;2011;Feb;Animalia;Amphibia;Salamandridae;Pleurodeles;Pleurodeles waltl;Spanish Ribbed Newt
-5.517;37.914;Constantina;Sevilla;Andalucia;2011;May;Animalia;Amphibia;Pelobatidae;Pelobates;Pelobates cultripes;Western Spadefoot
-5.517;37.914;Constantina;Sevilla;Andalucia;2011;May;Animalia;Amphibia;Salamandridae;Pleurodeles;Pleurodeles waltl;Spanish Ribbed Newt
-5.515;37.912;Constantina;Sevilla;Andalucia;2011;Feb;Animalia;Amphibia;Pelobatidae;Pelobates;Pelobates cultripes;Western Spadefoot
-5.502;37.906;Constantina;Sevilla;Andalucia;2011;Feb;Animalia;Amphibia;Alytidae;Discoglossus;Discoglossus galganoi;Iberian Painted Frog
-5.501;37.904;Constantina;Sevilla;Andalucia;2011;Feb;Animalia;Amphibia;Alytidae;Discoglossus;Discoglossus galganoi;Iberian Painted Frog
-5.683;37.938;Constantina;Sevilla;Andalucia;2012;May;Animalia;Amphibia;Pelobatidae;Pelobates;Pelobates cultripes;Western Spadefoot
-5.683;37.938;Constantina;Sevilla;Andalucia;2012;May;Animalia;Amphibia;Bufonidae;Bufo;Bufo spinosus;Spiny Toad
-5.673;37.879;Constantina;Sevilla;Andalucia;2012;May;Animalia;Amphibia;Salamandridae;Lissotriton;Lissotriton boscai;Bosca's Newt
-5.671;37.88;Constantina;Sevilla;Andalucia;2012;May;Animalia;Amphibia;Salamandridae;Pleurodeles;Pleurodeles waltl;Spanish Ribbed Newt
-5.664;37.862;Constantina;Sevilla;Andalucia;2012;May;Animalia;Amphibia;Salamandridae;Lissotriton;Lissotriton boscai;Bosca's Newt
-5.664;37.862;Constantina;Sevilla;Andalucia;2012;May;Animalia;Amphibia;Pelobatidae;Pelobates;Pelobates cultripes;Western Spadefoot
-5.675;37.836;Constantina;Sevilla;Andalucia;2013;Apr;Animalia;Amphibia;Alytidae;Discoglossus;Discoglossus galganoi;Iberian Painted Frog
-5.675;37.836;Constantina;Sevilla;Andalucia;2013;Apr;Animalia;Amphibia;Hylidae;Hyla;Hyla meridionalis;Mediterranean Tree Frog
-5.675;37.75;Constantina;Sevilla;Andalucia;2013;Apr;Animalia;Amphibia;Hylidae;Hyla;Hyla meridionalis;Mediterranean Tree Frog
-5.675;37.75;Constantina;Sevilla;Andalucia;2013;Apr;Animalia;Amphibia;Salamandridae;Pleurodeles;Pleurodeles waltl;Spanish Ribbed Newt
-5.675;37.836;Constantina;Sevilla;Andalucia;2013;Apr;Animalia;Amphibia;Pelobatidae;Pelobates;Pelobates cultripes;Western Spadefoot
-5.675;37.836;Constantina;Sevilla;Andalucia;2013;Apr;Animalia;Amphibia;Salamandridae;Lissotriton;Lissotriton boscai;Bosca's Newt
-5.675;37.836;Constantina;Sevilla;Andalucia;2013;Apr;Animalia;Amphibia;Salamandridae;Pleurodeles;Pleurodeles waltl;Spanish Ribbed Newt
-5.675;37.75;Constantina;Sevilla;Andalucia;2013;Apr;Animalia;Amphibia;Salamandridae;Lissotriton;Lissotriton boscai;Bosca's Newt
-5.675;37.75;Constantina;Sevilla;Andalucia;2013;Apr;Animalia;Amphibia;Pelobatidae;Pelobates;Pelobates cultripes;Western Spadefoot
-5.63;37.792;Constantina;Sevilla;Andalucia;2013;Apr;Animalia;Amphibia;Hylidae;Hyla;Hyla meridionalis;Mediterranean Tree Frog
-5.63;37.792;Constantina;Sevilla;Andalucia;2013;Apr;Animalia;Amphibia;Alytidae;Discoglossus;Discoglossus galganoi;Iberian Painted Frog
-5.63;37.792;Constantina;Sevilla;Andalucia;2013;Apr;Animalia;Amphibia;Salamandridae;Lissotriton;Lissotriton boscai;Bosca's Newt
-5.63;37.792;Constantina;Sevilla;Andalucia;2013;Apr;Animalia;Amphibia;Pelobatidae;Pelobates;Pelobates cultripes;Western Spadefoot
-5.63;37.792;Constantina;Sevilla;Andalucia;2013;Apr;Animalia;Amphibia;Salamandridae;Pleurodeles;Pleurodeles waltl;Spanish Ribbed Newt
-5.619;37.755;Constantina;Sevilla;Andalucia;2013;Apr;Animalia;Amphibia;Pelobatidae;Pelobates;Pelobates cultripes;Western Spadefoot
-5.504;37.934;Constantina;Sevilla;Andalucia;2013;May;Animalia;Amphibia;Alytidae;Discoglossus;Discoglossus galganoi;Iberian Painted Frog
-5.504;37.923;Constantina;Sevilla;Andalucia;2013;May;Animalia;Amphibia;Alytidae;Discoglossus;Discoglossus galganoi;Iberian Painted Frog
-5.504;37.934;Constantina;Sevilla;Andalucia;2013;May;Animalia;Amphibia;Salamandridae;Lissotriton;Lissotriton boscai;Bosca's Newt
-5.504;37.934;Constantina;Sevilla;Andalucia;2013;May;Animalia;Amphibia;Bufonidae;Bufo;Bufo spinosus;Spiny Toad
-5.503;37.924;Constantina;Sevilla;Andalucia;2013;May;Animalia;Amphibia;Hylidae;Hyla;Hyla meridionalis;Mediterranean Tree Frog
-5.5;37.829;Constantina;Sevilla;Andalucia;2013;Apr;Animalia;Amphibia;Salamandridae;Salamandra;Salamandra salamandra;Fire Salamander
-5.5;37.829;Constantina;Sevilla;Andalucia;2013;Apr;Animalia;Amphibia;Alytidae;Discoglossus;Discoglossus galganoi;Iberian Painted Frog
-5.5;37.829;Constantina;Sevilla;Andalucia;2013;Apr;Animalia;Amphibia;Hylidae;Hyla;Hyla meridionalis;Mediterranean Tree Frog
-5.5;37.829;Constantina;Sevilla;Andalucia;2013;Apr;Animalia;Amphibia;Pelobatidae;Pelobates;Pelobates cultripes;Western Spadefoot
-5.5;37.829;Constantina;Sevilla;Andalucia;2013;Apr;Animalia;Amphibia;Salamandridae;Pleurodeles;Pleurodeles waltl;Spanish Ribbed Newt
-5.5;37.829;Constantina;Sevilla;Andalucia;2013;Apr;Animalia;Amphibia;Salamandridae;Lissotriton;Lissotriton boscai;Bosca's Newt
-5.485;37.92;Constantina;Sevilla;Andalucia;2013;May;Animalia;Amphibia;Alytidae;Discoglossus;Discoglossus galganoi;Iberian Painted Frog
-5.57;37.856;Constantina;Sevilla;Andalucia;2014;May;Animalia;Amphibia;Hylidae;Hyla;Hyla meridionalis;Mediterranean Tree Frog
-5.57;37.856;Constantina;Sevilla;Andalucia;2014;May;Animalia;Amphibia;Salamandridae;Lissotriton;Lissotriton boscai;Bosca's Newt
-5.548;37.849;Constantina;Sevilla;Andalucia;2014;May;Animalia;Amphibia;Hylidae;Hyla;Hyla meridionalis;Mediterranean Tree Frog
-5.548;37.849;Constantina;Sevilla;Andalucia;2014;May;Animalia;Amphibia;Pelobatidae;Pelobates;Pelobates cultripes;Western Spadefoot
-5.547;37.853;Constantina;Sevilla;Andalucia;2014;May;Animalia;Amphibia;Hylidae;Hyla;Hyla meridionalis;Mediterranean Tree Frog
-5.547;37.853;Constantina;Sevilla;Andalucia;2014;May;Animalia;Amphibia;Pelobatidae;Pelobates;Pelobates cultripes;Western Spadefoot
-5.543;37.834;Constantina;Sevilla;Andalucia;2014;May;Animalia;Amphibia;Alytidae;Discoglossus;Discoglossus galganoi;Iberian Painted Frog
-5.543;37.834;Constantina;Sevilla;Andalucia;2014;May;Animalia;Amphibia;Hylidae;Hyla;Hyla meridionalis;Mediterranean Tree Frog
-5.543;37.834;Constantina;Sevilla;Andalucia;2014;May;Animalia;Amphibia;Pelobatidae;Pelobates;Pelobates cultripes;Western Spadefoot
-5.529;37.825;Constantina;Sevilla;Andalucia;2014;May;Animalia;Amphibia;Hylidae;Hyla;Hyla meridionalis;Mediterranean Tree Frog
-5.638;37.886;Constantina;Sevilla;Andalucia;2015;Jun;Animalia;Amphibia;Salamandridae;Pleurodeles;Pleurodeles waltl;Spanish Ribbed Newt
-5.638;37.886;Constantina;Sevilla;Andalucia;2015;Jun;Animalia;Amphibia;Pelobatidae;Pelobates;Pelobates cultripes;Western Spadefoot
-5.638;37.886;Constantina;Sevilla;Andalucia;2015;Jun;Animalia;Amphibia;Salamandridae;Lissotriton;Lissotriton boscai;Bosca's Newt
-5.605;37.831;Constantina;Sevilla;Andalucia;2015;Feb;Animalia;Amphibia;Salamandridae;Lissotriton;Lissotriton boscai;Bosca's Newt
-5.584;37.761;Constantina;Sevilla;Andalucia;2015;Feb;Animalia;Amphibia;Alytidae;Discoglossus;Discoglossus galganoi;Iberian Painted Frog
-5.584;37.76;Constantina;Sevilla;Andalucia;2015;Feb;Animalia;Amphibia;Salamandridae;Lissotriton;Lissotriton boscai;Bosca's Newt
-5.65;37.9;Constantina;Sevilla;Andalucia;2016;Feb;Animalia;Amphibia;Salamandridae;Salamandra;Salamandra salamandra;Fire Salamander
-5.629;37.925;Constantina;Sevilla;Andalucia;2016;Nov;Animalia;Amphibia;Salamandridae;Pleurodeles;Pleurodeles waltl;Spanish Ribbed Newt
-5.62;37.89;Constantina;Sevilla;Andalucia;2016;Feb;Animalia;Amphibia;Salamandridae;Lissotriton;Lissotriton boscai;Bosca's Newt
-5.612;37.895;Constantina;Sevilla;Andalucia;2016;Feb;Animalia;Amphibia;Salamandridae;Lissotriton;Lissotriton boscai;Bosca's Newt
-5.58;37.85;Constantina;Sevilla;Andalucia;2016;Feb;Animalia;Amphibia;Alytidae;Discoglossus;Discoglossus galganoi;Iberian Painted Frog
-5.57;37.856;Constantina;Sevilla;Andalucia;2016;Feb;Animalia;Amphibia;Alytidae;Discoglossus;Discoglossus galganoi;Iberian Painted Frog
-5.57;37.856;Constantina;Sevilla;Andalucia;2016;Feb;Animalia;Amphibia;Salamandridae;Lissotriton;Lissotriton boscai;Bosca's Newt
-5.55;37.84;Constantina;Sevilla;Andalucia;2016;Feb;Animalia;Amphibia;Hylidae;Hyla;Hyla meridionalis;Mediterranean Tree Frog
-5.55;37.83;Constantina;Sevilla;Andalucia;2016;Feb;Animalia;Amphibia;Hylidae;Hyla;Hyla meridionalis;Mediterranean Tree Frog
-5.548;37.853;Constantina;Sevilla;Andalucia;2016;Feb;Animalia;Amphibia;Hylidae;Hyla;Hyla meridionalis;Mediterranean Tree Frog
-5.547;37.85;Constantina;Sevilla;Andalucia;2016;Feb;Animalia;Amphibia;Hylidae;Hyla;Hyla meridionalis;Mediterranean Tree Frog
-5.543;37.834;Constantina;Sevilla;Andalucia;2016;Feb;Animalia;Amphibia;Hylidae;Hyla;Hyla meridionalis;Mediterranean Tree Frog
-5.543;37.834;Constantina;Sevilla;Andalucia;2016;Feb;Animalia;Amphibia;Alytidae;Discoglossus;Discoglossus galganoi;Iberian Painted Frog
-5.496;37.93;Constantina;Sevilla;Andalucia;2016;Jul;Animalia;Amphibia;Bufonidae;Bufo;Bufo spinosus;Spiny Toad
-5.7;37.85;Constantina;Sevilla;Andalucia;2017;Feb;Animalia;Amphibia;Salamandridae;Salamandra;Salamandra salamandra;Fire Salamander
-5.7;37.92;Constantina;Sevilla;Andalucia;2017;Nov;Animalia;Amphibia;Bufonidae;Bufo;Bufo spinosus;Spiny Toad
-5.664;37.862;Constantina;Sevilla;Andalucia;2017;Feb;Animalia;Amphibia;Hylidae;Hyla;Hyla meridionalis;Mediterranean Tree Frog
-5.664;37.862;Constantina;Sevilla;Andalucia;2017;Feb;Animalia;Amphibia;Salamandridae;Pleurodeles;Pleurodeles waltl;Spanish Ribbed Newt
-5.664;37.862;Constantina;Sevilla;Andalucia;2017;Feb;Animalia;Amphibia;Pelobatidae;Pelobates;Pelobates cultripes;Western Spadefoot
-5.655;37.875;Constantina;Sevilla;Andalucia;2017;Feb;Animalia;Amphibia;Salamandridae;Lissotriton;Lissotriton boscai;Bosca's Newt
-5.634;37.865;Constantina;Sevilla;Andalucia;2017;Feb;Animalia;Amphibia;Salamandridae;Lissotriton;Lissotriton boscai;Bosca's Newt
-5.628;37.863;Constantina;Sevilla;Andalucia;2017;Mar;Animalia;Amphibia;Pelobatidae;Pelobates;Pelobates cultripes;Western Spadefoot
-5.612;37.895;Constantina;Sevilla;Andalucia;2017;Feb;Animalia;Amphibia;Salamandridae;Lissotriton;Lissotriton boscai;Bosca's Newt
-5.6;37.9;Constantina;Sevilla;Andalucia;2017;Feb;Animalia;Amphibia;Salamandridae;Salamandra;Salamandra salamandra;Fire Salamander
-5.59;37.807;Constantina;Sevilla;Andalucia;2017;Feb;Animalia;Amphibia;Pelobatidae;Pelobates;Pelobates cultripes;Western Spadefoot
-5.55;37.94;Constantina;Sevilla;Andalucia;2017;Feb;Animalia;Amphibia;Hylidae;Hyla;Hyla meridionalis;Mediterranean Tree Frog
-5.55;37.94;Constantina;Sevilla;Andalucia;2017;Feb;Animalia;Amphibia;Salamandridae;Lissotriton;Lissotriton boscai;Bosca's Newt
-5.75;37.9;Constantina;Sevilla;Andalucia;2018;Feb;Animalia;Amphibia;Salamandridae;Salamandra;Salamandra salamandra;Fire Salamander
-5.704;37.931;Constantina;Sevilla;Andalucia;2018;Feb;Animalia;Amphibia;Alytidae;Discoglossus;Discoglossus galganoi;Iberian Painted Frog
-5.704;37.932;Constantina;Sevilla;Andalucia;2018;Feb;Animalia;Amphibia;Alytidae;Discoglossus;Discoglossus galganoi;Iberian Painted Frog
-5.612;37.895;Constantina;Sevilla;Andalucia;2018;Feb;Animalia;Amphibia;Hylidae;Hyla;Hyla meridionalis;Mediterranean Tree Frog
-5.611;37.895;Constantina;Sevilla;Andalucia;2018;Feb;Animalia;Amphibia;Hylidae;Hyla;Hyla meridionalis;Mediterranean Tree Frog
-5.609;37.91;Constantina;Sevilla;Andalucia;2018;Feb;Animalia;Amphibia;Bufonidae;Bufo;Bufo spinosus;Spiny Toad
-5.607;37.913;Constantina;Sevilla;Andalucia;2018;Feb;Animalia;Amphibia;Bufonidae;Bufo;Bufo spinosus;Spiny Toad
-5.584;37.937;Constantina;Sevilla;Andalucia;2018;Feb;Animalia;Amphibia;Alytidae;Discoglossus;Discoglossus galganoi;Iberian Painted Frog
-5.57;37.934;Constantina;Sevilla;Andalucia;2018;Feb;Animalia;Amphibia;Pelobatidae;Pelobates;Pelobates cultripes;Western Spadefoot
-5.656;37.876;Constantina;Sevilla;Andalucia;2019;Mar;Animalia;Amphibia;Salamandridae;Lissotriton;Lissotriton boscai;Bosca's Newt
-5.647;37.827;Constantina;Sevilla;Andalucia;2019;Mar;Animalia;Amphibia;Pelobatidae;Pelobates;Pelobates cultripes;Western Spadefoot
-5.587;37.886;Constantina;Sevilla;Andalucia;2019;Mar;Animalia;Amphibia;Bufonidae;Bufo;Bufo spinosus;Spiny Toad
-5.543;37.834;Constantina;Sevilla;Andalucia;2019;Mar;Animalia;Amphibia;Alytidae;Discoglossus;Discoglossus galganoi;Iberian Painted Frog
-5.656;37.876;Constantina;Sevilla;Andalucia;2020;Feb;Animalia;Amphibia;Salamandridae;Lissotriton;Lissotriton boscai;Bosca's Newt
-5.655;37.875;Constantina;Sevilla;Andalucia;2020;Feb;Animalia;Amphibia;Hylidae;Hyla;Hyla meridionalis;Mediterranean Tree Frog
-5.655;37.875;Constantina;Sevilla;Andalucia;2020;Feb;Animalia;Amphibia;Salamandridae;Lissotriton;Lissotriton boscai;Bosca's Newt
-5.65;37.85;Constantina;Sevilla;Andalucia;2020;Feb;Animalia;Amphibia;Salamandridae;Salamandra;Salamandra salamandra;Fire Salamander
-5.628;37.863;Constantina;Sevilla;Andalucia;2020;Feb;Animalia;Amphibia;Salamandridae;Pleurodeles;Pleurodeles waltl;Spanish Ribbed Newt
-5.614;37.828;Constantina;Sevilla;Andalucia;2020;Feb;Animalia;Amphibia;Salamandridae;Pleurodeles;Pleurodeles waltl;Spanish Ribbed Newt
-5.613;37.825;Constantina;Sevilla;Andalucia;2020;Feb;Animalia;Amphibia;Hylidae;Hyla;Hyla meridionalis;Mediterranean Tree Frog
-5.612;37.825;Constantina;Sevilla;Andalucia;2020;Feb;Animalia;Amphibia;Hylidae;Hyla;Hyla meridionalis;Mediterranean Tree Frog
-5.612;37.905;Constantina;Sevilla;Andalucia;2020;Feb;Animalia;Amphibia;Bufonidae;Bufo;Bufo spinosus;Spiny Toad
-5.607;37.914;Constantina;Sevilla;Andalucia;2020;Feb;Animalia;Amphibia;Bufonidae;Bufo;Bufo spinosus;Spiny Toad
-5.6;37.9;Constantina;Sevilla;Andalucia;2020;Feb;Animalia;Amphibia;Salamandridae;Salamandra;Salamandra salamandra;Fire Salamander
-5.589;37.89;Constantina;Sevilla;Andalucia;2020;Feb;Animalia;Amphibia;Alytidae;Discoglossus;Discoglossus galganoi;Iberian Painted Frog
-5.572;37.859;Constantina;Sevilla;Andalucia;2020;Feb;Animalia;Amphibia;Hylidae;Hyla;Hyla meridionalis;Mediterranean Tree Frog
-5.572;37.859;Constantina;Sevilla;Andalucia;2020;Feb;Animalia;Amphibia;Salamandridae;Lissotriton;Lissotriton boscai;Bosca's Newt
-5.57;37.856;Constantina;Sevilla;Andalucia;2020;Feb;Animalia;Amphibia;Hylidae;Hyla;Hyla meridionalis;Mediterranean Tree Frog
-5.57;37.856;Constantina;Sevilla;Andalucia;2020;Feb;Animalia;Amphibia;Salamandridae;Lissotriton;Lissotriton boscai;Bosca's Newt
-5.557;37.741;Constantina;Sevilla;Andalucia;2020;Feb;Animalia;Amphibia;Salamandridae;Pleurodeles;Pleurodeles waltl;Spanish Ribbed Newt
-5.553;37.912;Constantina;Sevilla;Andalucia;2020;Feb;Animalia;Amphibia;Salamandridae;Lissotriton;Lissotriton boscai;Bosca's Newt
-5.552;37.912;Constantina;Sevilla;Andalucia;2020;Feb;Animalia;Amphibia;Salamandridae;Lissotriton;Lissotriton boscai;Bosca's Newt
-5.551;37.911;Constantina;Sevilla;Andalucia;2020;Feb;Animalia;Amphibia;Salamandridae;Lissotriton;Lissotriton boscai;Bosca's Newt
-5.55;37.9;Constantina;Sevilla;Andalucia;2020;Feb;Animalia;Amphibia;Salamandridae;Salamandra;Salamandra salamandra;Fire Salamander
-5.55;37.91;Constantina;Sevilla;Andalucia;2020;Feb;Animalia;Amphibia;Salamandridae;Salamandra;Salamandra salamandra;Fire Salamander
-5.548;37.849;Constantina;Sevilla;Andalucia;2020;Feb;Animalia;Amphibia;Pelobatidae;Pelobates;Pelobates cultripes;Western Spadefoot
-5.547;37.853;Constantina;Sevilla;Andalucia;2020;Feb;Animalia;Amphibia;Pelobatidae;Pelobates;Pelobates cultripes;Western Spadefoot
-5.547;37.849;Constantina;Sevilla;Andalucia;2020;Feb;Animalia;Amphibia;Bufonidae;Bufo;Bufo spinosus;Spiny Toad
-5.546;37.853;Constantina;Sevilla;Andalucia;2020;Feb;Animalia;Amphibia;Salamandridae;Pleurodeles;Pleurodeles waltl;Spanish Ribbed Newt
-5.524;37.913;Constantina;Sevilla;Andalucia;2020;Feb;Animalia;Amphibia;Bufonidae;Bufo;Bufo spinosus;Spiny Toad
-5.517;37.914;Constantina;Sevilla;Andalucia;2020;Feb;Animalia;Amphibia;Salamandridae;Pleurodeles;Pleurodeles waltl;Spanish Ribbed Newt
-5.517;37.913;Constantina;Sevilla;Andalucia;2020;Feb;Animalia;Amphibia;Salamandridae;Pleurodeles;Pleurodeles waltl;Spanish Ribbed Newt
-5.512;37.91;Constantina;Sevilla;Andalucia;2020;Feb;Animalia;Amphibia;Hylidae;Hyla;Hyla meridionalis;Mediterranean Tree Frog
-5.512;37.91;Constantina;Sevilla;Andalucia;2020;Feb;Animalia;Amphibia;Salamandridae;Pleurodeles;Pleurodeles waltl;Spanish Ribbed Newt
-5.512;37.91;Constantina;Sevilla;Andalucia;2020;Feb;Animalia;Amphibia;Pelobatidae;Pelobates;Pelobates cultripes;Western Spadefoot
-5.512;37.911;Constantina;Sevilla;Andalucia;2020;Feb;Animalia;Amphibia;Salamandridae;Pleurodeles;Pleurodeles waltl;Spanish Ribbed Newt
-5.502;37.904;Constantina;Sevilla;Andalucia;2020;Feb;Animalia;Amphibia;Salamandridae;Pleurodeles;Pleurodeles waltl;Spanish Ribbed Newt
-5.501;37.904;Constantina;Sevilla;Andalucia;2020;Feb;Animalia;Amphibia;Salamandridae;Salamandra;Salamandra salamandra;Fire Salamander
-5.501;37.904;Constantina;Sevilla;Andalucia;2020;Feb;Animalia;Amphibia;Alytidae;Discoglossus;Discoglossus galganoi;Iberian Painted Frog
-5.61;37.839;Constantina;Sevilla;Andalucia;2011;May;Animalia;Mammalia;Herpestidae;Herpestes;Herpestes ichneumon;Egyptian Mongoose
-5.608;37.838;Constantina;Sevilla;Andalucia;2017;Aug;Animalia;Mammalia;Herpestidae;Herpestes;Herpestes ichneumon;Egyptian Mongoose
-5.662;37.905;Constantina;Sevilla;Andalucia;2018;Mar;Animalia;Mammalia;Herpestidae;Herpestes;Herpestes ichneumon;Egyptian Mongoose
-6.184;37.207;Dehesa de Abajo;Sevilla;Andalucia;2013;Aug;Animalia;Aves;Fringillidae;Fringilla;Fringilla coelebs;Common Chaffinch
-6.184;37.207;Dehesa de Abajo;Sevilla;Andalucia;2013;May;Animalia;Aves;Podicipedidae;Podiceps;Podiceps nigricollis;Eared Grebe
-6.184;37.207;Dehesa de Abajo;Sevilla;Andalucia;2013;Aug;Animalia;Aves;Podicipedidae;Tachybaptus;Tachybaptus ruficollis;Little Grebe
-6.184;37.207;Dehesa de Abajo;Sevilla;Andalucia;2015;Aug;Animalia;Aves;Threskiornithidae;Platalea;Platalea leucorodia;Eurasian Spoonbill
-6.184;37.207;Dehesa de Abajo;Sevilla;Andalucia;2015;Sep;Animalia;Aves;Anatidae;Anas;Mareca penelope;Eurasian Wigeon
-6.184;37.207;Dehesa de Abajo;Sevilla;Andalucia;2015;May;Animalia;Aves;Anatidae;Tadorna;Tadorna tadorna;Common Shelduck
-6.184;37.207;Dehesa de Abajo;Sevilla;Andalucia;2015;Sep;Animalia;Aves;Anatidae;Netta;Netta rufina;Red-crested Pochard
-6.184;37.207;Dehesa de Abajo;Sevilla;Andalucia;2015;Aug;Animalia;Aves;Podicipedidae;Tachybaptus;Tachybaptus ruficollis;Little Grebe
-6.184;37.207;Dehesa de Abajo;Sevilla;Andalucia;2015;Aug;Animalia;Aves;Ardeidae;Ardea;Ardea alba;Great Egret
-6.184;37.207;Dehesa de Abajo;Sevilla;Andalucia;2017;May;Animalia;Aves;Podicipedidae;Podiceps;Podiceps nigricollis;Eared Grebe
-6.184;37.207;Dehesa de Abajo;Sevilla;Andalucia;2017;Sep;Animalia;Aves;Anatidae;Netta;Netta rufina;Red-crested Pochard
-6.184;37.207;Dehesa de Abajo;Sevilla;Andalucia;2017;Sep;Animalia;Aves;Anatidae;Anas;Mareca penelope;Eurasian Wigeon
-6.184;37.207;Dehesa de Abajo;Sevilla;Andalucia;2017;Aug;Animalia;Aves;Threskiornithidae;Plegadis;Plegadis falcinellus;Glossy Ibis
-6.184;37.207;Dehesa de Abajo;Sevilla;Andalucia;2017;May;Animalia;Aves;Anatidae;Tadorna;Tadorna tadorna;Common Shelduck
-6.184;37.207;Dehesa de Abajo;Sevilla;Andalucia;2017;Aug;Animalia;Aves;Podicipedidae;Tachybaptus;Tachybaptus ruficollis;Little Grebe
-6.184;37.207;Dehesa de Abajo;Sevilla;Andalucia;2018;Sep;Animalia;Aves;Anatidae;Netta;Netta rufina;Red-crested Pochard
-6.184;37.207;Dehesa de Abajo;Sevilla;Andalucia;2019;May;Animalia;Aves;Podicipedidae;Podiceps;Podiceps nigricollis;Eared Grebe
-6.171;37.215;Dehesa de Abajo;Sevilla;Andalucia;2005;Sep;Animalia;Aves;Anatidae;Netta;Netta rufina;Pato colorado
-6.171;37.215;Dehesa de Abajo;Sevilla;Andalucia;2006;Aug;Animalia;Aves;Threskiornithidae;Platalea;Platalea leucorodia;Espatula comun
-6.171;37.215;Dehesa de Abajo;Sevilla;Andalucia;2010;Sep;Animalia;Aves;Anatidae;Netta;Netta rufina;Pato colorado
-6.171;37.215;Dehesa de Abajo;Sevilla;Andalucia;2010;Aug;Animalia;Aves;Podicipedidae;Tachybaptus;Tachybaptus ruficollis;Zampullin comun
-6.171;37.215;Dehesa de Abajo;Sevilla;Andalucia;2011;May;Animalia;Aves;Podicipedidae;Podiceps;Podiceps cristatus;Somormujo lavanco
-6.171;37.215;Dehesa de Abajo;Sevilla;Andalucia;2011;Aug;Animalia;Aves;Threskiornithidae;Plegadis;Plegadis falcinellus;Morito comun
-6.171;37.215;Dehesa de Abajo;Sevilla;Andalucia;2011;Sep;Animalia;Aves;Anatidae;Netta;Netta rufina;Pato colorado
-6.171;37.215;Dehesa de Abajo;Sevilla;Andalucia;2011;Aug;Animalia;Aves;Podicipedidae;Tachybaptus;Tachybaptus ruficollis;Zampullin comun
-6.171;37.215;Dehesa de Abajo;Sevilla;Andalucia;2012;May;Animalia;Aves;Podicipedidae;Podiceps;Podiceps cristatus;Somormujo lavanco
-6.171;37.215;Dehesa de Abajo;Sevilla;Andalucia;2012;May;Animalia;Aves;Podicipedidae;Podiceps;Podiceps nigricollis;Zampullin cuellinegro
-6.171;37.215;Dehesa de Abajo;Sevilla;Andalucia;2012;May;Animalia;Aves;Anatidae;Tadorna;Tadorna tadorna;Tarro blanco
-6.171;37.215;Dehesa de Abajo;Sevilla;Andalucia;2012;Aug;Animalia;Aves;Threskiornithidae;Platalea;Platalea leucorodia;Espatula comun
-6.171;37.215;Dehesa de Abajo;Sevilla;Andalucia;2012;Aug;Animalia;Aves;Threskiornithidae;Plegadis;Plegadis falcinellus;Morito comun
-6.171;37.215;Dehesa de Abajo;Sevilla;Andalucia;2012;Sep;Animalia;Aves;Anatidae;Netta;Netta rufina;Pato colorado
-6.171;37.215;Dehesa de Abajo;Sevilla;Andalucia;2013;Sep;Animalia;Aves;Anatidae;Netta;Netta rufina;Pato colorado
-6.171;37.215;Dehesa de Abajo;Sevilla;Andalucia;2013;May;Animalia;Aves;Podicipedidae;Podiceps;Podiceps nigricollis;Zampullin cuellinegro
-6.171;37.215;Dehesa de Abajo;Sevilla;Andalucia;2014;May;Animalia;Aves;Anatidae;Tadorna;Tadorna tadorna;Tarro blanco
-6.171;37.215;Dehesa de Abajo;Sevilla;Andalucia;2014;Sep;Animalia;Aves;Anatidae;Netta;Netta rufina;Pato colorado
-6.171;37.215;Dehesa de Abajo;Sevilla;Andalucia;2014;Aug;Animalia;Aves;Threskiornithidae;Plegadis;Plegadis falcinellus;Morito comun
-6.19;37.2;Dehesa de Abajo;Sevilla;Andalucia;2020;Aug;Animalia;Mammalia;Mustelidae;Meles;Meles meles;Eurasian Badger
-5.79;37.852;El Pedroso;Sevilla;Andalucia;2011;May;Animalia;Amphibia;Hylidae;Hyla;Hyla meridionalis;Mediterranean Tree Frog
-5.79;37.852;El Pedroso;Sevilla;Andalucia;2011;May;Animalia;Amphibia;Alytidae;Discoglossus;Discoglossus galganoi;Iberian Painted Frog
-5.79;37.852;El Pedroso;Sevilla;Andalucia;2011;May;Animalia;Amphibia;Salamandridae;Lissotriton;Lissotriton boscai;Bosca's Newt
-5.786;37.851;El Pedroso;Sevilla;Andalucia;2011;May;Animalia;Amphibia;Hylidae;Hyla;Hyla meridionalis;Mediterranean Tree Frog
-5.772;37.846;El Pedroso;Sevilla;Andalucia;2011;Feb;Animalia;Amphibia;Alytidae;Discoglossus;Discoglossus galganoi;Iberian Painted Frog
-5.772;37.846;El Pedroso;Sevilla;Andalucia;2011;May;Animalia;Amphibia;Hylidae;Hyla;Hyla meridionalis;Mediterranean Tree Frog
-5.772;37.846;El Pedroso;Sevilla;Andalucia;2011;Feb;Animalia;Amphibia;Salamandridae;Lissotriton;Lissotriton boscai;Bosca's Newt
-5.772;37.846;El Pedroso;Sevilla;Andalucia;2011;May;Animalia;Amphibia;Salamandridae;Lissotriton;Lissotriton boscai;Bosca's Newt
-5.751;37.816;El Pedroso;Sevilla;Andalucia;2011;May;Animalia;Amphibia;Hylidae;Hyla;Hyla meridionalis;Mediterranean Tree Frog
-5.751;37.816;El Pedroso;Sevilla;Andalucia;2011;May;Animalia;Amphibia;Salamandridae;Pleurodeles;Pleurodeles waltl;Spanish Ribbed Newt
-5.751;37.816;El Pedroso;Sevilla;Andalucia;2011;May;Animalia;Amphibia;Salamandridae;Lissotriton;Lissotriton boscai;Bosca's Newt
-5.751;37.816;El Pedroso;Sevilla;Andalucia;2011;May;Animalia;Amphibia;Pelobatidae;Pelobates;Pelobates cultripes;Western Spadefoot
-5.75;37.809;El Pedroso;Sevilla;Andalucia;2011;May;Animalia;Amphibia;Hylidae;Hyla;Hyla meridionalis;Mediterranean Tree Frog
-5.75;37.809;El Pedroso;Sevilla;Andalucia;2011;May;Animalia;Amphibia;Salamandridae;Pleurodeles;Pleurodeles waltl;Spanish Ribbed Newt
-5.75;37.809;El Pedroso;Sevilla;Andalucia;2011;May;Animalia;Amphibia;Pelodytidae;Pelodytes;Pelodytes ibericus;Iberian Parsley Frog
-5.787;37.851;El Pedroso;Sevilla;Andalucia;2012;May;Animalia;Amphibia;Salamandridae;Lissotriton;Lissotriton boscai;Bosca's Newt
-5.772;37.846;El Pedroso;Sevilla;Andalucia;2012;May;Animalia;Amphibia;Salamandridae;Lissotriton;Lissotriton boscai;Bosca's Newt
-5.752;37.808;El Pedroso;Sevilla;Andalucia;2012;May;Animalia;Amphibia;Pelobatidae;Pelobates;Pelobates cultripes;Western Spadefoot
-5.752;37.812;El Pedroso;Sevilla;Andalucia;2012;May;Animalia;Amphibia;Pelobatidae;Pelobates;Pelobates cultripes;Western Spadefoot
-5.751;37.808;El Pedroso;Sevilla;Andalucia;2012;May;Animalia;Amphibia;Pelobatidae;Pelobates;Pelobates cultripes;Western Spadefoot
-5.895;37.822;El Pedroso;Sevilla;Andalucia;2013;Apr;Animalia;Amphibia;Hylidae;Hyla;Hyla meridionalis;Mediterranean Tree Frog
-5.895;37.822;El Pedroso;Sevilla;Andalucia;2013;Apr;Animalia;Amphibia;Alytidae;Discoglossus;Discoglossus galganoi;Iberian Painted Frog
-5.895;37.822;El Pedroso;Sevilla;Andalucia;2013;Apr;Animalia;Amphibia;Salamandridae;Pleurodeles;Pleurodeles waltl;Spanish Ribbed Newt
-5.895;37.822;El Pedroso;Sevilla;Andalucia;2013;Apr;Animalia;Amphibia;Pelobatidae;Pelobates;Pelobates cultripes;Western Spadefoot
-5.849;37.738;El Pedroso;Sevilla;Andalucia;2013;Apr;Animalia;Amphibia;Hylidae;Hyla;Hyla meridionalis;Mediterranean Tree Frog
-5.849;37.738;El Pedroso;Sevilla;Andalucia;2013;Apr;Animalia;Amphibia;Pelobatidae;Pelobates;Pelobates cultripes;Western Spadefoot
-5.849;37.738;El Pedroso;Sevilla;Andalucia;2013;Apr;Animalia;Amphibia;Salamandridae;Pleurodeles;Pleurodeles waltl;Spanish Ribbed Newt
-5.849;37.738;El Pedroso;Sevilla;Andalucia;2013;Apr;Animalia;Amphibia;Pelodytidae;Pelodytes;Pelodytes ibericus;Iberian Parsley Frog
-5.833;37.728;El Pedroso;Sevilla;Andalucia;2013;Feb;Animalia;Amphibia;Pelobatidae;Pelobates;Pelobates cultripes;Western Spadefoot
-5.833;37.728;El Pedroso;Sevilla;Andalucia;2013;Feb;Animalia;Amphibia;Pelodytidae;Pelodytes;Pelodytes ibericus;Iberian Parsley Frog
-5.832;37.73;El Pedroso;Sevilla;Andalucia;2013;Feb;Animalia;Amphibia;Hylidae;Hyla;Hyla meridionalis;Mediterranean Tree Frog
-5.787;37.851;El Pedroso;Sevilla;Andalucia;2013;Feb;Animalia;Amphibia;Hylidae;Hyla;Hyla meridionalis;Mediterranean Tree Frog
-5.787;37.851;El Pedroso;Sevilla;Andalucia;2013;Feb;Animalia;Amphibia;Salamandridae;Lissotriton;Lissotriton boscai;Bosca's Newt
-5.786;37.853;El Pedroso;Sevilla;Andalucia;2013;Feb;Animalia;Amphibia;Pelodytidae;Pelodytes;Pelodytes ibericus;Iberian Parsley Frog
-5.75;37.816;El Pedroso;Sevilla;Andalucia;2013;Feb;Animalia;Amphibia;Hylidae;Hyla;Hyla meridionalis;Mediterranean Tree Frog
-5.75;37.816;El Pedroso;Sevilla;Andalucia;2013;Feb;Animalia;Amphibia;Salamandridae;Lissotriton;Lissotriton boscai;Bosca's Newt
-5.853;37.756;El Pedroso;Sevilla;Andalucia;2015;Feb;Animalia;Amphibia;Hylidae;Hyla;Hyla meridionalis;Mediterranean Tree Frog
-5.851;37.754;El Pedroso;Sevilla;Andalucia;2015;Feb;Animalia;Amphibia;Pelodytidae;Pelodytes;Pelodytes ibericus;Iberian Parsley Frog
-5.833;37.731;El Pedroso;Sevilla;Andalucia;2015;Feb;Animalia;Amphibia;Salamandridae;Pleurodeles;Pleurodeles waltl;Spanish Ribbed Newt
-5.833;37.73;El Pedroso;Sevilla;Andalucia;2015;Feb;Animalia;Amphibia;Pelodytidae;Pelodytes;Pelodytes ibericus;Iberian Parsley Frog
-5.793;37.835;El Pedroso;Sevilla;Andalucia;2015;Feb;Animalia;Amphibia;Salamandridae;Pleurodeles;Pleurodeles waltl;Spanish Ribbed Newt
-5.792;37.834;El Pedroso;Sevilla;Andalucia;2015;Feb;Animalia;Amphibia;Alytidae;Discoglossus;Discoglossus galganoi;Iberian Painted Frog
-5.792;37.835;El Pedroso;Sevilla;Andalucia;2015;Feb;Animalia;Amphibia;Alytidae;Discoglossus;Discoglossus galganoi;Iberian Painted Frog
-5.775;37.831;El Pedroso;Sevilla;Andalucia;2015;Feb;Animalia;Amphibia;Pelobatidae;Pelobates;Pelobates cultripes;Western Spadefoot
-5.774;37.831;El Pedroso;Sevilla;Andalucia;2015;Feb;Animalia;Amphibia;Salamandridae;Pleurodeles;Pleurodeles waltl;Spanish Ribbed Newt
-5.84;37.73;El Pedroso;Sevilla;Andalucia;2016;Feb;Animalia;Amphibia;Pelodytidae;Pelodytes;Pelodytes ibericus;Iberian Parsley Frog
-5.833;37.73;El Pedroso;Sevilla;Andalucia;2016;Feb;Animalia;Amphibia;Pelodytidae;Pelodytes;Pelodytes ibericus;Iberian Parsley Frog
-5.832;37.731;El Pedroso;Sevilla;Andalucia;2016;Feb;Animalia;Amphibia;Salamandridae;Pleurodeles;Pleurodeles waltl;Spanish Ribbed Newt
-5.832;37.731;El Pedroso;Sevilla;Andalucia;2016;Feb;Animalia;Amphibia;Pelodytidae;Pelodytes;Pelodytes ibericus;Iberian Parsley Frog
-5.794;37.811;El Pedroso;Sevilla;Andalucia;2016;Sep;Animalia;Amphibia;Salamandridae;Pleurodeles;Pleurodeles waltl;Spanish Ribbed Newt
-5.789;37.817;El Pedroso;Sevilla;Andalucia;2016;Jul;Animalia;Amphibia;Salamandridae;Pleurodeles;Pleurodeles waltl;Spanish Ribbed Newt
-5.776;37.829;El Pedroso;Sevilla;Andalucia;2016;May;Animalia;Amphibia;Pelobatidae;Pelobates;Pelobates cultripes;Western Spadefoot
-5.76;37.81;El Pedroso;Sevilla;Andalucia;2016;Feb;Animalia;Amphibia;Alytidae;Discoglossus;Discoglossus galganoi;Iberian Painted Frog
-5.751;37.81;El Pedroso;Sevilla;Andalucia;2016;Feb;Animalia;Amphibia;Alytidae;Discoglossus;Discoglossus galganoi;Iberian Painted Frog
-5.751;37.809;El Pedroso;Sevilla;Andalucia;2016;Feb;Animalia;Amphibia;Salamandridae;Lissotriton;Lissotriton boscai;Bosca's Newt
-5.87;37.717;El Pedroso;Sevilla;Andalucia;2017;Feb;Animalia;Amphibia;Hylidae;Hyla;Hyla meridionalis;Mediterranean Tree Frog
-5.848;37.752;El Pedroso;Sevilla;Andalucia;2017;Mar;Animalia;Amphibia;Hylidae;Hyla;Hyla meridionalis;Mediterranean Tree Frog
-5.81;37.87;El Pedroso;Sevilla;Andalucia;2017;Oct;Animalia;Amphibia;Pelobatidae;Pelobates;Pelobates cultripes;Western Spadefoot
-5.8;37.86;El Pedroso;Sevilla;Andalucia;2017;Oct;Animalia;Amphibia;Pelobatidae;Pelobates;Pelobates cultripes;Western Spadefoot
-5.8;37.88;El Pedroso;Sevilla;Andalucia;2017;Oct;Animalia;Amphibia;Pelobatidae;Pelobates;Pelobates cultripes;Western Spadefoot
-5.798;37.876;El Pedroso;Sevilla;Andalucia;2017;Oct;Animalia;Amphibia;Pelobatidae;Pelobates;Pelobates cultripes;Western Spadefoot
-5.797;37.872;El Pedroso;Sevilla;Andalucia;2017;Oct;Animalia;Amphibia;Pelobatidae;Pelobates;Pelobates cultripes;Western Spadefoot
-5.79;37.86;El Pedroso;Sevilla;Andalucia;2017;Nov;Animalia;Amphibia;Pelobatidae;Pelobates;Pelobates cultripes;Western Spadefoot
-5.787;37.857;El Pedroso;Sevilla;Andalucia;2017;Oct;Animalia;Amphibia;Pelobatidae;Pelobates;Pelobates cultripes;Western Spadefoot
-5.785;37.855;El Pedroso;Sevilla;Andalucia;2017;Oct;Animalia;Amphibia;Pelobatidae;Pelobates;Pelobates cultripes;Western Spadefoot
-5.75;37.808;El Pedroso;Sevilla;Andalucia;2017;Feb;Animalia;Amphibia;Salamandridae;Lissotriton;Lissotriton boscai;Bosca's Newt
-5.74;37.83;El Pedroso;Sevilla;Andalucia;2017;Oct;Animalia;Amphibia;Bufonidae;Bufo;Bufo spinosus;Spiny Toad
-5.752;37.815;El Pedroso;Sevilla;Andalucia;2018;Feb;Animalia;Amphibia;Bufonidae;Bufo;Bufo spinosus;Spiny Toad
-5.751;37.81;El Pedroso;Sevilla;Andalucia;2018;Feb;Animalia;Amphibia;Alytidae;Discoglossus;Discoglossus galganoi;Iberian Painted Frog
-5.751;37.81;El Pedroso;Sevilla;Andalucia;2018;Feb;Animalia;Amphibia;Salamandridae;Pleurodeles;Pleurodeles waltl;Spanish Ribbed Newt
-5.832;37.73;El Pedroso;Sevilla;Andalucia;2019;Mar;Animalia;Amphibia;Pelodytidae;Pelodytes;Pelodytes ibericus;Iberian Parsley Frog
-5.753;37.815;El Pedroso;Sevilla;Andalucia;2019;Mar;Animalia;Amphibia;Alytidae;Discoglossus;Discoglossus galganoi;Iberian Painted Frog
-5.751;37.811;El Pedroso;Sevilla;Andalucia;2019;Mar;Animalia;Amphibia;Salamandridae;Pleurodeles;Pleurodeles waltl;Spanish Ribbed Newt
-5.731;37.83;El Pedroso;Sevilla;Andalucia;2019;Feb;Animalia;Amphibia;Alytidae;Discoglossus;Discoglossus galganoi;Iberian Painted Frog
-5.718;37.808;El Pedroso;Sevilla;Andalucia;2019;Feb;Animalia;Amphibia;Hylidae;Hyla;Hyla meridionalis;Mediterranean Tree Frog
-5.853;37.756;El Pedroso;Sevilla;Andalucia;2020;Feb;Animalia;Amphibia;Salamandridae;Pleurodeles;Pleurodeles waltl;Spanish Ribbed Newt
-5.848;37.741;El Pedroso;Sevilla;Andalucia;2020;Feb;Animalia;Amphibia;Salamandridae;Pleurodeles;Pleurodeles waltl;Spanish Ribbed Newt
-5.833;37.729;El Pedroso;Sevilla;Andalucia;2020;Feb;Animalia;Amphibia;Salamandridae;Pleurodeles;Pleurodeles waltl;Spanish Ribbed Newt
-5.754;37.817;El Pedroso;Sevilla;Andalucia;2020;Feb;Animalia;Amphibia;Salamandridae;Pleurodeles;Pleurodeles waltl;Spanish Ribbed Newt
-5.752;37.812;El Pedroso;Sevilla;Andalucia;2020;Feb;Animalia;Amphibia;Salamandridae;Pleurodeles;Pleurodeles waltl;Spanish Ribbed Newt
-5.751;37.811;El Pedroso;Sevilla;Andalucia;2020;Feb;Animalia;Amphibia;Salamandridae;Pleurodeles;Pleurodeles waltl;Spanish Ribbed Newt
-6.179;37.935;El Real de la Jara;Sevilla;Andalucia;2013;Mar;Animalia;Amphibia;Alytidae;Discoglossus;Discoglossus galganoi;Iberian Painted Frog
-6.179;37.935;El Real de la Jara;Sevilla;Andalucia;2013;Mar;Animalia;Amphibia;Hylidae;Hyla;Hyla meridionalis;Mediterranean Tree Frog
-6.179;37.935;El Real de la Jara;Sevilla;Andalucia;2013;Mar;Animalia;Amphibia;Salamandridae;Pleurodeles;Pleurodeles waltl;Spanish Ribbed Newt
-6.179;37.935;El Real de la Jara;Sevilla;Andalucia;2013;Mar;Animalia;Amphibia;Pelobatidae;Pelobates;Pelobates cultripes;Western Spadefoot
-6.167;37.924;El Real de la Jara;Sevilla;Andalucia;2013;May;Animalia;Amphibia;Alytidae;Discoglossus;Discoglossus galganoi;Iberian Painted Frog
-6.167;37.924;El Real de la Jara;Sevilla;Andalucia;2013;May;Animalia;Amphibia;Hylidae;Hyla;Hyla meridionalis;Mediterranean Tree Frog
-6.167;37.924;El Real de la Jara;Sevilla;Andalucia;2013;May;Animalia;Amphibia;Salamandridae;Pleurodeles;Pleurodeles waltl;Spanish Ribbed Newt
-6.163;37.929;El Real de la Jara;Sevilla;Andalucia;2013;May;Animalia;Amphibia;Hylidae;Hyla;Hyla meridionalis;Mediterranean Tree Frog
-6.163;37.929;El Real de la Jara;Sevilla;Andalucia;2013;May;Animalia;Amphibia;Pelobatidae;Pelobates;Pelobates cultripes;Western Spadefoot
-6.163;37.929;El Real de la Jara;Sevilla;Andalucia;2013;May;Animalia;Amphibia;Salamandridae;Pleurodeles;Pleurodeles waltl;Spanish Ribbed Newt
-6.156;37.936;El Real de la Jara;Sevilla;Andalucia;2013;May;Animalia;Amphibia;Hylidae;Hyla;Hyla meridionalis;Mediterranean Tree Frog
-6.156;37.936;El Real de la Jara;Sevilla;Andalucia;2013;May;Animalia;Amphibia;Pelobatidae;Pelobates;Pelobates cultripes;Western Spadefoot
-6.156;37.936;El Real de la Jara;Sevilla;Andalucia;2013;May;Animalia;Amphibia;Salamandridae;Pleurodeles;Pleurodeles waltl;Spanish Ribbed Newt
-6.143;37.937;El Real de la Jara;Sevilla;Andalucia;2013;May;Animalia;Amphibia;Salamandridae;Lissotriton;Lissotriton boscai;Bosca's Newt
-6.136;37.921;El Real de la Jara;Sevilla;Andalucia;2013;May;Animalia;Amphibia;Hylidae;Hyla;Hyla meridionalis;Mediterranean Tree Frog
-6.136;37.921;El Real de la Jara;Sevilla;Andalucia;2013;May;Animalia;Amphibia;Salamandridae;Lissotriton;Lissotriton boscai;Bosca's Newt
-6.134;37.922;El Real de la Jara;Sevilla;Andalucia;2013;May;Animalia;Amphibia;Hylidae;Hyla;Hyla meridionalis;Mediterranean Tree Frog
-6.134;37.922;El Real de la Jara;Sevilla;Andalucia;2013;May;Animalia;Amphibia;Salamandridae;Pleurodeles;Pleurodeles waltl;Spanish Ribbed Newt
-6.134;37.922;El Real de la Jara;Sevilla;Andalucia;2013;May;Animalia;Amphibia;Pelobatidae;Pelobates;Pelobates cultripes;Western Spadefoot
-6.133;37.922;El Real de la Jara;Sevilla;Andalucia;2013;May;Animalia;Amphibia;Bufonidae;Bufo;Bufo spinosus;Spiny Toad
-6.106;37.943;El Real de la Jara;Sevilla;Andalucia;2013;May;Animalia;Amphibia;Alytidae;Discoglossus;Discoglossus galganoi;Iberian Painted Frog
-6.106;37.943;El Real de la Jara;Sevilla;Andalucia;2013;May;Animalia;Amphibia;Hylidae;Hyla;Hyla meridionalis;Mediterranean Tree Frog
-6.096;37.948;El Real de la Jara;Sevilla;Andalucia;2013;Mar;Animalia;Amphibia;Alytidae;Discoglossus;Discoglossus galganoi;Iberian Painted Frog
-6.096;37.948;El Real de la Jara;Sevilla;Andalucia;2013;Mar;Animalia;Amphibia;Hylidae;Hyla;Hyla meridionalis;Mediterranean Tree Frog
-6.096;37.948;El Real de la Jara;Sevilla;Andalucia;2013;Mar;Animalia;Amphibia;Pelobatidae;Pelobates;Pelobates cultripes;Western Spadefoot
-6.096;37.948;El Real de la Jara;Sevilla;Andalucia;2013;Mar;Animalia;Amphibia;Salamandridae;Lissotriton;Lissotriton boscai;Bosca's Newt
-6.096;37.948;El Real de la Jara;Sevilla;Andalucia;2013;Mar;Animalia;Amphibia;Salamandridae;Pleurodeles;Pleurodeles waltl;Spanish Ribbed Newt
-6.077;37.923;El Real de la Jara;Sevilla;Andalucia;2013;May;Animalia;Amphibia;Pelobatidae;Pelobates;Pelobates cultripes;Western Spadefoot
-6.182;37.935;El Real de la Jara;Sevilla;Andalucia;2017;Feb;Animalia;Amphibia;Salamandridae;Lissotriton;Lissotriton boscai;Bosca's Newt
-6.129;37.941;El Real de la Jara;Sevilla;Andalucia;2020;Feb;Animalia;Amphibia;Salamandridae;Pleurodeles;Pleurodeles waltl;Spanish Ribbed Newt
-6.107;37.943;El Real de la Jara;Sevilla;Andalucia;2020;Feb;Animalia;Amphibia;Hylidae;Hyla;Hyla meridionalis;Mediterranean Tree Frog
-2.52;41.505; Almazan;Soria;Castilla-La Mancha;2018;Aug;Animalia;Aves;Podicipedidae;Tachybaptus;Tachybaptus ruficollis;Little Grebe
-2.385;41.588;Azud de Almarail ;Soria;Castilla-La Mancha;2001;May;Animalia;Aves;Podicipedidae;Podiceps;Podiceps cristatus;Somormujo lavanco
-2.547;41.844;Azud del Campillo de Buitrago ;Soria;Castilla-La Mancha;2003;Aug;Animalia;Aves;Podicipedidae;Tachybaptus;Tachybaptus ruficollis;Zampullin comun
-2.747;41.853;Embalse de la Cuerda del Pozo ;Soria;Castilla-La Mancha;2000;May;Animalia;Aves;Podicipedidae;Podiceps;Podiceps cristatus;Somormujo lavanco
-2.747;41.853;Embalse de la Cuerda del Pozo ;Soria;Castilla-La Mancha;2002;May;Animalia;Aves;Podicipedidae;Podiceps;Podiceps cristatus;Somormujo lavanco
-2.747;41.853;Embalse de la Cuerda del Pozo ;Soria;Castilla-La Mancha;2004;May;Animalia;Aves;Podicipedidae;Podiceps;Podiceps cristatus;Somormujo lavanco
-2.449;41.73;Embalse de Los Rabanos ;Soria;Castilla-La Mancha;2004;Aug;Animalia;Aves;Podicipedidae;Tachybaptus;Tachybaptus ruficollis;Zampullin comun
-2.181;41.39;Embalse de Monteagudo, Monteagudo de Las Vicarias ;Soria;Castilla-La Mancha;2000;May;Animalia;Aves;Podicipedidae;Podiceps;Podiceps cristatus;Somormujo lavanco
-2.181;41.39;Embalse de Monteagudo, Monteagudo de Las Vicarias ;Soria;Castilla-La Mancha;2001;May;Animalia;Aves;Podicipedidae;Podiceps;Podiceps cristatus;Somormujo lavanco
-2.181;41.39;Embalse de Monteagudo, Monteagudo de Las Vicarias ;Soria;Castilla-La Mancha;2002;May;Animalia;Aves;Podicipedidae;Podiceps;Podiceps cristatus;Somormujo lavanco
-2.181;41.39;Embalse de Monteagudo, Monteagudo de Las Vicarias ;Soria;Castilla-La Mancha;2002;Aug;Animalia;Aves;Podicipedidae;Tachybaptus;Tachybaptus ruficollis;Zampullin comun
-2.181;41.39;Embalse de Monteagudo, Monteagudo de Las Vicarias ;Soria;Castilla-La Mancha;2003;May;Animalia;Aves;Podicipedidae;Podiceps;Podiceps cristatus;Somormujo lavanco
-2.181;41.39;Embalse de Monteagudo, Monteagudo de Las Vicarias ;Soria;Castilla-La Mancha;2003;Aug;Animalia;Aves;Podicipedidae;Tachybaptus;Tachybaptus ruficollis;Zampullin comun
-2.181;41.39;Embalse de Monteagudo, Monteagudo de Las Vicarias ;Soria;Castilla-La Mancha;2004;May;Animalia;Aves;Podicipedidae;Podiceps;Podiceps cristatus;Somormujo lavanco
-2.181;41.39;Embalse de Monteagudo, Monteagudo de Las Vicarias ;Soria;Castilla-La Mancha;2004;Aug;Animalia;Aves;Podicipedidae;Tachybaptus;Tachybaptus ruficollis;Zampullin comun
-3.928;43.024;Embalse del Ebro (S-BU);Soria;Castilla-La Mancha;2004;May;Animalia;Aves;Podicipedidae;Podiceps;Podiceps cristatus;Somormujo lavanco
-3.928;43.024;Embalse del Ebro (S-BU);Soria;Castilla-La Mancha;2004;May;Animalia;Aves;Podicipedidae;Podiceps;Podiceps nigricollis;Zampullin cuellinegro
-3.928;43.024;Embalse del Ebro (S-BU);Soria;Castilla-La Mancha;2004;Aug;Animalia;Aves;Podicipedidae;Tachybaptus;Tachybaptus ruficollis;Zampullin comun
-3.884;43.387;Laguna Pozon de La Dolores ;Soria;Castilla-La Mancha;2001;May;Animalia;Aves;Podicipedidae;Podiceps;Podiceps cristatus;Somormujo lavanco
-3.884;43.387;Laguna Pozon de La Dolores ;Soria;Castilla-La Mancha;2001;Aug;Animalia;Aves;Podicipedidae;Tachybaptus;Tachybaptus ruficollis;Zampullin comun
-3.834;43.404;Marismas Blancas ;Soria;Castilla-La Mancha;2001;Aug;Animalia;Aves;Podicipedidae;Tachybaptus;Tachybaptus ruficollis;Zampullin comun
-3.821;43.411;Marismas de Alday ;Soria;Castilla-La Mancha;2001;Aug;Animalia;Aves;Podicipedidae;Tachybaptus;Tachybaptus ruficollis;Zampullin comun
-3.822;43.426;Marismas de Parayas ;Soria;Castilla-La Mancha;2001;May;Animalia;Aves;Podicipedidae;Podiceps;Podiceps cristatus;Somormujo lavanco
-3.822;43.426;Marismas de Parayas ;Soria;Castilla-La Mancha;2001;May;Animalia;Aves;Podicipedidae;Podiceps;Podiceps nigricollis;Zampullin cuellinegro
-3.822;43.426;Marismas de Parayas ;Soria;Castilla-La Mancha;2001;Aug;Animalia;Aves;Podicipedidae;Tachybaptus;Tachybaptus ruficollis;Zampullin comun
-3.05;41.583;Burgo de Osma;Soria;Castilla-La Mancha;2004;May;Animalia;Aves;Tytonidae;Tyto;Tyto alba;Lechuza comun
0.692;40.771; Camarles;Tarragona;Cataluna;2009;Apr;Animalia;Reptilia;Lacertidae;Timon;Timon lepidus;Ocellated Lizard
0.692;40.771; Camarles;Tarragona;Cataluna;2009;Jun;Animalia;Reptilia;Lacertidae;Timon;Timon lepidus;Ocellated Lizard
0.692;40.771; Camarles;Tarragona;Cataluna;2009;Jul;Animalia;Reptilia;Lacertidae;Timon;Timon lepidus;Ocellated Lizard
0.692;40.771; Camarles;Tarragona;Cataluna;2009;Aug;Animalia;Reptilia;Lacertidae;Timon;Timon lepidus;Ocellated Lizard
0.786;40.66; Carrer Eucaliptus;Tarragona;Cataluna;2018;Aug;Animalia;Aves;Threskiornithidae;Plegadis;Plegadis falcinellus;Glossy Ibis
1.367;41.15;Altafulla;Tarragona;Cataluna;2001;May;Animalia;Aves;Tytonidae;Tyto;Tyto alba;Lechuza comun
0.633;40.667;Amposta;Tarragona;Cataluna;2004;May;Animalia;Aves;Tytonidae;Tyto;Tyto alba;Lechuza comun
0.702;40.67;Amposta;Tarragona;Cataluna;2017;Aug;Animalia;Aves;Ardeidae;Ardea;Ardea alba;Great Egret
0.639;40.654;Amposta;Tarragona;Cataluna;2018;Aug;Animalia;Aves;Podicipedidae;Tachybaptus;Tachybaptus ruficollis;Little Grebe
0.699;40.646;Amposta;Tarragona;Cataluna;2019;Aug;Animalia;Aves;Threskiornithidae;Plegadis;Plegadis falcinellus;Glossy Ibis
1.173;41.058;Cabo de Salou ;Tarragona;Cataluna;2002;May;Animalia;Aves;Podicipedidae;Podiceps;Podiceps cristatus;Somormujo lavanco
1.173;41.058;Cabo de Salou ;Tarragona;Cataluna;2003;May;Animalia;Aves;Podicipedidae;Podiceps;Podiceps cristatus;Somormujo lavanco
0.804;40.716;Delta del Ebro ;Tarragona;Cataluna;2000;May;Animalia;Aves;Podicipedidae;Podiceps;Podiceps cristatus;Somormujo lavanco
0.804;40.716;Delta del Ebro ;Tarragona;Cataluna;2000;Aug;Animalia;Aves;Threskiornithidae;Platalea;Platalea leucorodia;Espatula comun
0.804;40.716;Delta del Ebro ;Tarragona;Cataluna;2000;May;Animalia;Aves;Anatidae;Tadorna;Tadorna tadorna;Tarro blanco
0.804;40.716;Delta del Ebro ;Tarragona;Cataluna;2000;Sep;Animalia;Aves;Anatidae;Netta;Netta rufina;Pato colorado
0.804;40.716;Delta del Ebro ;Tarragona;Cataluna;2000;May;Animalia;Aves;Podicipedidae;Podiceps;Podiceps nigricollis;Zampullin cuellinegro
0.804;40.716;Delta del Ebro ;Tarragona;Cataluna;2000;Aug;Animalia;Aves;Threskiornithidae;Plegadis;Plegadis falcinellus;Morito comun
0.804;40.716;Delta del Ebro ;Tarragona;Cataluna;2000;Aug;Animalia;Aves;Ardeidae;Ardea;Egretta alba;Garceta grande
0.804;40.716;Delta del Ebro ;Tarragona;Cataluna;2000;Aug;Animalia;Aves;Ardeidae;Nycticorax;Nycticorax nycticorax;Martinete comun
0.804;40.716;Delta del Ebro ;Tarragona;Cataluna;2000;Aug;Animalia;Aves;Podicipedidae;Tachybaptus;Tachybaptus ruficollis;Zampullin comun
0.804;40.716;Delta del Ebro ;Tarragona;Cataluna;2001;May;Animalia;Aves;Podicipedidae;Podiceps;Podiceps cristatus;Somormujo lavanco
0.804;40.716;Delta del Ebro ;Tarragona;Cataluna;2001;May;Animalia;Aves;Anatidae;Tadorna;Tadorna tadorna;Tarro blanco
0.804;40.716;Delta del Ebro ;Tarragona;Cataluna;2001;May;Animalia;Aves;Podicipedidae;Podiceps;Podiceps nigricollis;Zampullin cuellinegro
0.804;40.716;Delta del Ebro ;Tarragona;Cataluna;2001;Aug;Animalia;Aves;Threskiornithidae;Platalea;Platalea leucorodia;Espatula comun
0.804;40.716;Delta del Ebro ;Tarragona;Cataluna;2001;May;Animalia;Aves;Podicipedidae;Podiceps;Podiceps auritus;Zampullin cuellirrojo
0.804;40.716;Delta del Ebro ;Tarragona;Cataluna;2001;Dec;Animalia;Aves;Threskiornithidae;Plegadis;Plegadis falcinellus;Morito comun
0.804;40.716;Delta del Ebro ;Tarragona;Cataluna;2001;Sep;Animalia;Aves;Anatidae;Netta;Netta rufina;Pato colorado
0.804;40.716;Delta del Ebro ;Tarragona;Cataluna;2001;Dec;Animalia;Aves;Ardeidae;Ardea;Egretta alba;Garceta grande
0.804;40.716;Delta del Ebro ;Tarragona;Cataluna;2001;Dec;Animalia;Aves;Ardeidae;Ardeola;Ardeola ralloides;Garcilla cangrejera
0.804;40.716;Delta del Ebro ;Tarragona;Cataluna;2001;Dec;Animalia;Aves;Ardeidae;Nycticorax;Nycticorax nycticorax;Martinete comun
0.804;40.716;Delta del Ebro ;Tarragona;Cataluna;2001;Dec;Animalia;Aves;Podicipedidae;Tachybaptus;Tachybaptus ruficollis;Zampullin comun
0.804;40.716;Delta del Ebro ;Tarragona;Cataluna;2002;May;Animalia;Aves;Podicipedidae;Podiceps;Podiceps cristatus;Somormujo lavanco
0.804;40.716;Delta del Ebro ;Tarragona;Cataluna;2002;May;Animalia;Aves;Podicipedidae;Podiceps;Podiceps nigricollis;Zampullin cuellinegro
0.804;40.716;Delta del Ebro ;Tarragona;Cataluna;2002;Dec;Animalia;Aves;Threskiornithidae;Plegadis;Plegadis falcinellus;Morito comun
0.804;40.716;Delta del Ebro ;Tarragona;Cataluna;2002;May;Animalia;Aves;Anatidae;Tadorna;Tadorna tadorna;Tarro blanco
0.804;40.716;Delta del Ebro ;Tarragona;Cataluna;2002;Dec;Animalia;Aves;Threskiornithidae;Platalea;Platalea leucorodia;Espatula comun
0.804;40.716;Delta del Ebro ;Tarragona;Cataluna;2002;May;Animalia;Aves;Podicipedidae;Podiceps;Podiceps auritus;Zampullin cuellirrojo
0.804;40.716;Delta del Ebro ;Tarragona;Cataluna;2002;Sep;Animalia;Aves;Anatidae;Netta;Netta rufina;Pato colorado
0.804;40.716;Delta del Ebro ;Tarragona;Cataluna;2002;Dec;Animalia;Aves;Ardeidae;Ardea;Egretta alba;Garceta grande
0.804;40.716;Delta del Ebro ;Tarragona;Cataluna;2002;Dec;Animalia;Aves;Ardeidae;Nycticorax;Nycticorax nycticorax;Martinete comun
0.804;40.716;Delta del Ebro ;Tarragona;Cataluna;2002;Dec;Animalia;Aves;Ardeidae;Ardeola;Ardeola ralloides;Garcilla cangrejera
0.804;40.716;Delta del Ebro ;Tarragona;Cataluna;2002;Dec;Animalia;Aves;Podicipedidae;Tachybaptus;Tachybaptus ruficollis;Zampullin comun
0.804;40.716;Delta del Ebro ;Tarragona;Cataluna;2003;May;Animalia;Aves;Podicipedidae;Podiceps;Podiceps cristatus;Somormujo lavanco
0.804;40.716;Delta del Ebro ;Tarragona;Cataluna;2003;Dec;Animalia;Aves;Threskiornithidae;Plegadis;Plegadis falcinellus;Morito comun
0.804;40.716;Delta del Ebro ;Tarragona;Cataluna;2003;Dec;Animalia;Aves;Threskiornithidae;Platalea;Platalea leucorodia;Espatula comun
0.804;40.716;Delta del Ebro ;Tarragona;Cataluna;2003;May;Animalia;Aves;Podicipedidae;Podiceps;Podiceps nigricollis;Zampullin cuellinegro
0.804;40.716;Delta del Ebro ;Tarragona;Cataluna;2003;Sep;Animalia;Aves;Anatidae;Netta;Netta rufina;Pato colorado
0.804;40.716;Delta del Ebro ;Tarragona;Cataluna;2003;May;Animalia;Aves;Anatidae;Tadorna;Tadorna tadorna;Tarro blanco
1.225;41.108;Desembocadura del Rio Francoli ;Tarragona;Cataluna;2002;Dec;Animalia;Aves;Podicipedidae;Tachybaptus;Tachybaptus ruficollis;Zampullin comun
1.323;41.202;Embalse de GaiA  ;Tarragona;Cataluna;2002;May;Animalia;Aves;Podicipedidae;Podiceps;Podiceps cristatus;Somormujo lavanco
0.36;40.714;Mas de Barberans;Tarragona;Cataluna;2016;Mar;Animalia;Mammalia;Bovidae;Capra;Capra pyrenaica;South-eastern Spanish Ibex
1.219;42.006;Puerto de Tarragona ;Tarragona;Cataluna;2001;May;Animalia;Aves;Podicipedidae;Podiceps;Podiceps cristatus;Somormujo lavanco
1.219;42.006;Puerto de Tarragona ;Tarragona;Cataluna;2003;May;Animalia;Aves;Podicipedidae;Podiceps;Podiceps cristatus;Somormujo lavanco
1.369;41.134;RNFS Desembocadura GaiA  ;Tarragona;Cataluna;2003;May;Animalia;Aves;Podicipedidae;Podiceps;Podiceps cristatus;Somormujo lavanco
0.569;41.242;RNFS Sebes i Meandre Flix ;Tarragona;Cataluna;2001;Dec;Animalia;Aves;Podicipedidae;Tachybaptus;Tachybaptus ruficollis;Zampullin comun
0.569;41.242;RNFS Sebes i Meandre Flix ;Tarragona;Cataluna;2002;May;Animalia;Aves;Podicipedidae;Podiceps;Podiceps cristatus;Somormujo lavanco
0.569;41.242;RNFS Sebes i Meandre Flix ;Tarragona;Cataluna;2002;Dec;Animalia;Aves;Podicipedidae;Tachybaptus;Tachybaptus ruficollis;Zampullin comun
1.421;41.148;Salats i Muntanyans ;Tarragona;Cataluna;2001;Dec;Animalia;Aves;Podicipedidae;Tachybaptus;Tachybaptus ruficollis;Zampullin comun
1.421;41.148;Salats i Muntanyans ;Tarragona;Cataluna;2002;May;Animalia;Aves;Podicipedidae;Podiceps;Podiceps cristatus;Somormujo lavanco
1.421;41.148;Salats i Muntanyans ;Tarragona;Cataluna;2002;Dec;Animalia;Aves;Podicipedidae;Tachybaptus;Tachybaptus ruficollis;Zampullin comun
1.421;41.148;Salats i Muntanyans ;Tarragona;Cataluna;2003;May;Animalia;Aves;Anatidae;Tadorna;Tadorna tadorna;Tarro blanco
0.286;40.895;Tarragona;Tarragona;Cataluna;2010;Aug;Animalia;Mammalia;Bovidae;Capra;Capra pyrenaica;Iberian Ibex
0.344;40.803;Tarragona;Tarragona;Cataluna;2010;Aug;Animalia;Mammalia;Bovidae;Capra;Capra pyrenaica;South-eastern Spanish Ibex
0.296;40.897;Tarragona;Tarragona;Cataluna;2012;Dec;Animalia;Mammalia;Bovidae;Capra;Capra pyrenaica;Iberian Ibex
0.8;42.15;Tarragona;Tarragona;Cataluna;2012;Jul;Animalia;Mammalia;Mustelidae;Meles;Meles meles;Eurasian Badger
1.815;41.598;Tarragona;Tarragona;Cataluna;2012;Mar;Animalia;Mammalia;Bovidae;Capra;Capra pyrenaica;South-eastern Spanish Ibex
0.303;40.838;Tarragona;Tarragona;Cataluna;2013;Apr;Animalia;Mammalia;Bovidae;Capra;Capra pyrenaica;Iberian Ibex
0.344;40.802;Tarragona;Tarragona;Cataluna;2013;Apr;Animalia;Mammalia;Bovidae;Capra;Capra pyrenaica;Iberian Ibex
0.348;40.811;Tarragona;Tarragona;Cataluna;2014;Mar;Animalia;Mammalia;Bovidae;Capra;Capra pyrenaica;Iberian Ibex
0.365;40.824;Tarragona;Tarragona;Cataluna;2014;Mar;Animalia;Mammalia;Bovidae;Capra;Capra pyrenaica;Iberian Ibex
0.383;40.91;Tarragona;Tarragona;Cataluna;2014;Mar;Animalia;Mammalia;Bovidae;Capra;Capra pyrenaica;Iberian Ibex
0.434;40.924;Tarragona;Tarragona;Cataluna;2014;Mar;Animalia;Mammalia;Bovidae;Capra;Capra pyrenaica;Iberian Ibex
2.653;42.062;Tarragona;Tarragona;Cataluna;2006;Jun;Animalia;Amphibia;Alytidae;Alytes;Alytes obstetricans;Midwife Toad
0.819;42.573;Tarragona;Tarragona;Cataluna;2010;Jul;Animalia;Amphibia;Salamandridae;Calotriton;Calotriton asper;Pyrenean Brook Newt
2.35;41.75;Tarragona;Tarragona;Cataluna;2010;Apr;Animalia;Amphibia;Salamandridae;Salamandra;Salamandra salamandra;Fire Salamander
2.55;42.2;Tarragona;Tarragona;Cataluna;2010;Jul;Animalia;Amphibia;Salamandridae;Salamandra;Salamandra salamandra;Fire Salamander
2.58;42.243;Tarragona;Tarragona;Cataluna;2010;Jul;Animalia;Amphibia;Hylidae;Hyla;Hyla meridionalis;Mediterranean Tree Frog
2.58;42.243;Tarragona;Tarragona;Cataluna;2010;Aug;Animalia;Amphibia;Hylidae;Hyla;Hyla meridionalis;Mediterranean Tree Frog
2.581;42.243;Tarragona;Tarragona;Cataluna;2010;Jul;Animalia;Amphibia;Hylidae;Hyla;Hyla meridionalis;Mediterranean Tree Frog
2.581;42.243;Tarragona;Tarragona;Cataluna;2010;Aug;Animalia;Amphibia;Hylidae;Hyla;Hyla meridionalis;Mediterranean Tree Frog
2.583;42.243;Tarragona;Tarragona;Cataluna;2010;Jul;Animalia;Amphibia;Hylidae;Hyla;Hyla meridionalis;Mediterranean Tree Frog
2.48;42.017;Tarragona;Tarragona;Cataluna;2012;Apr;Animalia;Amphibia;Bufonidae;Bufo;Bufo spinosus;Spiny Toad
0.658;40.807;Tarragona;Tarragona;Cataluna;2014;Apr;Animalia;Amphibia;Bufonidae;Bufo;Bufo spinosus;Spiny Toad
0.873;40.947;Tramo costero L'Ampolla-Salou ;Tarragona;Cataluna;2003;May;Animalia;Aves;Podicipedidae;Podiceps;Podiceps cristatus;Somormujo lavanco
0.805;40.668;Delta de l'Ebre PNat-- El Serrallo;Tarragona;Cataluna;2018;Dec;Animalia;Aves;Ardeidae;Ardea;Ardea alba;Great Egret
0.827;40.688;Delta de l'Ebre PNat--Area general;Tarragona;Cataluna;2002;Dec;Animalia;Aves;Fringillidae;Fringilla;Fringilla coelebs;Common Chaffinch
0.827;40.688;Delta de l'Ebre PNat--Area general;Tarragona;Cataluna;2002;Oct;Animalia;Aves;Upupidae;Upupa;Upupa epops;Eurasian Hoopoe
0.827;40.688;Delta de l'Ebre PNat--Area general;Tarragona;Cataluna;2004;Sep;Animalia;Aves;Anatidae;Anas;Mareca penelope;Eurasian Wigeon
0.827;40.688;Delta de l'Ebre PNat--Area general;Tarragona;Cataluna;2004;Dec;Animalia;Aves;Threskiornithidae;Plegadis;Plegadis falcinellus;Glossy Ibis
0.827;40.688;Delta de l'Ebre PNat--Area general;Tarragona;Cataluna;2004;Aug;Animalia;Aves;Anatidae;Netta;Netta rufina;Red-crested Pochard
0.827;40.688;Delta de l'Ebre PNat--Area general;Tarragona;Cataluna;2004;May;Animalia;Aves;Anatidae;Tadorna;Tadorna tadorna;Common Shelduck
0.827;40.688;Delta de l'Ebre PNat--Area general;Tarragona;Cataluna;2004;May;Animalia;Aves;Podicipedidae;Podiceps;Podiceps nigricollis;Eared Grebe
0.827;40.688;Delta de l'Ebre PNat--Area general;Tarragona;Cataluna;2007;May;Animalia;Aves;Podicipedidae;Podiceps;Podiceps cristatus;Great Crested Grebe
0.827;40.688;Delta de l'Ebre PNat--Area general;Tarragona;Cataluna;2007;May;Animalia;Aves;Podicipedidae;Podiceps;Podiceps nigricollis;Eared Grebe
0.827;40.688;Delta de l'Ebre PNat--Area general;Tarragona;Cataluna;2007;May;Animalia;Aves;Anatidae;Tadorna;Tadorna tadorna;Common Shelduck
0.827;40.688;Delta de l'Ebre PNat--Area general;Tarragona;Cataluna;2007;Aug;Animalia;Aves;Anatidae;Netta;Netta rufina;Red-crested Pochard
0.827;40.688;Delta de l'Ebre PNat--Area general;Tarragona;Cataluna;2007;Dec;Animalia;Aves;Ardeidae;Ardea;Ardea alba;Great Egret
0.827;40.688;Delta de l'Ebre PNat--Area general;Tarragona;Cataluna;2007;Dec;Animalia;Aves;Podicipedidae;Tachybaptus;Tachybaptus ruficollis;Little Grebe
0.827;40.688;Delta de l'Ebre PNat--Area general;Tarragona;Cataluna;2009;May;Animalia;Aves;Podicipedidae;Podiceps;Podiceps cristatus;Great Crested Grebe
0.827;40.688;Delta de l'Ebre PNat--Area general;Tarragona;Cataluna;2009;Oct;Animalia;Aves;Upupidae;Upupa;Upupa epops;Eurasian Hoopoe
0.827;40.688;Delta de l'Ebre PNat--Area general;Tarragona;Cataluna;2009;Dec;Animalia;Aves;Fringillidae;Fringilla;Fringilla coelebs;Common Chaffinch
0.827;40.688;Delta de l'Ebre PNat--Area general;Tarragona;Cataluna;2009;May;Animalia;Aves;Anatidae;Tadorna;Tadorna tadorna;Common Shelduck
0.827;40.688;Delta de l'Ebre PNat--Area general;Tarragona;Cataluna;2009;Dec;Animalia;Aves;Threskiornithidae;Plegadis;Plegadis falcinellus;Glossy Ibis
0.827;40.688;Delta de l'Ebre PNat--Area general;Tarragona;Cataluna;2009;Aug;Animalia;Aves;Anatidae;Anas;Mareca penelope;Eurasian Wigeon
0.827;40.688;Delta de l'Ebre PNat--Area general;Tarragona;Cataluna;2009;Aug;Animalia;Aves;Anatidae;Netta;Netta rufina;Red-crested Pochard
0.827;40.688;Delta de l'Ebre PNat--Area general;Tarragona;Cataluna;2009;Dec;Animalia;Aves;Ardeidae;Ardea;Ardea alba;Great Egret
0.827;40.688;Delta de l'Ebre PNat--Area general;Tarragona;Cataluna;2009;Dec;Animalia;Aves;Podicipedidae;Tachybaptus;Tachybaptus ruficollis;Little Grebe
0.827;40.688;Delta de l'Ebre PNat--Area general;Tarragona;Cataluna;2009;Dec;Animalia;Aves;Ardeidae;Ardeola;Ardeola ralloides;Squacco Heron
0.827;40.688;Delta de l'Ebre PNat--Area general;Tarragona;Cataluna;2010;May;Animalia;Aves;Podicipedidae;Podiceps;Podiceps cristatus;Great Crested Grebe
0.827;40.688;Delta de l'Ebre PNat--Area general;Tarragona;Cataluna;2010;Oct;Animalia;Aves;Upupidae;Upupa;Upupa epops;Eurasian Hoopoe
0.827;40.688;Delta de l'Ebre PNat--Area general;Tarragona;Cataluna;2010;Dec;Animalia;Aves;Fringillidae;Fringilla;Fringilla coelebs;Common Chaffinch
0.827;40.688;Delta de l'Ebre PNat--Area general;Tarragona;Cataluna;2010;Aug;Animalia;Aves;Anatidae;Netta;Netta rufina;Red-crested Pochard
0.827;40.688;Delta de l'Ebre PNat--Area general;Tarragona;Cataluna;2010;May;Animalia;Aves;Anatidae;Tadorna;Tadorna tadorna;Common Shelduck
0.827;40.688;Delta de l'Ebre PNat--Area general;Tarragona;Cataluna;2010;May;Animalia;Aves;Podicipedidae;Podiceps;Podiceps nigricollis;Eared Grebe
0.827;40.688;Delta de l'Ebre PNat--Area general;Tarragona;Cataluna;2010;Dec;Animalia;Aves;Ardeidae;Ardea;Ardea alba;Great Egret
0.827;40.688;Delta de l'Ebre PNat--Area general;Tarragona;Cataluna;2010;Dec;Animalia;Aves;Podicipedidae;Tachybaptus;Tachybaptus ruficollis;Little Grebe
0.827;40.688;Delta de l'Ebre PNat--Area general;Tarragona;Cataluna;2012;Dec;Animalia;Aves;Fringillidae;Fringilla;Fringilla coelebs;Common Chaffinch
0.827;40.688;Delta de l'Ebre PNat--Area general;Tarragona;Cataluna;2012;May;Animalia;Aves;Podicipedidae;Podiceps;Podiceps cristatus;Great Crested Grebe
0.827;40.688;Delta de l'Ebre PNat--Area general;Tarragona;Cataluna;2012;Oct;Animalia;Aves;Upupidae;Upupa;Upupa epops;Eurasian Hoopoe
0.827;40.688;Delta de l'Ebre PNat--Area general;Tarragona;Cataluna;2012;Aug;Animalia;Aves;Anatidae;Netta;Netta rufina;Red-crested Pochard
0.827;40.688;Delta de l'Ebre PNat--Area general;Tarragona;Cataluna;2012;Dec;Animalia;Aves;Threskiornithidae;Platalea;Platalea leucorodia;Eurasian Spoonbill
0.827;40.688;Delta de l'Ebre PNat--Area general;Tarragona;Cataluna;2012;May;Animalia;Aves;Podicipedidae;Podiceps;Podiceps nigricollis;Eared Grebe
0.827;40.688;Delta de l'Ebre PNat--Area general;Tarragona;Cataluna;2012;Dec;Animalia;Aves;Threskiornithidae;Plegadis;Plegadis falcinellus;Glossy Ibis
0.827;40.688;Delta de l'Ebre PNat--Area general;Tarragona;Cataluna;2012;May;Animalia;Aves;Anatidae;Tadorna;Tadorna tadorna;Common Shelduck
0.827;40.688;Delta de l'Ebre PNat--Area general;Tarragona;Cataluna;2012;Dec;Animalia;Aves;Ardeidae;Ardeola;Ardeola ralloides;Squacco Heron
0.827;40.688;Delta de l'Ebre PNat--Area general;Tarragona;Cataluna;2012;Dec;Animalia;Aves;Ardeidae;Ardea;Ardea alba;Great Egret
0.827;40.688;Delta de l'Ebre PNat--Area general;Tarragona;Cataluna;2012;Dec;Animalia;Aves;Podicipedidae;Tachybaptus;Tachybaptus ruficollis;Little Grebe
0.827;40.688;Delta de l'Ebre PNat--Area general;Tarragona;Cataluna;2015;Dec;Animalia;Aves;Fringillidae;Fringilla;Fringilla coelebs;Common Chaffinch
0.827;40.688;Delta de l'Ebre PNat--Area general;Tarragona;Cataluna;2015;May;Animalia;Aves;Podicipedidae;Podiceps;Podiceps cristatus;Great Crested Grebe
0.827;40.688;Delta de l'Ebre PNat--Area general;Tarragona;Cataluna;2015;May;Animalia;Aves;Podicipedidae;Podiceps;Podiceps nigricollis;Eared Grebe
0.827;40.688;Delta de l'Ebre PNat--Area general;Tarragona;Cataluna;2015;May;Animalia;Aves;Anatidae;Tadorna;Tadorna tadorna;Common Shelduck
0.827;40.688;Delta de l'Ebre PNat--Area general;Tarragona;Cataluna;2015;Dec;Animalia;Aves;Threskiornithidae;Plegadis;Plegadis falcinellus;Glossy Ibis
0.827;40.688;Delta de l'Ebre PNat--Area general;Tarragona;Cataluna;2015;Aug;Animalia;Aves;Anatidae;Anas;Mareca penelope;Eurasian Wigeon
0.827;40.688;Delta de l'Ebre PNat--Area general;Tarragona;Cataluna;2015;Dec;Animalia;Aves;Ardeidae;Ardea;Ardea alba;Great Egret
0.827;40.688;Delta de l'Ebre PNat--Area general;Tarragona;Cataluna;2015;Dec;Animalia;Aves;Podicipedidae;Tachybaptus;Tachybaptus ruficollis;Little Grebe
0.827;40.688;Delta de l'Ebre PNat--Area general;Tarragona;Cataluna;2015;Dec;Animalia;Aves;Ardeidae;Ardeola;Ardeola ralloides;Squacco Heron
0.827;40.688;Delta de l'Ebre PNat--Area general;Tarragona;Cataluna;2017;May;Animalia;Aves;Podicipedidae;Podiceps;Podiceps nigricollis;Eared Grebe
0.827;40.688;Delta de l'Ebre PNat--Area general;Tarragona;Cataluna;2017;May;Animalia;Aves;Anatidae;Tadorna;Tadorna tadorna;Common Shelduck
0.827;40.688;Delta de l'Ebre PNat--Area general;Tarragona;Cataluna;2017;Dec;Animalia;Aves;Threskiornithidae;Plegadis;Plegadis falcinellus;Glossy Ibis
0.827;40.688;Delta de l'Ebre PNat--Area general;Tarragona;Cataluna;2017;Aug;Animalia;Aves;Anatidae;Netta;Netta rufina;Red-crested Pochard
0.827;40.688;Delta de l'Ebre PNat--Area general;Tarragona;Cataluna;2017;Dec;Animalia;Aves;Podicipedidae;Tachybaptus;Tachybaptus ruficollis;Little Grebe
0.827;40.688;Delta de l'Ebre PNat--Area general;Tarragona;Cataluna;2017;Dec;Animalia;Aves;Ardeidae;Ardea;Ardea alba;Great Egret
0.827;40.688;Delta de l'Ebre PNat--Area general;Tarragona;Cataluna;2019;Dec;Animalia;Aves;Podicipedidae;Tachybaptus;Tachybaptus ruficollis;Little Grebe
0.615;40.626;Delta de l'Ebre PNat--Aula Natura PLEGADIS;Tarragona;Cataluna;2019;Dec;Animalia;Aves;Ardeidae;Nycticorax;Nycticorax nycticorax;Black-crowned Night-Heron
0.756;40.773;Delta de l'Ebre PNat--Badia del Fangar area general;Tarragona;Cataluna;2018;May;Animalia;Aves;Podicipedidae;Podiceps;Podiceps auritus;Horned Grebe
0.756;40.773;Delta de l'Ebre PNat--Badia del Fangar area general;Tarragona;Cataluna;2019;Aug;Animalia;Aves;Anatidae;Anas;Mareca penelope;Eurasian Wigeon
0.727;40.63;Delta de l'Ebre PNat--Badia dels Alfacs;Tarragona;Cataluna;2019;Dec;Animalia;Aves;Ardeidae;Ardea;Ardea alba;Great Egret
0.728;40.613;Delta de l'Ebre PNat--Barra del Trabucador (sector central);Tarragona;Cataluna;2004;May;Animalia;Aves;Podicipedidae;Podiceps;Podiceps nigricollis;Eared Grebe
0.711;40.592;Delta de l'Ebre PNat--Barra del Trabucador (tram final);Tarragona;Cataluna;2019;May;Animalia;Aves;Podicipedidae;Podiceps;Podiceps nigricollis;Eared Grebe
0.707;40.787;Delta de l'Ebre PNat--Bassa de les Olles;Tarragona;Cataluna;2016;Dec;Animalia;Aves;Ardeidae;Ardea;Ardea alba;Great Egret
0.707;40.787;Delta de l'Ebre PNat--Bassa de les Olles;Tarragona;Cataluna;2017;Dec;Animalia;Aves;Ardeidae;Ardea;Ardea alba;Great Egret
0.691;40.654;Delta de l'Ebre PNat--El Clot;Tarragona;Cataluna;2019;Dec;Animalia;Aves;Threskiornithidae;Plegadis;Plegadis falcinellus;Glossy Ibis
0.691;40.654;Delta de l'Ebre PNat--El Clot;Tarragona;Cataluna;2019;May;Animalia;Aves;Anatidae;Tadorna;Tadorna tadorna;Common Shelduck
0.691;40.654;Delta de l'Ebre PNat--El Clot;Tarragona;Cataluna;2019;Aug;Animalia;Aves;Anatidae;Netta;Netta rufina;Red-crested Pochard
0.771;40.653;Delta de l'Ebre PNat--Erms de la Tancada;Tarragona;Cataluna;2019;Dec;Animalia;Aves;Ardeidae;Ardea;Ardea alba;Great Egret
0.748;40.745;Delta de l'Ebre PNat--Hemidelta Nord Area General;Tarragona;Cataluna;2019;May;Animalia;Aves;Podicipedidae;Podiceps;Podiceps nigricollis;Eared Grebe
0.689;40.678;Delta de l'Ebre PNat--Hemidelta Sud Area General;Tarragona;Cataluna;2018;May;Animalia;Aves;Podicipedidae;Podiceps;Podiceps cristatus;Great Crested Grebe
0.689;40.678;Delta de l'Ebre PNat--Hemidelta Sud Area General;Tarragona;Cataluna;2018;May;Animalia;Aves;Anatidae;Tadorna;Tadorna tadorna;Common Shelduck
0.689;40.678;Delta de l'Ebre PNat--Hemidelta Sud Area General;Tarragona;Cataluna;2018;Dec;Animalia;Aves;Threskiornithidae;Plegadis;Plegadis falcinellus;Glossy Ibis
0.689;40.678;Delta de l'Ebre PNat--Hemidelta Sud Area General;Tarragona;Cataluna;2018;May;Animalia;Aves;Podicipedidae;Podiceps;Podiceps nigricollis;Eared Grebe
0.689;40.678;Delta de l'Ebre PNat--Hemidelta Sud Area General;Tarragona;Cataluna;2018;Aug;Animalia;Aves;Anatidae;Netta;Netta rufina;Red-crested Pochard
0.689;40.678;Delta de l'Ebre PNat--Hemidelta Sud Area General;Tarragona;Cataluna;2018;Dec;Animalia;Aves;Podicipedidae;Tachybaptus;Tachybaptus ruficollis;Little Grebe
0.689;40.678;Delta de l'Ebre PNat--Hemidelta Sud Area General;Tarragona;Cataluna;2018;Dec;Animalia;Aves;Ardeidae;Ardea;Ardea alba;Great Egret
0.689;40.678;Delta de l'Ebre PNat--Hemidelta Sud Area General;Tarragona;Cataluna;2019;May;Animalia;Aves;Podicipedidae;Podiceps;Podiceps nigricollis;Eared Grebe
0.749;40.648;Delta de l'Ebre PNat--La Tancada;Tarragona;Cataluna;2019;Dec;Animalia;Aves;Threskiornithidae;Plegadis;Plegadis falcinellus;Glossy Ibis
0.749;40.648;Delta de l'Ebre PNat--La Tancada;Tarragona;Cataluna;2019;May;Animalia;Aves;Anatidae;Tadorna;Tadorna tadorna;Common Shelduck
0.749;40.648;Delta de l'Ebre PNat--La Tancada;Tarragona;Cataluna;2019;May;Animalia;Aves;Podicipedidae;Podiceps;Podiceps nigricollis;Eared Grebe
0.67;40.651;Delta de l'Ebre PNat--l'Encanyissada;Tarragona;Cataluna;2004;Aug;Animalia;Aves;Anatidae;Netta;Netta rufina;Red-crested Pochard
0.67;40.651;Delta de l'Ebre PNat--l'Encanyissada;Tarragona;Cataluna;2004;May;Animalia;Aves;Anatidae;Tadorna;Tadorna tadorna;Common Shelduck
0.67;40.651;Delta de l'Ebre PNat--l'Encanyissada;Tarragona;Cataluna;2016;May;Animalia;Aves;Podicipedidae;Podiceps;Podiceps cristatus;Great Crested Grebe
0.67;40.651;Delta de l'Ebre PNat--l'Encanyissada;Tarragona;Cataluna;2016;May;Animalia;Aves;Anatidae;Tadorna;Tadorna tadorna;Common Shelduck
0.67;40.651;Delta de l'Ebre PNat--l'Encanyissada;Tarragona;Cataluna;2016;May;Animalia;Aves;Podicipedidae;Podiceps;Podiceps nigricollis;Eared Grebe
0.67;40.651;Delta de l'Ebre PNat--l'Encanyissada;Tarragona;Cataluna;2016;Dec;Animalia;Aves;Podicipedidae;Tachybaptus;Tachybaptus ruficollis;Little Grebe
0.67;40.651;Delta de l'Ebre PNat--l'Encanyissada;Tarragona;Cataluna;2016;Dec;Animalia;Aves;Ardeidae;Ardea;Ardea alba;Great Egret
0.67;40.651;Delta de l'Ebre PNat--l'Encanyissada;Tarragona;Cataluna;2018;Aug;Animalia;Aves;Anatidae;Anas;Mareca penelope;Eurasian Wigeon
0.67;40.651;Delta de l'Ebre PNat--l'Encanyissada;Tarragona;Cataluna;2019;Dec;Animalia;Aves;Threskiornithidae;Plegadis;Plegadis falcinellus;Glossy Ibis
0.67;40.651;Delta de l'Ebre PNat--l'Encanyissada;Tarragona;Cataluna;2019;Dec;Animalia;Aves;Ardeidae;Ardea;Ardea alba;Great Egret
0.721;40.778;Delta de l'Ebre PNat--Lo Golero;Tarragona;Cataluna;2017;May;Animalia;Aves;Podicipedidae;Podiceps;Podiceps nigricollis;Eared Grebe
0.721;40.778;Delta de l'Ebre PNat--Lo Golero;Tarragona;Cataluna;2017;Dec;Animalia;Aves;Podicipedidae;Tachybaptus;Tachybaptus ruficollis;Little Grebe
0.721;40.778;Delta de l'Ebre PNat--Lo Golero;Tarragona;Cataluna;2018;May;Animalia;Aves;Anatidae;Tadorna;Tadorna tadorna;Common Shelduck
0.721;40.778;Delta de l'Ebre PNat--Lo Golero;Tarragona;Cataluna;2018;Dec;Animalia;Aves;Ardeidae;Ardea;Ardea alba;Great Egret
0.721;40.778;Delta de l'Ebre PNat--Lo Golero;Tarragona;Cataluna;2019;May;Animalia;Aves;Podicipedidae;Podiceps;Podiceps cristatus;Great Crested Grebe
0.721;40.778;Delta de l'Ebre PNat--Lo Golero;Tarragona;Cataluna;2019;Dec;Animalia;Aves;Ardeidae;Ardea;Ardea alba;Great Egret
0.773;40.693;Delta de l'Ebre PNat--Mas de la Comandanta;Tarragona;Cataluna;2019;Dec;Animalia;Aves;Ardeidae;Ardea;Ardea alba;Great Egret
0.695;40.659;Delta de l'Ebre PNat--Mirador de l'Embut;Tarragona;Cataluna;2017;Dec;Animalia;Aves;Ardeidae;Ardea;Ardea alba;Great Egret
0.742;40.63;Delta de l'Ebre PNat--Plataforma del Trabucador;Tarragona;Cataluna;2016;May;Animalia;Aves;Podicipedidae;Podiceps;Podiceps nigricollis;Eared Grebe
0.742;40.63;Delta de l'Ebre PNat--Plataforma del Trabucador;Tarragona;Cataluna;2016;May;Animalia;Aves;Anatidae;Tadorna;Tadorna tadorna;Common Shelduck
0.742;40.63;Delta de l'Ebre PNat--Plataforma del Trabucador;Tarragona;Cataluna;2018;May;Animalia;Aves;Podicipedidae;Podiceps;Podiceps nigricollis;Eared Grebe
0.742;40.63;Delta de l'Ebre PNat--Plataforma del Trabucador;Tarragona;Cataluna;2018;Dec;Animalia;Aves;Ardeidae;Ardea;Ardea alba;Great Egret
0.853;40.684;Delta de l'Ebre PNat--Platja de Migjorn;Tarragona;Cataluna;2016;Dec;Animalia;Aves;Threskiornithidae;Plegadis;Plegadis falcinellus;Glossy Ibis
0.853;40.684;Delta de l'Ebre PNat--Platja de Migjorn;Tarragona;Cataluna;2016;Dec;Animalia;Aves;Ardeidae;Ardea;Ardea alba;Great Egret
0.686;40.654;Delta de l'Ebre PNat--Pont del Traves;Tarragona;Cataluna;2017;Aug;Animalia;Aves;Anatidae;Netta;Netta rufina;Red-crested Pochard
0.686;40.654;Delta de l'Ebre PNat--Pont del Traves;Tarragona;Cataluna;2017;Dec;Animalia;Aves;Ardeidae;Ardea;Ardea alba;Great Egret
0.686;40.654;Delta de l'Ebre PNat--Pont del Traves;Tarragona;Cataluna;2017;Dec;Animalia;Aves;Podicipedidae;Tachybaptus;Tachybaptus ruficollis;Little Grebe
0.775;40.663;Delta de l'Ebre PNat--Riet Vell;Tarragona;Cataluna;2016;Dec;Animalia;Aves;Threskiornithidae;Plegadis;Plegadis falcinellus;Glossy Ibis
0.775;40.663;Delta de l'Ebre PNat--Riet Vell;Tarragona;Cataluna;2016;Dec;Animalia;Aves;Podicipedidae;Tachybaptus;Tachybaptus ruficollis;Little Grebe
0.775;40.663;Delta de l'Ebre PNat--Riet Vell;Tarragona;Cataluna;2017;Dec;Animalia;Aves;Ardeidae;Nycticorax;Nycticorax nycticorax;Black-crowned Night-Heron
0.775;40.663;Delta de l'Ebre PNat--Riet Vell;Tarragona;Cataluna;2018;Dec;Animalia;Aves;Threskiornithidae;Plegadis;Plegadis falcinellus;Glossy Ibis
0.775;40.663;Delta de l'Ebre PNat--Riet Vell;Tarragona;Cataluna;2018;Dec;Animalia;Aves;Podicipedidae;Tachybaptus;Tachybaptus ruficollis;Little Grebe
0.775;40.663;Delta de l'Ebre PNat--Riet Vell;Tarragona;Cataluna;2018;Dec;Animalia;Aves;Ardeidae;Nycticorax;Nycticorax nycticorax;Black-crowned Night-Heron
0.742;40.641;Delta de l'Ebre PNat--Salines de Sant Antoni;Tarragona;Cataluna;2016;May;Animalia;Aves;Podicipedidae;Podiceps;Podiceps cristatus;Great Crested Grebe
0.742;40.641;Delta de l'Ebre PNat--Salines de Sant Antoni;Tarragona;Cataluna;2016;Dec;Animalia;Aves;Ardeidae;Ardea;Ardea alba;Great Egret
0.742;40.641;Delta de l'Ebre PNat--Salines de Sant Antoni;Tarragona;Cataluna;2016;Dec;Animalia;Aves;Podicipedidae;Tachybaptus;Tachybaptus ruficollis;Little Grebe
0.742;40.641;Delta de l'Ebre PNat--Salines de Sant Antoni;Tarragona;Cataluna;2017;Dec;Animalia;Aves;Ardeidae;Ardea;Ardea alba;Great Egret
0.742;40.641;Delta de l'Ebre PNat--Salines de Sant Antoni;Tarragona;Cataluna;2018;Dec;Animalia;Aves;Threskiornithidae;Plegadis;Plegadis falcinellus;Glossy Ibis
0.742;40.641;Delta de l'Ebre PNat--Salines de Sant Antoni;Tarragona;Cataluna;2018;Dec;Animalia;Aves;Ardeidae;Ardea;Ardea alba;Great Egret
0.85;40.687;Delta de l'Ebre PNat--Torre de l'Alfacada;Tarragona;Cataluna;2019;May;Animalia;Aves;Anatidae;Tadorna;Tadorna tadorna;Common Shelduck
0.85;40.687;Delta de l'Ebre PNat--Torre de l'Alfacada;Tarragona;Cataluna;2019;Aug;Animalia;Aves;Anatidae;Netta;Netta rufina;Red-crested Pochard
0.804;40.716;Delta del Ebro ;Tarragona;Cataluna;2004;May;Animalia;Aves;Podicipedidae;Podiceps;Podiceps cristatus;Somormujo lavanco
0.804;40.716;Delta del Ebro ;Tarragona;Cataluna;2004;May;Animalia;Aves;Podicipedidae;Podiceps;Podiceps auritus;Zampullin cuellirrojo
0.804;40.716;Delta del Ebro ;Tarragona;Cataluna;2004;May;Animalia;Aves;Anatidae;Tadorna;Tadorna tadorna;Tarro blanco
0.804;40.716;Delta del Ebro ;Tarragona;Cataluna;2004;Dec;Animalia;Aves;Threskiornithidae;Plegadis;Plegadis falcinellus;Morito comun
0.804;40.716;Delta del Ebro ;Tarragona;Cataluna;2004;May;Animalia;Aves;Podicipedidae;Podiceps;Podiceps nigricollis;Zampullin cuellinegro
0.804;40.716;Delta del Ebro ;Tarragona;Cataluna;2004;Dec;Animalia;Aves;Threskiornithidae;Platalea;Platalea leucorodia;Espatula comun
0.804;40.716;Delta del Ebro ;Tarragona;Cataluna;2004;Aug;Animalia;Aves;Anatidae;Netta;Netta rufina;Pato colorado
0.804;40.716;Delta del Ebro ;Tarragona;Cataluna;2004;Dec;Animalia;Aves;Ardeidae;Nycticorax;Nycticorax nycticorax;Martinete comun
0.804;40.716;Delta del Ebro ;Tarragona;Cataluna;2004;Dec;Animalia;Aves;Ardeidae;Ardeola;Ardeola ralloides;Garcilla cangrejera
0.804;40.716;Delta del Ebro ;Tarragona;Cataluna;2004;Dec;Animalia;Aves;Ardeidae;Ardea;Egretta alba;Garceta grande
0.804;40.716;Delta del Ebro ;Tarragona;Cataluna;2004;Dec;Animalia;Aves;Podicipedidae;Tachybaptus;Tachybaptus ruficollis;Zampullin comun
0.804;40.716;Delta del Ebro ;Tarragona;Cataluna;2005;May;Animalia;Aves;Podicipedidae;Podiceps;Podiceps cristatus;Somormujo lavanco
0.804;40.716;Delta del Ebro ;Tarragona;Cataluna;2005;May;Animalia;Aves;Podicipedidae;Podiceps;Podiceps nigricollis;Zampullin cuellinegro
0.804;40.716;Delta del Ebro ;Tarragona;Cataluna;2005;May;Animalia;Aves;Anatidae;Tadorna;Tadorna tadorna;Tarro blanco
0.804;40.716;Delta del Ebro ;Tarragona;Cataluna;2005;Dec;Animalia;Aves;Threskiornithidae;Plegadis;Plegadis falcinellus;Morito comun
0.804;40.716;Delta del Ebro ;Tarragona;Cataluna;2005;May;Animalia;Aves;Podicipedidae;Podiceps;Podiceps auritus;Zampullin cuellirrojo
0.804;40.716;Delta del Ebro ;Tarragona;Cataluna;2005;Dec;Animalia;Aves;Threskiornithidae;Platalea;Platalea leucorodia;Espatula comun
0.804;40.716;Delta del Ebro ;Tarragona;Cataluna;2005;Aug;Animalia;Aves;Anatidae;Netta;Netta rufina;Pato colorado
0.804;40.716;Delta del Ebro ;Tarragona;Cataluna;2005;Dec;Animalia;Aves;Ardeidae;Nycticorax;Nycticorax nycticorax;Martinete comun
0.804;40.716;Delta del Ebro ;Tarragona;Cataluna;2005;Dec;Animalia;Aves;Ardeidae;Ardeola;Ardeola ralloides;Garcilla cangrejera
0.804;40.716;Delta del Ebro ;Tarragona;Cataluna;2005;Dec;Animalia;Aves;Ardeidae;Ardea;Egretta alba;Garceta grande
0.804;40.716;Delta del Ebro ;Tarragona;Cataluna;2005;Dec;Animalia;Aves;Podicipedidae;Tachybaptus;Tachybaptus ruficollis;Zampullin comun
0.804;40.716;Delta del Ebro ;Tarragona;Cataluna;2006;May;Animalia;Aves;Podicipedidae;Podiceps;Podiceps cristatus;Somormujo lavanco
0.804;40.716;Delta del Ebro ;Tarragona;Cataluna;2006;May;Animalia;Aves;Podicipedidae;Podiceps;Podiceps nigricollis;Zampullin cuellinegro
0.804;40.716;Delta del Ebro ;Tarragona;Cataluna;2006;Dec;Animalia;Aves;Threskiornithidae;Plegadis;Plegadis falcinellus;Morito comun
0.804;40.716;Delta del Ebro ;Tarragona;Cataluna;2006;May;Animalia;Aves;Anatidae;Tadorna;Tadorna tadorna;Tarro blanco
0.804;40.716;Delta del Ebro ;Tarragona;Cataluna;2006;May;Animalia;Aves;Podicipedidae;Podiceps;Podiceps auritus;Zampullin cuellirrojo
0.804;40.716;Delta del Ebro ;Tarragona;Cataluna;2006;Dec;Animalia;Aves;Threskiornithidae;Platalea;Platalea leucorodia;Espatula comun
0.804;40.716;Delta del Ebro ;Tarragona;Cataluna;2006;Aug;Animalia;Aves;Anatidae;Netta;Netta rufina;Pato colorado
0.804;40.716;Delta del Ebro ;Tarragona;Cataluna;2008;May;Animalia;Aves;Podicipedidae;Podiceps;Podiceps cristatus;Somormujo lavanco
0.804;40.716;Delta del Ebro ;Tarragona;Cataluna;2008;May;Animalia;Aves;Podicipedidae;Podiceps;Podiceps auritus;Zampullin cuellirrojo
0.804;40.716;Delta del Ebro ;Tarragona;Cataluna;2008;Dec;Animalia;Aves;Threskiornithidae;Platalea;Platalea leucorodia;Espatula comun
0.804;40.716;Delta del Ebro ;Tarragona;Cataluna;2008;Dec;Animalia;Aves;Threskiornithidae;Plegadis;Plegadis falcinellus;Morito comun
0.804;40.716;Delta del Ebro ;Tarragona;Cataluna;2008;May;Animalia;Aves;Podicipedidae;Podiceps;Podiceps nigricollis;Zampullin cuellinegro
0.804;40.716;Delta del Ebro ;Tarragona;Cataluna;2008;Aug;Animalia;Aves;Anatidae;Netta;Netta rufina;Pato colorado
0.804;40.716;Delta del Ebro ;Tarragona;Cataluna;2008;May;Animalia;Aves;Anatidae;Tadorna;Tadorna tadorna;Tarro blanco
0.804;40.716;Delta del Ebro ;Tarragona;Cataluna;2009;May;Animalia;Aves;Podicipedidae;Podiceps;Podiceps cristatus;Somormujo lavanco
0.804;40.716;Delta del Ebro ;Tarragona;Cataluna;2009;May;Animalia;Aves;Podicipedidae;Podiceps;Podiceps auritus;Zampullin cuellirrojo
0.804;40.716;Delta del Ebro ;Tarragona;Cataluna;2009;May;Animalia;Aves;Anatidae;Tadorna;Tadorna tadorna;Tarro blanco
0.804;40.716;Delta del Ebro ;Tarragona;Cataluna;2009;Dec;Animalia;Aves;Threskiornithidae;Plegadis;Plegadis falcinellus;Morito comun
0.804;40.716;Delta del Ebro ;Tarragona;Cataluna;2009;Dec;Animalia;Aves;Threskiornithidae;Platalea;Platalea leucorodia;Espatula comun
0.804;40.716;Delta del Ebro ;Tarragona;Cataluna;2009;May;Animalia;Aves;Podicipedidae;Podiceps;Podiceps nigricollis;Zampullin cuellinegro
0.804;40.716;Delta del Ebro ;Tarragona;Cataluna;2009;Aug;Animalia;Aves;Anatidae;Netta;Netta rufina;Pato colorado
0.804;40.716;Delta del Ebro ;Tarragona;Cataluna;2011;May;Animalia;Aves;Podicipedidae;Podiceps;Podiceps cristatus;Somormujo lavanco
0.804;40.716;Delta del Ebro ;Tarragona;Cataluna;2011;Dec;Animalia;Aves;Threskiornithidae;Plegadis;Plegadis falcinellus;Morito comun
0.804;40.716;Delta del Ebro ;Tarragona;Cataluna;2011;May;Animalia;Aves;Anatidae;Tadorna;Tadorna tadorna;Tarro blanco
0.804;40.716;Delta del Ebro ;Tarragona;Cataluna;2011;May;Animalia;Aves;Podicipedidae;Podiceps;Podiceps nigricollis;Zampullin cuellinegro
0.804;40.716;Delta del Ebro ;Tarragona;Cataluna;2011;May;Animalia;Aves;Podicipedidae;Podiceps;Podiceps auritus;Zampullin cuellirrojo
0.804;40.716;Delta del Ebro ;Tarragona;Cataluna;2011;Dec;Animalia;Aves;Threskiornithidae;Platalea;Platalea leucorodia;Espatula comun
0.804;40.716;Delta del Ebro ;Tarragona;Cataluna;2011;Aug;Animalia;Aves;Anatidae;Netta;Netta rufina;Pato colorado
0.804;40.716;Delta del Ebro ;Tarragona;Cataluna;2011;Dec;Animalia;Aves;Ardeidae;Ixobrychus;Ixobrychus minutus;Avetorillo comun
0.804;40.716;Delta del Ebro ;Tarragona;Cataluna;2011;Dec;Animalia;Aves;Ardeidae;Nycticorax;Nycticorax nycticorax;Martinete comun
0.804;40.716;Delta del Ebro ;Tarragona;Cataluna;2011;Dec;Animalia;Aves;Ardeidae;Ardea;Egretta alba;Garceta grande
0.804;40.716;Delta del Ebro ;Tarragona;Cataluna;2011;Dec;Animalia;Aves;Ardeidae;Ardeola;Ardeola ralloides;Garcilla cangrejera
0.804;40.716;Delta del Ebro ;Tarragona;Cataluna;2011;Dec;Animalia;Aves;Podicipedidae;Tachybaptus;Tachybaptus ruficollis;Zampullin comun
-17.453;26.418;Tenerife Canary Islands;Santa Cruz de Tenerife;Islas Canarias;2012;Jul;Animalia;Aves;Hirundinidae;Hirundo;Hirundo rustica;Barn Swallow
-0.509;41.094;Albalate;Teruel;Aragon;2014;Dec;Animalia;Aves;Fringillidae;Fringilla;Fringilla coelebs;Common Chaffinch
-1.349;40.332;Albarracin;Teruel;Aragon;2015;Dec;Animalia;Aves;Fringillidae;Fringilla;Fringilla coelebs;Common Chaffinch
-1.483;40.25;Albarracin;Teruel;Aragon;2016;Dec;Animalia;Aves;Fringillidae;Fringilla;Fringilla coelebs;Pinzon vulgar
-0.19;41.062;Alcaniz--Estanca de Alcaniz;Teruel;Aragon;2015;May;Animalia;Aves;Podicipedidae;Podiceps;Podiceps nigricollis;Eared Grebe
-0.19;41.062;Alcaniz--Estanca de Alcaniz;Teruel;Aragon;2018;Dec;Animalia;Aves;Ardeidae;Ardea;Ardea alba;Great Egret
-0.19;41.062;Alcaniz--Estanca de Alcaniz;Teruel;Aragon;2018;Dec;Animalia;Aves;Podicipedidae;Tachybaptus;Tachybaptus ruficollis;Little Grebe
-0.184;41.049;Alcaniz--Salada de La Panolla;Teruel;Aragon;2018;Dec;Animalia;Aves;Ardeidae;Ardea;Ardea alba;Great Egret
-0.202;41.041;Alcaniz--Salada Grande;Teruel;Aragon;2019;May;Animalia;Aves;Anatidae;Tadorna;Tadorna tadorna;Common Shelduck
-0.218;41.043;Alcaniz--Salada Pequena;Teruel;Aragon;2018;May;Animalia;Aves;Anatidae;Tadorna;Tadorna tadorna;Common Shelduck
-0.372;41.006;Balsas de la central termica de Teruel, Andorra ;Teruel;Aragon;2000;May;Animalia;Aves;Podicipedidae;Podiceps;Podiceps cristatus;Somormujo lavanco
-0.372;41.006;Balsas de la central termica de Teruel, Andorra ;Teruel;Aragon;2001;May;Animalia;Aves;Podicipedidae;Podiceps;Podiceps cristatus;Somormujo lavanco
-0.552;40.724;Ejulve;Teruel;Aragon;2020;Dec;Animalia;Mammalia;Bovidae;Capra;Capra pyrenaica;South-eastern Spanish Ibex
-0.54;40.745;Ejulve;Teruel;Aragon;2020;Dec;Animalia;Mammalia;Bovidae;Capra;Capra pyrenaica;South-eastern Spanish Ibex
-0.213;40.913;Embalse de Calanda ;Teruel;Aragon;2000;May;Animalia;Aves;Podicipedidae;Podiceps;Podiceps cristatus;Somormujo lavanco
-0.213;40.913;Embalse de Calanda ;Teruel;Aragon;2001;May;Animalia;Aves;Podicipedidae;Podiceps;Podiceps cristatus;Somormujo lavanco
-0.213;40.913;Embalse de Calanda ;Teruel;Aragon;2002;May;Animalia;Aves;Podicipedidae;Podiceps;Podiceps cristatus;Somormujo lavanco
-0.213;40.913;Embalse de Calanda ;Teruel;Aragon;2003;May;Animalia;Aves;Podicipedidae;Podiceps;Podiceps cristatus;Somormujo lavanco
-0.016;41.12;Embalse de Civan ;Teruel;Aragon;2000;May;Animalia;Aves;Podicipedidae;Podiceps;Podiceps cristatus;Somormujo lavanco
-0.016;41.12;Embalse de Civan ;Teruel;Aragon;2001;May;Animalia;Aves;Podicipedidae;Podiceps;Podiceps cristatus;Somormujo lavanco
-0.693;40.973;Embalse de Cuevaforadada ;Teruel;Aragon;2000;May;Animalia;Aves;Podicipedidae;Podiceps;Podiceps cristatus;Somormujo lavanco
-0.693;40.973;Embalse de Cuevaforadada ;Teruel;Aragon;2000;Dec;Animalia;Aves;Podicipedidae;Tachybaptus;Tachybaptus ruficollis;Zampullin comun
-0.693;40.973;Embalse de Cuevaforadada ;Teruel;Aragon;2002;May;Animalia;Aves;Podicipedidae;Podiceps;Podiceps cristatus;Somormujo lavanco
-0.693;40.973;Embalse de Cuevaforadada ;Teruel;Aragon;2003;May;Animalia;Aves;Podicipedidae;Podiceps;Podiceps cristatus;Somormujo lavanco
-0.188;41.063;Embalse de La Estanca de Alcaniz ;Teruel;Aragon;2000;May;Animalia;Aves;Podicipedidae;Podiceps;Podiceps cristatus;Somormujo lavanco
-0.188;41.063;Embalse de La Estanca de Alcaniz ;Teruel;Aragon;2002;May;Animalia;Aves;Podicipedidae;Podiceps;Podiceps cristatus;Somormujo lavanco
-0.188;41.063;Embalse de La Estanca de Alcaniz ;Teruel;Aragon;2003;May;Animalia;Aves;Podicipedidae;Podiceps;Podiceps cristatus;Somormujo lavanco
-0.33;40.753;Embalse de Santolea ;Teruel;Aragon;2000;May;Animalia;Aves;Podicipedidae;Podiceps;Podiceps cristatus;Somormujo lavanco
-0.33;40.753;Embalse de Santolea ;Teruel;Aragon;2001;May;Animalia;Aves;Podicipedidae;Podiceps;Podiceps cristatus;Somormujo lavanco
-0.33;40.753;Embalse de Santolea ;Teruel;Aragon;2002;May;Animalia;Aves;Podicipedidae;Podiceps;Podiceps cristatus;Somormujo lavanco
-0.33;40.753;Embalse de Santolea ;Teruel;Aragon;2003;May;Animalia;Aves;Podicipedidae;Podiceps;Podiceps cristatus;Somormujo lavanco
-0.328;41.072;Embalse de Valdestremera ;Teruel;Aragon;2000;Dec;Animalia;Aves;Podicipedidae;Tachybaptus;Tachybaptus ruficollis;Zampullin comun
-0.205;41.046;Laguna La Salada Grande ;Teruel;Aragon;2001;May;Animalia;Aves;Anatidae;Tadorna;Tadorna tadorna;Tarro blanco
-0.205;41.046;Laguna La Salada Grande, Alcaniz ;Teruel;Aragon;2001;Aug;Animalia;Aves;Anatidae;Netta;Netta rufina;Pato colorado
-0.712;40.994;Oliete--Rioseco;Teruel;Aragon;2014;Dec;Animalia;Aves;Fringillidae;Fringilla;Fringilla coelebs;Common Chaffinch
-1.531;40.428;Torres de Albarracin;Teruel;Aragon;2015;Dec;Animalia;Aves;Fringillidae;Fringilla;Fringilla coelebs;Common Chaffinch
0.066;41.048;Balsa de Candasnos ;Teruel;Aragon;2004;May;Animalia;Aves;Podicipedidae;Podiceps;Podiceps nigricollis;Zampullin cuellinegro
0.066;41.048;Balsa de Candasnos ;Teruel;Aragon;2004;Aug;Animalia;Aves;Anatidae;Netta;Netta rufina;Pato colorado
0.066;41.048;Balsa de Candasnos ;Teruel;Aragon;2004;Dec;Animalia;Aves;Podicipedidae;Tachybaptus;Tachybaptus ruficollis;Zampullin comun
0.066;41.048;Balsa de Candasnos ;Teruel;Aragon;2005;May;Animalia;Aves;Podicipedidae;Podiceps;Podiceps nigricollis;Zampullin cuellinegro
0.066;41.048;Balsa de Candasnos ;Teruel;Aragon;2006;May;Animalia;Aves;Podicipedidae;Podiceps;Podiceps nigricollis;Zampullin cuellinegro
0.066;41.048;Balsa de Candasnos ;Teruel;Aragon;2006;Aug;Animalia;Aves;Anatidae;Netta;Netta rufina;Pato colorado
0.066;41.048;Balsa de Candasnos ;Teruel;Aragon;2006;Dec;Animalia;Aves;Podicipedidae;Tachybaptus;Tachybaptus ruficollis;Zampullin comun
0.066;41.048;Balsa de Candasnos ;Teruel;Aragon;2007;May;Animalia;Aves;Podicipedidae;Podiceps;Podiceps nigricollis;Zampullin cuellinegro
0.066;41.048;Balsa de Candasnos ;Teruel;Aragon;2007;Aug;Animalia;Aves;Anatidae;Netta;Netta rufina;Pato colorado
0.066;41.048;Balsa de Candasnos ;Teruel;Aragon;2007;May;Animalia;Aves;Anatidae;Tadorna;Tadorna tadorna;Tarro blanco
0.066;41.048;Balsa de Candasnos ;Teruel;Aragon;2007;Dec;Animalia;Aves;Podicipedidae;Tachybaptus;Tachybaptus ruficollis;Zampullin comun
0.066;41.048;Balsa de Candasnos ;Teruel;Aragon;2008;May;Animalia;Aves;Podicipedidae;Podiceps;Podiceps nigricollis;Zampullin cuellinegro
0.066;41.048;Balsa de Candasnos ;Teruel;Aragon;2008;Dec;Animalia;Aves;Podicipedidae;Tachybaptus;Tachybaptus ruficollis;Zampullin comun
0.066;41.048;Balsa de Candasnos ;Teruel;Aragon;2009;May;Animalia;Aves;Podicipedidae;Podiceps;Podiceps nigricollis;Zampullin cuellinegro
0.066;41.048;Balsa de Candasnos ;Teruel;Aragon;2009;Dec;Animalia;Aves;Podicipedidae;Tachybaptus;Tachybaptus ruficollis;Zampullin comun
0.066;41.048;Balsa de Candasnos ;Teruel;Aragon;2010;May;Animalia;Aves;Podicipedidae;Podiceps;Podiceps nigricollis;Zampullin cuellinegro
0.066;41.048;Balsa de Candasnos ;Teruel;Aragon;2010;Aug;Animalia;Aves;Anatidae;Netta;Netta rufina;Pato colorado
0.066;41.048;Balsa de Candasnos ;Teruel;Aragon;2010;Dec;Animalia;Aves;Podicipedidae;Tachybaptus;Tachybaptus ruficollis;Zampullin comun
0.066;41.048;Balsa de Candasnos ;Teruel;Aragon;2011;Aug;Animalia;Aves;Anatidae;Netta;Netta rufina;Pato colorado
0.066;41.048;Balsa de Candasnos ;Teruel;Aragon;2012;Aug;Animalia;Aves;Anatidae;Netta;Netta rufina;Pato colorado
-0.213;40.913;Embalse de Calanda ;Teruel;Aragon;2005;May;Animalia;Aves;Podicipedidae;Podiceps;Podiceps cristatus;Somormujo lavanco
-0.213;40.913;Embalse de Calanda ;Teruel;Aragon;2005;May;Animalia;Aves;Podicipedidae;Podiceps;Podiceps nigricollis;Zampullin cuellinegro
-0.213;40.913;Embalse de Calanda ;Teruel;Aragon;2006;May;Animalia;Aves;Podicipedidae;Podiceps;Podiceps cristatus;Somormujo lavanco
-0.213;40.913;Embalse de Calanda ;Teruel;Aragon;2006;Dec;Animalia;Aves;Podicipedidae;Tachybaptus;Tachybaptus ruficollis;Zampullin comun
-0.213;40.913;Embalse de Calanda ;Teruel;Aragon;2007;May;Animalia;Aves;Podicipedidae;Podiceps;Podiceps cristatus;Somormujo lavanco
-0.213;40.913;Embalse de Calanda ;Teruel;Aragon;2007;Dec;Animalia;Aves;Podicipedidae;Tachybaptus;Tachybaptus ruficollis;Zampullin comun
-0.213;40.913;Embalse de Calanda ;Teruel;Aragon;2008;May;Animalia;Aves;Podicipedidae;Podiceps;Podiceps cristatus;Somormujo lavanco
-0.213;40.913;Embalse de Calanda ;Teruel;Aragon;2008;Dec;Animalia;Aves;Podicipedidae;Tachybaptus;Tachybaptus ruficollis;Zampullin comun
-0.213;40.913;Embalse de Calanda ;Teruel;Aragon;2009;May;Animalia;Aves;Podicipedidae;Podiceps;Podiceps cristatus;Somormujo lavanco
-0.213;40.913;Embalse de Calanda ;Teruel;Aragon;2010;May;Animalia;Aves;Podicipedidae;Podiceps;Podiceps cristatus;Somormujo lavanco
-0.213;40.913;Embalse de Calanda ;Teruel;Aragon;2011;May;Animalia;Aves;Podicipedidae;Podiceps;Podiceps cristatus;Somormujo lavanco
-0.213;40.913;Embalse de Calanda ;Teruel;Aragon;2012;May;Animalia;Aves;Podicipedidae;Podiceps;Podiceps cristatus;Somormujo lavanco
-4.674;39.591; Los Navalucillos;Toledo;Castilla y Leon;2016;Mar;Animalia;Reptilia;Lacertidae;Timon;Timon lepidus;Ocellated Lizard
-4.949;39.936;Arroyos de Zarzaleja y Carchemilla;Toledo;Castilla y Leon;2007;Dec;Animalia;Aves;Podicipedidae;Tachybaptus;Tachybaptus ruficollis;Zampullin comun
-4.949;39.936;Arroyos de Zarzaleja y Carchemilla, Gamonal;Toledo;Castilla y Leon;2000;May;Animalia;Aves;Podicipedidae;Podiceps;Podiceps nigricollis;Zampullin cuellinegro
-4.949;39.936;Arroyos de Zarzaleja y Carchemilla, Gamonal;Toledo;Castilla y Leon;2000;Dec;Animalia;Aves;Podicipedidae;Tachybaptus;Tachybaptus ruficollis;Zampullin comun
-4.949;39.936;Arroyos de Zarzaleja y Carchemilla, Gamonal;Toledo;Castilla y Leon;2003;Dec;Animalia;Aves;Podicipedidae;Tachybaptus;Tachybaptus ruficollis;Zampullin comun
-3.82;39.517;Balsa de San Andres;Toledo;Castilla y Leon;2000;Dec;Animalia;Aves;Podicipedidae;Tachybaptus;Tachybaptus ruficollis;Zampullin comun
-3.826;39.72;Cantera Cabezuelas, Mascaraque;Toledo;Castilla y Leon;2000;Dec;Animalia;Aves;Podicipedidae;Tachybaptus;Tachybaptus ruficollis;Zampullin comun
-4.086;39.75;Casasbuenas;Toledo;Castilla y Leon;2019;Mar;Animalia;Mammalia;Herpestidae;Herpestes;Herpestes ichneumon;Egyptian Mongoose
-5.218;39.949;"Charca ""Casa El Ejido"", Lagartera";Toledo;Castilla y Leon;2000;Dec;Animalia;Aves;Podicipedidae;Tachybaptus;Tachybaptus ruficollis;Zampullin comun
-5.218;39.949;"Charca ""Casa El Ejido"", Lagartera";Toledo;Castilla y Leon;2003;Dec;Animalia;Aves;Podicipedidae;Tachybaptus;Tachybaptus ruficollis;Zampullin comun
-3.942;39.958;"Charca de la casa ""Dehesa del Horcajo"", Alcanizo";Toledo;Castilla y Leon;2000;Dec;Animalia;Aves;Podicipedidae;Tachybaptus;Tachybaptus ruficollis;Zampullin comun
-4.385;40.108;Charca del Cortijo La Charcona, Maqueda;Toledo;Castilla y Leon;2000;Dec;Animalia;Aves;Podicipedidae;Tachybaptus;Tachybaptus ruficollis;Zampullin comun
-5.291;40.02;Charca y arroyo de San Julian, Finca el PaRiaso;Toledo;Castilla y Leon;2000;May;Animalia;Aves;Podicipedidae;Podiceps;Podiceps cristatus;Somormujo lavanco
-5.291;40.02;Charca y arroyo de San Julian, Finca el PaRiaso;Toledo;Castilla y Leon;2000;Dec;Animalia;Aves;Podicipedidae;Tachybaptus;Tachybaptus ruficollis;Zampullin comun
-5.291;40.02;Charca y arroyo de San Julian, Finca el PaRiaso;Toledo;Castilla y Leon;2001;May;Animalia;Aves;Podicipedidae;Podiceps;Podiceps cristatus;Somormujo lavanco
-5.291;40.02;Charca y arroyo de San Julian, Finca el PaRiaso;Toledo;Castilla y Leon;2002;May;Animalia;Aves;Podicipedidae;Podiceps;Podiceps cristatus;Somormujo lavanco
-5.291;40.02;Charca y arroyo de San Julian, Finca el PaRiaso;Toledo;Castilla y Leon;2003;May;Animalia;Aves;Podicipedidae;Podiceps;Podiceps cristatus;Somormujo lavanco
-5.291;40.02;Charca y arroyo de San Julian, Finca el PaRiaso;Toledo;Castilla y Leon;2003;Dec;Animalia;Aves;Podicipedidae;Tachybaptus;Tachybaptus ruficollis;Zampullin comun
-4.953;39.878;Charca y Prados de Calera y Chozas;Toledo;Castilla y Leon;2000;Dec;Animalia;Aves;Podicipedidae;Tachybaptus;Tachybaptus ruficollis;Zampullin comun
-4.953;39.878;Charca y Prados de Calera y Chozas;Toledo;Castilla y Leon;2003;Dec;Animalia;Aves;Podicipedidae;Tachybaptus;Tachybaptus ruficollis;Zampullin comun
-4.975;39.959;Charcas Arroyo Carchemilla, Talavera de la Reina;Toledo;Castilla y Leon;2002;Dec;Animalia;Aves;Threskiornithidae;Platalea;Platalea leucorodia;Espatula comun
-3.803;40.013;Charcas Cobeja;Toledo;Castilla y Leon;2000;Dec;Animalia;Aves;Podicipedidae;Tachybaptus;Tachybaptus ruficollis;Zampullin comun
-3.844;39.553;"Charcas de Ceramicas ""Pastrana"", Los Yebenes";Toledo;Castilla y Leon;2000;Dec;Animalia;Aves;Podicipedidae;Tachybaptus;Tachybaptus ruficollis;Zampullin comun
-4.639;39.862;Charcas de Finca El Jaral, Malpica de Tajo;Toledo;Castilla y Leon;2000;May;Animalia;Aves;Podicipedidae;Podiceps;Podiceps cristatus;Somormujo lavanco
-4.639;39.862;Charcas de Finca El Jaral, Malpica de Tajo;Toledo;Castilla y Leon;2000;May;Animalia;Aves;Podicipedidae;Podiceps;Podiceps nigricollis;Zampullin cuellinegro
-4.639;39.862;Charcas de Finca El Jaral, Malpica de Tajo;Toledo;Castilla y Leon;2000;Dec;Animalia;Aves;Podicipedidae;Tachybaptus;Tachybaptus ruficollis;Zampullin comun
-4.639;39.862;Charcas de Finca El Jaral, Malpica de Tajo;Toledo;Castilla y Leon;2001;May;Animalia;Aves;Podicipedidae;Podiceps;Podiceps cristatus;Somormujo lavanco
-4.639;39.862;Charcas de Finca El Jaral, Malpica de Tajo;Toledo;Castilla y Leon;2001;May;Animalia;Aves;Podicipedidae;Podiceps;Podiceps nigricollis;Zampullin cuellinegro
-4.639;39.862;Charcas de Finca El Jaral, Malpica de Tajo;Toledo;Castilla y Leon;2001;Aug;Animalia;Aves;Anatidae;Netta;Netta rufina;Pato colorado
-4.639;39.862;Charcas de Finca El Jaral, Malpica de Tajo;Toledo;Castilla y Leon;2002;May;Animalia;Aves;Podicipedidae;Podiceps;Podiceps cristatus;Somormujo lavanco
-4.639;39.862;Charcas de Finca El Jaral, Malpica de Tajo;Toledo;Castilla y Leon;2002;May;Animalia;Aves;Podicipedidae;Podiceps;Podiceps nigricollis;Zampullin cuellinegro
-4.639;39.862;Charcas de Finca El Jaral, Malpica de Tajo;Toledo;Castilla y Leon;2003;May;Animalia;Aves;Podicipedidae;Podiceps;Podiceps cristatus;Somormujo lavanco
-4.639;39.862;Charcas de Finca El Jaral, Malpica de Tajo;Toledo;Castilla y Leon;2003;Dec;Animalia;Aves;Podicipedidae;Tachybaptus;Tachybaptus ruficollis;Zampullin comun
-5.37;39.933;Charcas de la Dehesa del Verdugal, Oropesa;Toledo;Castilla y Leon;2000;Dec;Animalia;Aves;Podicipedidae;Tachybaptus;Tachybaptus ruficollis;Zampullin comun
-5.37;39.933;Charcas de la Dehesa del Verdugal, Oropesa;Toledo;Castilla y Leon;2003;Dec;Animalia;Aves;Podicipedidae;Tachybaptus;Tachybaptus ruficollis;Zampullin comun
-5.303;40.044;Charcas de Monte de la Calzada y arroyo del Abrojal;Toledo;Castilla y Leon;2000;Dec;Animalia;Aves;Podicipedidae;Tachybaptus;Tachybaptus ruficollis;Zampullin comun
-5.303;40.044;Charcas de Monte de la Calzada y arroyo del Abrojal;Toledo;Castilla y Leon;2001;May;Animalia;Aves;Podicipedidae;Podiceps;Podiceps cristatus;Somormujo lavanco
-5.303;40.044;Charcas de Monte de la Calzada y arroyo del Abrojal;Toledo;Castilla y Leon;2003;May;Animalia;Aves;Podicipedidae;Podiceps;Podiceps cristatus;Somormujo lavanco
-5.303;40.044;Charcas de Monte de la Calzada y arroyo del Abrojal;Toledo;Castilla y Leon;2003;Dec;Animalia;Aves;Podicipedidae;Tachybaptus;Tachybaptus ruficollis;Zampullin comun
-3.979;39.942;Charcas de Olias del Rey;Toledo;Castilla y Leon;2000;Dec;Animalia;Aves;Podicipedidae;Tachybaptus;Tachybaptus ruficollis;Zampullin comun
-3.821;39.519;Charcas de Puentesecas, Los Yebenes;Toledo;Castilla y Leon;2000;Dec;Animalia;Aves;Podicipedidae;Tachybaptus;Tachybaptus ruficollis;Zampullin comun
-5.357;39.893;Charcas del Monte de Villalba y casas de Postas, Oropesa;Toledo;Castilla y Leon;2000;Dec;Animalia;Aves;Podicipedidae;Tachybaptus;Tachybaptus ruficollis;Zampullin comun
-5.357;39.893;Charcas del Monte de Villalba y casas de Postas, Oropesa;Toledo;Castilla y Leon;2003;Dec;Animalia;Aves;Podicipedidae;Tachybaptus;Tachybaptus ruficollis;Zampullin comun
-5.357;39.893;Charcas del Monte de Villalba y casas de Postas, Oropesa;Toledo;Castilla y Leon;2004;May;Animalia;Aves;Podicipedidae;Podiceps;Podiceps cristatus;Somormujo lavanco
-3.824;39.482;Charcas Fincas de Caza, Los Yebenes;Toledo;Castilla y Leon;2000;Aug;Animalia;Aves;Anatidae;Netta;Netta rufina;Pato colorado
-3.824;39.482;Charcas Fincas de Caza, Los Yebenes;Toledo;Castilla y Leon;2000;Dec;Animalia;Aves;Podicipedidae;Tachybaptus;Tachybaptus ruficollis;Zampullin comun
-5.357;39.893;Charcas y arroyos de Pajares, Oropesa;Toledo;Castilla y Leon;2000;Dec;Animalia;Aves;Podicipedidae;Tachybaptus;Tachybaptus ruficollis;Zampullin comun
-5.299;39.903;Charcas y prados de Calzada de Oropesa;Toledo;Castilla y Leon;2000;Dec;Animalia;Aves;Podicipedidae;Tachybaptus;Tachybaptus ruficollis;Zampullin comun
-5.299;39.903;Charcas y prados de Calzada de Oropesa;Toledo;Castilla y Leon;2003;Dec;Animalia;Aves;Podicipedidae;Tachybaptus;Tachybaptus ruficollis;Zampullin comun
-3.05;39.515;Charcones de Miguel Esteban;Toledo;Castilla y Leon;2000;May;Animalia;Aves;Anatidae;Tadorna;Tadorna tadorna;Tarro blanco
-3.05;39.515;Charcones de Miguel Esteban;Toledo;Castilla y Leon;2000;Aug;Animalia;Aves;Anatidae;Netta;Netta rufina;Pato colorado
-3.05;39.515;Charcones de Miguel Esteban;Toledo;Castilla y Leon;2000;Dec;Animalia;Aves;Podicipedidae;Tachybaptus;Tachybaptus ruficollis;Zampullin comun
-3.05;39.515;Charcones de Miguel Esteban;Toledo;Castilla y Leon;2001;Aug;Animalia;Aves;Anatidae;Netta;Netta rufina;Pato colorado
-3.05;39.515;Charcones de Miguel Esteban;Toledo;Castilla y Leon;2001;May;Animalia;Aves;Podicipedidae;Podiceps;Podiceps nigricollis;Zampullin cuellinegro
-3.05;39.515;Charcones de Miguel Esteban;Toledo;Castilla y Leon;2001;May;Animalia;Aves;Anatidae;Tadorna;Tadorna tadorna;Tarro blanco
-3.05;39.515;Charcones de Miguel Esteban;Toledo;Castilla y Leon;2002;May;Animalia;Aves;Anatidae;Tadorna;Tadorna tadorna;Tarro blanco
-3.05;39.515;Charcones de Miguel Esteban;Toledo;Castilla y Leon;2002;Dec;Animalia;Aves;Podicipedidae;Tachybaptus;Tachybaptus ruficollis;Zampullin comun
-3.05;39.515;Charcones de Miguel Esteban;Toledo;Castilla y Leon;2003;May;Animalia;Aves;Podicipedidae;Podiceps;Podiceps nigricollis;Zampullin cuellinegro
-3.05;39.515;Charcones de Miguel Esteban;Toledo;Castilla y Leon;2003;Dec;Animalia;Aves;Podicipedidae;Tachybaptus;Tachybaptus ruficollis;Zampullin comun
-3.05;39.515;Charcones de Miguel Esteban;Toledo;Castilla y Leon;2004;May;Animalia;Aves;Podicipedidae;Podiceps;Podiceps nigricollis;Zampullin cuellinegro
-3.05;39.515;Charcones de Miguel Esteban;Toledo;Castilla y Leon;2004;May;Animalia;Aves;Anatidae;Tadorna;Tadorna tadorna;Tarro blanco
-3.549;39.812;Dehesa de Monreal, Dos Barrios;Toledo;Castilla y Leon;2000;May;Animalia;Aves;Podicipedidae;Podiceps;Podiceps nigricollis;Zampullin cuellinegro
-3.549;39.812;Dehesa de Monreal, Dos Barrios;Toledo;Castilla y Leon;2000;Aug;Animalia;Aves;Anatidae;Netta;Netta rufina;Pato colorado
-3.549;39.812;Dehesa de Monreal, Dos Barrios;Toledo;Castilla y Leon;2000;Dec;Animalia;Aves;Podicipedidae;Tachybaptus;Tachybaptus ruficollis;Zampullin comun
-3.549;39.812;Dehesa de Monreal, Dos Barrios;Toledo;Castilla y Leon;2001;May;Animalia;Aves;Podicipedidae;Podiceps;Podiceps nigricollis;Zampullin cuellinegro
-3.549;39.812;Dehesa de Monreal, Dos Barrios;Toledo;Castilla y Leon;2001;Aug;Animalia;Aves;Anatidae;Netta;Netta rufina;Pato colorado
-3.549;39.812;Dehesa de Monreal, Dos Barrios;Toledo;Castilla y Leon;2002;May;Animalia;Aves;Podicipedidae;Podiceps;Podiceps cristatus;Somormujo lavanco
-3.549;39.812;Dehesa de Monreal, Dos Barrios;Toledo;Castilla y Leon;2002;May;Animalia;Aves;Podicipedidae;Podiceps;Podiceps nigricollis;Zampullin cuellinegro
-3.549;39.812;Dehesa de Monreal, Dos Barrios;Toledo;Castilla y Leon;2002;Aug;Animalia;Aves;Anatidae;Netta;Netta rufina;Pato colorado
-3.549;39.812;Dehesa de Monreal, Dos Barrios;Toledo;Castilla y Leon;2002;May;Animalia;Aves;Anatidae;Tadorna;Tadorna tadorna;Tarro blanco
-3.549;39.812;Dehesa de Monreal, Dos Barrios;Toledo;Castilla y Leon;2003;May;Animalia;Aves;Podicipedidae;Podiceps;Podiceps nigricollis;Zampullin cuellinegro
-3.549;39.812;Dehesa de Monreal, Dos Barrios;Toledo;Castilla y Leon;2003;Aug;Animalia;Aves;Anatidae;Netta;Netta rufina;Pato colorado
-3.549;39.812;Dehesa de Monreal, Dos Barrios;Toledo;Castilla y Leon;2003;Dec;Animalia;Aves;Podicipedidae;Tachybaptus;Tachybaptus ruficollis;Zampullin comun
-3.549;39.812;Dehesa de Monreal, Dos Barrios;Toledo;Castilla y Leon;2004;May;Animalia;Aves;Podicipedidae;Podiceps;Podiceps cristatus;Somormujo lavanco
-3.549;39.812;Dehesa de Monreal, Dos Barrios;Toledo;Castilla y Leon;2004;May;Animalia;Aves;Anatidae;Netta;Netta rufina;Pato colorado
-3.549;39.812;Dehesa de Monreal, Dos Barrios;Toledo;Castilla y Leon;2004;May;Animalia;Aves;Podicipedidae;Podiceps;Podiceps nigricollis;Zampullin cuellinegro
-5.075;39.826;El Bercial de San Rafael;Toledo;Castilla y Leon;2000;Dec;Animalia;Aves;Podicipedidae;Tachybaptus;Tachybaptus ruficollis;Zampullin comun
-5.075;39.826;El Bercial de San Rafael;Toledo;Castilla y Leon;2002;May;Animalia;Aves;Podicipedidae;Podiceps;Podiceps cristatus;Somormujo lavanco
-5.075;39.826;El Bercial de San Rafael;Toledo;Castilla y Leon;2003;May;Animalia;Aves;Podicipedidae;Podiceps;Podiceps cristatus;Somormujo lavanco
-5.075;39.826;El Bercial de San Rafael;Toledo;Castilla y Leon;2003;Dec;Animalia;Aves;Podicipedidae;Tachybaptus;Tachybaptus ruficollis;Zampullin comun
-4.98;39.802;Embalse de Azutan;Toledo;Castilla y Leon;2001;May;Animalia;Aves;Podicipedidae;Podiceps;Podiceps cristatus;Somormujo lavanco
-4.98;39.802;Embalse de Azutan;Toledo;Castilla y Leon;2001;May;Animalia;Aves;Anatidae;Netta;Netta rufina;Pato colorado
-4.98;39.802;Embalse de Azutan;Toledo;Castilla y Leon;2002;May;Animalia;Aves;Podicipedidae;Podiceps;Podiceps cristatus;Somormujo lavanco
-4.98;39.802;Embalse de Azutan;Toledo;Castilla y Leon;2002;Dec;Animalia;Aves;Podicipedidae;Tachybaptus;Tachybaptus ruficollis;Zampullin comun
-4.98;39.802;Embalse de Azutan;Toledo;Castilla y Leon;2004;May;Animalia;Aves;Podicipedidae;Podiceps;Podiceps cristatus;Somormujo lavanco
-5.305;40.101;Embalse de Castrejon;Toledo;Castilla y Leon;2001;May;Animalia;Aves;Podicipedidae;Podiceps;Podiceps cristatus;Somormujo lavanco
-5.305;40.101;Embalse de Castrejon;Toledo;Castilla y Leon;2001;May;Animalia;Aves;Anatidae;Netta;Netta rufina;Pato colorado
-5.305;40.101;Embalse de Castrejon;Toledo;Castilla y Leon;2002;May;Animalia;Aves;Podicipedidae;Podiceps;Podiceps cristatus;Somormujo lavanco
-5.305;40.101;Embalse de Castrejon;Toledo;Castilla y Leon;2003;May;Animalia;Aves;Anatidae;Tadorna;Tadorna tadorna;Tarro blanco
-5.305;40.101;Embalse de Castrejon;Toledo;Castilla y Leon;2003;Dec;Animalia;Aves;Ardeidae;Nycticorax;Nycticorax nycticorax;Martinete comun
-5.305;40.101;Embalse de Castrejon;Toledo;Castilla y Leon;2003;Dec;Animalia;Aves;Podicipedidae;Tachybaptus;Tachybaptus ruficollis;Zampullin comun
-5.305;40.101;Embalse de Castrejon;Toledo;Castilla y Leon;2004;May;Animalia;Aves;Podicipedidae;Podiceps;Podiceps cristatus;Somormujo lavanco
-5.305;40.101;Embalse de Castrejon;Toledo;Castilla y Leon;2004;May;Animalia;Aves;Anatidae;Tadorna;Tadorna tadorna;Tarro blanco
-5.305;40.101;Embalse de Castrejon;Toledo;Castilla y Leon;2004;Dec;Animalia;Aves;Threskiornithidae;Platalea;Platalea leucorodia;Espatula comun
-5.305;40.101;Embalse de Castrejon;Toledo;Castilla y Leon;2004;May;Animalia;Aves;Anatidae;Netta;Netta rufina;Pato colorado
-5.305;40.101;Embalse de Castrejon;Toledo;Castilla y Leon;2004;Dec;Animalia;Aves;Ardeidae;Ixobrychus;Ixobrychus minutus;Avetorillo comun
-3.755;39.799;Embalse de Castro, Villamuelas,;Toledo;Castilla y Leon;2000;May;Animalia;Aves;Podicipedidae;Podiceps;Podiceps cristatus;Somormujo lavanco
-3.755;39.799;Embalse de Castro, Villamuelas,;Toledo;Castilla y Leon;2000;Dec;Animalia;Aves;Podicipedidae;Tachybaptus;Tachybaptus ruficollis;Zampullin comun
-4.693;40.021;Embalse de Cazalegas;Toledo;Castilla y Leon;2000;May;Animalia;Aves;Podicipedidae;Podiceps;Podiceps cristatus;Somormujo lavanco
-4.693;40.021;Embalse de Cazalegas;Toledo;Castilla y Leon;2001;May;Animalia;Aves;Podicipedidae;Podiceps;Podiceps cristatus;Somormujo lavanco
-4.693;40.021;Embalse de Cazalegas;Toledo;Castilla y Leon;2002;May;Animalia;Aves;Podicipedidae;Podiceps;Podiceps cristatus;Somormujo lavanco
-4.693;40.021;Embalse de Cazalegas;Toledo;Castilla y Leon;2003;May;Animalia;Aves;Podicipedidae;Podiceps;Podiceps cristatus;Somormujo lavanco
-4.693;40.021;Embalse de Cazalegas;Toledo;Castilla y Leon;2004;May;Animalia;Aves;Podicipedidae;Podiceps;Podiceps cristatus;Somormujo lavanco
-3.682;39.626;Embalse de Finisterre;Toledo;Castilla y Leon;2000;May;Animalia;Aves;Podicipedidae;Podiceps;Podiceps cristatus;Somormujo lavanco
-3.682;39.626;Embalse de Finisterre;Toledo;Castilla y Leon;2000;May;Animalia;Aves;Anatidae;Netta;Netta rufina;Pato colorado
-3.682;39.626;Embalse de Finisterre;Toledo;Castilla y Leon;2000;Dec;Animalia;Aves;Podicipedidae;Tachybaptus;Tachybaptus ruficollis;Zampullin comun
-3.682;39.626;Embalse de Finisterre;Toledo;Castilla y Leon;2001;May;Animalia;Aves;Podicipedidae;Podiceps;Podiceps cristatus;Somormujo lavanco
-3.682;39.626;Embalse de Finisterre;Toledo;Castilla y Leon;2001;May;Animalia;Aves;Anatidae;Tadorna;Tadorna tadorna;Tarro blanco
-3.682;39.626;Embalse de Finisterre;Toledo;Castilla y Leon;2002;May;Animalia;Aves;Podicipedidae;Podiceps;Podiceps cristatus;Somormujo lavanco
-3.682;39.626;Embalse de Finisterre;Toledo;Castilla y Leon;2002;May;Animalia;Aves;Anatidae;Tadorna;Tadorna tadorna;Tarro blanco
-3.682;39.626;Embalse de Finisterre;Toledo;Castilla y Leon;2003;May;Animalia;Aves;Podicipedidae;Podiceps;Podiceps cristatus;Somormujo lavanco
-3.682;39.626;Embalse de Finisterre;Toledo;Castilla y Leon;2003;May;Animalia;Aves;Anatidae;Tadorna;Tadorna tadorna;Tarro blanco
-3.682;39.626;Embalse de Finisterre;Toledo;Castilla y Leon;2004;May;Animalia;Aves;Podicipedidae;Podiceps;Podiceps cristatus;Somormujo lavanco
-3.682;39.626;Embalse de Finisterre;Toledo;Castilla y Leon;2004;May;Animalia;Aves;Anatidae;Tadorna;Tadorna tadorna;Tarro blanco
-4.086;39.794;Embalse de Guajaraz-Arges;Toledo;Castilla y Leon;2000;Dec;Animalia;Aves;Podicipedidae;Tachybaptus;Tachybaptus ruficollis;Zampullin comun
-4.086;39.794;Embalse de Guajaraz-Arges;Toledo;Castilla y Leon;2001;May;Animalia;Aves;Podicipedidae;Podiceps;Podiceps cristatus;Somormujo lavanco
-4.086;39.794;Embalse de Guajaraz-Arges;Toledo;Castilla y Leon;2002;May;Animalia;Aves;Podicipedidae;Podiceps;Podiceps cristatus;Somormujo lavanco
-4.086;39.794;Embalse de Guajaraz-Arges;Toledo;Castilla y Leon;2003;May;Animalia;Aves;Podicipedidae;Podiceps;Podiceps cristatus;Somormujo lavanco
-4.086;39.794;Embalse de Guajaraz-Arges;Toledo;Castilla y Leon;2003;Dec;Animalia;Aves;Podicipedidae;Tachybaptus;Tachybaptus ruficollis;Zampullin comun
-4.086;39.794;Embalse de Guajaraz-Arges;Toledo;Castilla y Leon;2004;May;Animalia;Aves;Podicipedidae;Podiceps;Podiceps cristatus;Somormujo lavanco
-4.12;40.67;Embalse de La Jarosa ;Toledo;Castilla y Leon;2000;May;Animalia;Aves;Podicipedidae;Podiceps;Podiceps cristatus;Somormujo lavanco
-4.661;39.616;Embalse de los Navalucillos;Toledo;Castilla y Leon;2000;Dec;Animalia;Aves;Podicipedidae;Tachybaptus;Tachybaptus ruficollis;Zampullin comun
-4.006;40.723;Embalse de Navacerrada ;Toledo;Castilla y Leon;2000;May;Animalia;Aves;Podicipedidae;Podiceps;Podiceps cristatus;Somormujo lavanco
-4.963;40.026;Embalse de Navalcan;Toledo;Castilla y Leon;2000;May;Animalia;Aves;Podicipedidae;Podiceps;Podiceps cristatus;Somormujo lavanco
-4.963;40.026;Embalse de Navalcan;Toledo;Castilla y Leon;2001;May;Animalia;Aves;Podicipedidae;Podiceps;Podiceps cristatus;Somormujo lavanco
-4.963;40.026;Embalse de Navalcan;Toledo;Castilla y Leon;2002;May;Animalia;Aves;Podicipedidae;Podiceps;Podiceps cristatus;Somormujo lavanco
-4.963;40.026;Embalse de Navalcan;Toledo;Castilla y Leon;2003;May;Animalia;Aves;Podicipedidae;Podiceps;Podiceps cristatus;Somormujo lavanco
-4.963;40.026;Embalse de Navalcan;Toledo;Castilla y Leon;2004;May;Animalia;Aves;Podicipedidae;Podiceps;Podiceps cristatus;Somormujo lavanco
-4.759;40.134;Embalse de Navamorcuende;Toledo;Castilla y Leon;2000;May;Animalia;Aves;Podicipedidae;Podiceps;Podiceps cristatus;Somormujo lavanco
-4.759;40.134;Embalse de Navamorcuende;Toledo;Castilla y Leon;2000;Dec;Animalia;Aves;Podicipedidae;Tachybaptus;Tachybaptus ruficollis;Zampullin comun
-4.26;40.339;Embalse de Picadas ;Toledo;Castilla y Leon;2000;May;Animalia;Aves;Podicipedidae;Podiceps;Podiceps cristatus;Somormujo lavanco
-4.839;40.002;Embalse de Portina;Toledo;Castilla y Leon;2000;May;Animalia;Aves;Podicipedidae;Podiceps;Podiceps cristatus;Somormujo lavanco
-4.839;40.002;Embalse de Portina;Toledo;Castilla y Leon;2000;Dec;Animalia;Aves;Podicipedidae;Tachybaptus;Tachybaptus ruficollis;Zampullin comun
-4.839;40.002;Embalse de Portina;Toledo;Castilla y Leon;2001;May;Animalia;Aves;Podicipedidae;Podiceps;Podiceps cristatus;Somormujo lavanco
-4.839;40.002;Embalse de Portina;Toledo;Castilla y Leon;2002;May;Animalia;Aves;Podicipedidae;Podiceps;Podiceps cristatus;Somormujo lavanco
-4.839;40.002;Embalse de Portina;Toledo;Castilla y Leon;2003;May;Animalia;Aves;Podicipedidae;Podiceps;Podiceps cristatus;Somormujo lavanco
-4.839;40.002;Embalse de Portina;Toledo;Castilla y Leon;2003;Dec;Animalia;Aves;Podicipedidae;Tachybaptus;Tachybaptus ruficollis;Zampullin comun
-4.839;40.002;Embalse de Portina;Toledo;Castilla y Leon;2004;May;Animalia;Aves;Podicipedidae;Podiceps;Podiceps cristatus;Somormujo lavanco
-5.307;40.105;Embalse de Rosarito (AV-TO);Toledo;Castilla y Leon;2000;May;Animalia;Aves;Podicipedidae;Podiceps;Podiceps cristatus;Somormujo lavanco
-5.305;40.101;Embalse de Rosarito (TO-AV);Toledo;Castilla y Leon;2000;Dec;Animalia;Aves;Podicipedidae;Tachybaptus;Tachybaptus ruficollis;Zampullin comun
-5.305;40.101;Embalse de Rosarito (TO-AV);Toledo;Castilla y Leon;2001;May;Animalia;Aves;Podicipedidae;Podiceps;Podiceps cristatus;Somormujo lavanco
-5.305;40.101;Embalse de Rosarito (TO-AV);Toledo;Castilla y Leon;2002;May;Animalia;Aves;Podicipedidae;Podiceps;Podiceps cristatus;Somormujo lavanco
-5.305;40.101;Embalse de Rosarito (TO-AV);Toledo;Castilla y Leon;2003;May;Animalia;Aves;Podicipedidae;Podiceps;Podiceps nigricollis;Zampullin cuellinegro
-5.305;40.101;Embalse de Rosarito (TO-AV);Toledo;Castilla y Leon;2003;Dec;Animalia;Aves;Podicipedidae;Tachybaptus;Tachybaptus ruficollis;Zampullin comun
-5.305;40.101;Embalse de Rosarito (TO-AV);Toledo;Castilla y Leon;2004;May;Animalia;Aves;Podicipedidae;Podiceps;Podiceps cristatus;Somormujo lavanco
-4.369;39.619;Embalse de Torcon;Toledo;Castilla y Leon;2000;May;Animalia;Aves;Podicipedidae;Podiceps;Podiceps cristatus;Somormujo lavanco
-4.369;39.619;Embalse de Torcon;Toledo;Castilla y Leon;2000;Dec;Animalia;Aves;Podicipedidae;Tachybaptus;Tachybaptus ruficollis;Zampullin comun
-4.369;39.619;Embalse de Torcon;Toledo;Castilla y Leon;2001;May;Animalia;Aves;Podicipedidae;Podiceps;Podiceps cristatus;Somormujo lavanco
-4.369;39.619;Embalse de Torcon;Toledo;Castilla y Leon;2002;May;Animalia;Aves;Podicipedidae;Podiceps;Podiceps nigricollis;Zampullin cuellinegro
-4.051;40.547;Embalse de Valmayor ;Toledo;Castilla y Leon;2000;May;Animalia;Aves;Podicipedidae;Podiceps;Podiceps cristatus;Somormujo lavanco
-3.927;39.679;Embalse del Arroyo de Valdecabras, Dehesa de Villaverde;Toledo;Castilla y Leon;2000;Dec;Animalia;Aves;Podicipedidae;Tachybaptus;Tachybaptus ruficollis;Zampullin comun
-3.927;39.679;Embalse del Arroyo de Valdecabras, Dehesa de Villaverde;Toledo;Castilla y Leon;2001;May;Animalia;Aves;Podicipedidae;Podiceps;Podiceps cristatus;Somormujo lavanco
-3.927;39.679;Embalse del Arroyo de Valdecabras, Dehesa de Villaverde;Toledo;Castilla y Leon;2002;May;Animalia;Aves;Podicipedidae;Podiceps;Podiceps nigricollis;Zampullin cuellinegro
-4.386;39.623;Embalse del Torcon II o de la Yedra;Toledo;Castilla y Leon;2000;May;Animalia;Aves;Podicipedidae;Podiceps;Podiceps cristatus;Somormujo lavanco
-4.386;39.623;Embalse del Torcon II o de la Yedra;Toledo;Castilla y Leon;2000;Dec;Animalia;Aves;Podicipedidae;Tachybaptus;Tachybaptus ruficollis;Zampullin comun
-4.386;39.623;Embalse del Torcon II o de la Yedra;Toledo;Castilla y Leon;2001;May;Animalia;Aves;Podicipedidae;Podiceps;Podiceps cristatus;Somormujo lavanco
-4.853;39.721;Embalse Rio Gevalo, La Fresneda, Alcaudete de la Jara;Toledo;Castilla y Leon;2000;Dec;Animalia;Aves;Podicipedidae;Tachybaptus;Tachybaptus ruficollis;Zampullin comun
-4.853;39.721;Embalse Rio Gevalo, La Fresneda, Alcaudete de la Jara;Toledo;Castilla y Leon;2001;May;Animalia;Aves;Podicipedidae;Podiceps;Podiceps cristatus;Somormujo lavanco
-3.873;39.931;Finca Velilla, Mocejon;Toledo;Castilla y Leon;2000;Dec;Animalia;Aves;Podicipedidae;Tachybaptus;Tachybaptus ruficollis;Zampullin comun
-3.873;39.931;Finca Velilla, Mocejon;Toledo;Castilla y Leon;2003;Dec;Animalia;Aves;Podicipedidae;Tachybaptus;Tachybaptus ruficollis;Zampullin comun
-3.908;39.915;Gravera Aridos Velilla, Mocejon;Toledo;Castilla y Leon;2000;Dec;Animalia;Aves;Podicipedidae;Tachybaptus;Tachybaptus ruficollis;Zampullin comun
-3.908;39.915;Gravera Aridos Velilla, Mocejon;Toledo;Castilla y Leon;2001;May;Animalia;Aves;Podicipedidae;Podiceps;Podiceps cristatus;Somormujo lavanco
-4.411;40.153;Gravera Casa del Olivar Grande, Escalona;Toledo;Castilla y Leon;2000;Dec;Animalia;Aves;Podicipedidae;Tachybaptus;Tachybaptus ruficollis;Zampullin comun
-3.616;40.095;Gravera el Jembleque, Sesena;Toledo;Castilla y Leon;2000;Dec;Animalia;Aves;Podicipedidae;Tachybaptus;Tachybaptus ruficollis;Zampullin comun
-3.616;40.095;Gravera el Jembleque, Sesena;Toledo;Castilla y Leon;2001;May;Animalia;Aves;Podicipedidae;Podiceps;Podiceps cristatus;Somormujo lavanco
-3.616;40.095;Gravera el Jembleque, Sesena;Toledo;Castilla y Leon;2002;May;Animalia;Aves;Podicipedidae;Podiceps;Podiceps cristatus;Somormujo lavanco
-3.616;40.095;Gravera el Jembleque, Sesena;Toledo;Castilla y Leon;2002;May;Animalia;Aves;Anatidae;Netta;Netta rufina;Pato colorado
-3.616;40.095;Gravera el Jembleque, Sesena;Toledo;Castilla y Leon;2003;May;Animalia;Aves;Podicipedidae;Podiceps;Podiceps cristatus;Somormujo lavanco
-3.616;40.095;Gravera el Jembleque, Sesena;Toledo;Castilla y Leon;2003;Dec;Animalia;Aves;Podicipedidae;Tachybaptus;Tachybaptus ruficollis;Zampullin comun
-3.616;40.095;Gravera el Jembleque, Sesena;Toledo;Castilla y Leon;2004;May;Animalia;Aves;Podicipedidae;Podiceps;Podiceps cristatus;Somormujo lavanco
-4.142;39.929;Gravera Finca Mazarabeas Altas, Bargas;Toledo;Castilla y Leon;2000;Dec;Animalia;Aves;Podicipedidae;Tachybaptus;Tachybaptus ruficollis;Zampullin comun
-4.213;39.876;Gravera Los Arenales, Albarreal de Tajo;Toledo;Castilla y Leon;2000;Dec;Animalia;Aves;Podicipedidae;Tachybaptus;Tachybaptus ruficollis;Zampullin comun
-4.213;39.876;Gravera Los Arenales, Albarreal de Tajo;Toledo;Castilla y Leon;2001;Dec;Animalia;Aves;Ardeidae;Ixobrychus;Ixobrychus minutus;Avetorillo comun
-4.213;39.876;Gravera Los Arenales, Albarreal de Tajo;Toledo;Castilla y Leon;2003;Dec;Animalia;Aves;Podicipedidae;Tachybaptus;Tachybaptus ruficollis;Zampullin comun
-4.352;39.886;Gravera Los Porao, La Puebla de Montalban;Toledo;Castilla y Leon;2000;Dec;Animalia;Aves;Podicipedidae;Tachybaptus;Tachybaptus ruficollis;Zampullin comun
-3.759;39.972;Gravera Puente de Anover;Toledo;Castilla y Leon;2000;Dec;Animalia;Aves;Podicipedidae;Tachybaptus;Tachybaptus ruficollis;Zampullin comun
-3.619;40.073;Gravera Puente Largo;Toledo;Castilla y Leon;2001;May;Animalia;Aves;Anatidae;Netta;Netta rufina;Pato colorado
-3.619;40.073;Gravera Puente Largo, Sesena;Toledo;Castilla y Leon;2000;Dec;Animalia;Aves;Podicipedidae;Tachybaptus;Tachybaptus ruficollis;Zampullin comun
-3.689;40.017;Gravera Valdebajares, Borox;Toledo;Castilla y Leon;2000;Dec;Animalia;Aves;Podicipedidae;Tachybaptus;Tachybaptus ruficollis;Zampullin comun
-3.612;40.065;Graveras El Puente (TO-M);Toledo;Castilla y Leon;2000;May;Animalia;Aves;Podicipedidae;Podiceps;Podiceps cristatus;Somormujo lavanco
-3.612;40.065;Graveras El Puente (TO-M);Toledo;Castilla y Leon;2000;May;Animalia;Aves;Anatidae;Tadorna;Tadorna tadorna;Tarro blanco
-3.612;40.065;Graveras El Puente (TO-M);Toledo;Castilla y Leon;2000;May;Animalia;Aves;Anatidae;Netta;Netta rufina;Pato colorado
-3.612;40.065;Graveras El Puente (TO-M);Toledo;Castilla y Leon;2000;Dec;Animalia;Aves;Podicipedidae;Tachybaptus;Tachybaptus ruficollis;Zampullin comun
-3.612;40.065;Graveras El Puente (TO-M);Toledo;Castilla y Leon;2001;May;Animalia;Aves;Podicipedidae;Podiceps;Podiceps cristatus;Somormujo lavanco
-3.612;40.065;Graveras El Puente (TO-M);Toledo;Castilla y Leon;2001;May;Animalia;Aves;Podicipedidae;Podiceps;Podiceps nigricollis;Zampullin cuellinegro
-3.612;40.065;Graveras El Puente (TO-M);Toledo;Castilla y Leon;2001;May;Animalia;Aves;Anatidae;Netta;Netta rufina;Pato colorado
-3.612;40.065;Graveras El Puente (TO-M);Toledo;Castilla y Leon;2002;May;Animalia;Aves;Podicipedidae;Podiceps;Podiceps cristatus;Somormujo lavanco
-3.612;40.065;Graveras El Puente (TO-M);Toledo;Castilla y Leon;2002;May;Animalia;Aves;Podicipedidae;Podiceps;Podiceps nigricollis;Zampullin cuellinegro
-3.612;40.065;Graveras El Puente (TO-M);Toledo;Castilla y Leon;2002;May;Animalia;Aves;Anatidae;Netta;Netta rufina;Pato colorado
-3.612;40.065;Graveras El Puente (TO-M);Toledo;Castilla y Leon;2003;May;Animalia;Aves;Podicipedidae;Podiceps;Podiceps cristatus;Somormujo lavanco
-3.612;40.065;Graveras El Puente (TO-M);Toledo;Castilla y Leon;2003;May;Animalia;Aves;Anatidae;Netta;Netta rufina;Pato colorado
-3.612;40.065;Graveras El Puente (TO-M);Toledo;Castilla y Leon;2003;Dec;Animalia;Aves;Podicipedidae;Tachybaptus;Tachybaptus ruficollis;Zampullin comun
-3.612;40.065;Graveras El Puente (TO-M);Toledo;Castilla y Leon;2004;May;Animalia;Aves;Podicipedidae;Podiceps;Podiceps cristatus;Somormujo lavanco
-4.842;39.94;Graveras Higueruela, Talavera de la Reina;Toledo;Castilla y Leon;2003;Dec;Animalia;Aves;Podicipedidae;Tachybaptus;Tachybaptus ruficollis;Zampullin comun
-3.533;39.805;La Laguna, La Guardia;Toledo;Castilla y Leon;2002;May;Animalia;Aves;Anatidae;Tadorna;Tadorna tadorna;Tarro blanco
-4.264;40.012;Lago Espana, Noves;Toledo;Castilla y Leon;2000;Dec;Animalia;Aves;Podicipedidae;Tachybaptus;Tachybaptus ruficollis;Zampullin comun
-3.291;39.659;Laguna Albardiosa Grande;Toledo;Castilla y Leon;2001;May;Animalia;Aves;Anatidae;Tadorna;Tadorna tadorna;Tarro blanco
-3.331;39.466;Laguna Chica  de Villafranca de los Caballeros;Toledo;Castilla y Leon;2000;May;Animalia;Aves;Podicipedidae;Podiceps;Podiceps cristatus;Somormujo lavanco
-3.331;39.466;Laguna Chica  de Villafranca de los Caballeros;Toledo;Castilla y Leon;2000;May;Animalia;Aves;Anatidae;Netta;Netta rufina;Pato colorado
-3.331;39.466;Laguna Chica  de Villafranca de los Caballeros;Toledo;Castilla y Leon;2000;Dec;Animalia;Aves;Podicipedidae;Tachybaptus;Tachybaptus ruficollis;Zampullin comun
-3.331;39.466;Laguna Chica  de Villafranca de los Caballeros;Toledo;Castilla y Leon;2001;May;Animalia;Aves;Anatidae;Netta;Netta rufina;Pato colorado
-3.331;39.466;Laguna Chica  de Villafranca de los Caballeros;Toledo;Castilla y Leon;2002;May;Animalia;Aves;Anatidae;Netta;Netta rufina;Pato colorado
-3.331;39.466;Laguna Chica  de Villafranca de los Caballeros;Toledo;Castilla y Leon;2003;May;Animalia;Aves;Anatidae;Netta;Netta rufina;Pato colorado
-3.302;39.704;Laguna de El Altillo Chico;Toledo;Castilla y Leon;2001;May;Animalia;Aves;Anatidae;Tadorna;Tadorna tadorna;Tarro blanco
-3.327;39.621;Laguna de la Estacion Villacanas;Toledo;Castilla y Leon;2001;May;Animalia;Aves;Anatidae;Tadorna;Tadorna tadorna;Tarro blanco
-4.351;41.346;Laguna de la Vega, Cuellar (SG);Toledo;Castilla y Leon;2000;Dec;Animalia;Aves;Podicipedidae;Tachybaptus;Tachybaptus ruficollis;Zampullin comun
-3.302;39.484;Laguna de Vadoancho;Toledo;Castilla y Leon;2002;May;Animalia;Aves;Anatidae;Netta;Netta rufina;Pato colorado
-3.92;38.79;Laguna del Acebuche ;Toledo;Castilla y Leon;2000;May;Animalia;Aves;Podicipedidae;Podiceps;Podiceps cristatus;Somormujo lavanco
-3.321;39.704;Laguna del Longar, Lillo;Toledo;Castilla y Leon;2001;May;Animalia;Aves;Anatidae;Tadorna;Tadorna tadorna;Tarro blanco
-3.321;39.704;Laguna del Longar, Lillo;Toledo;Castilla y Leon;2002;May;Animalia;Aves;Anatidae;Tadorna;Tadorna tadorna;Tarro blanco
-3.321;39.704;Laguna del Longar, Lillo;Toledo;Castilla y Leon;2003;May;Animalia;Aves;Anatidae;Tadorna;Tadorna tadorna;Tarro blanco
-3.321;39.704;Laguna del Longar, Lillo;Toledo;Castilla y Leon;2004;May;Animalia;Aves;Anatidae;Tadorna;Tadorna tadorna;Tarro blanco
-3.285;39.511;Laguna del Masegar;Toledo;Castilla y Leon;2000;May;Animalia;Aves;Anatidae;Netta;Netta rufina;Pato colorado
-3.32;39.531;Laguna del Taray, Quero;Toledo;Castilla y Leon;2000;May;Animalia;Aves;Podicipedidae;Podiceps;Podiceps nigricollis;Zampullin cuellinegro
-3.32;39.531;Laguna del Taray, Quero;Toledo;Castilla y Leon;2000;May;Animalia;Aves;Anatidae;Netta;Netta rufina;Pato colorado
-3.32;39.531;Laguna del Taray, Quero;Toledo;Castilla y Leon;2000;Dec;Animalia;Aves;Podicipedidae;Tachybaptus;Tachybaptus ruficollis;Zampullin comun
-3.32;39.531;Laguna del Taray, Quero;Toledo;Castilla y Leon;2001;May;Animalia;Aves;Anatidae;Tadorna;Tadorna tadorna;Tarro blanco
-3.32;39.531;Laguna del Taray, Quero;Toledo;Castilla y Leon;2001;May;Animalia;Aves;Anatidae;Netta;Netta rufina;Pato colorado
-3.32;39.531;Laguna del Taray, Quero;Toledo;Castilla y Leon;2002;May;Animalia;Aves;Podicipedidae;Podiceps;Podiceps cristatus;Somormujo lavanco
-3.32;39.531;Laguna del Taray, Quero;Toledo;Castilla y Leon;2002;May;Animalia;Aves;Anatidae;Tadorna;Tadorna tadorna;Tarro blanco
-3.32;39.531;Laguna del Taray, Quero;Toledo;Castilla y Leon;2003;Dec;Animalia;Aves;Anatidae;Tadorna;Tadorna tadorna;Tarro blanco
-3.32;39.531;Laguna del Taray, Quero;Toledo;Castilla y Leon;2004;Jul;Animalia;Aves;Anatidae;Tadorna;Tadorna tadorna;Tarro blanco
-3.32;39.531;Laguna del Taray, Quero;Toledo;Castilla y Leon;2004;May;Animalia;Aves;Anatidae;Netta;Netta rufina;Pato colorado
-5.329;40.018;Laguna El Grullo, Calzada de Oropesa;Toledo;Castilla y Leon;2000;Dec;Animalia;Aves;Podicipedidae;Tachybaptus;Tachybaptus ruficollis;Zampullin comun
-5.329;40.018;Laguna El Grullo, Calzada de Oropesa;Toledo;Castilla y Leon;2003;Dec;Animalia;Aves;Podicipedidae;Tachybaptus;Tachybaptus ruficollis;Zampullin comun
-3.337;39.452;Laguna Grande de Villafranca;Toledo;Castilla y Leon;2000;Jul;Animalia;Aves;Podicipedidae;Podiceps;Podiceps cristatus;Somormujo lavanco
-3.337;39.452;Laguna Grande de Villafranca;Toledo;Castilla y Leon;2000;Dec;Animalia;Aves;Podicipedidae;Tachybaptus;Tachybaptus ruficollis;Zampullin comun
-3.337;39.452;Laguna Grande de Villafranca;Toledo;Castilla y Leon;2001;Jul;Animalia;Aves;Podicipedidae;Podiceps;Podiceps cristatus;Somormujo lavanco
-3.337;39.452;Laguna Grande de Villafranca;Toledo;Castilla y Leon;2001;May;Animalia;Aves;Anatidae;Netta;Netta rufina;Pato colorado
-3.337;39.452;Laguna Grande de Villafranca;Toledo;Castilla y Leon;2001;Dec;Animalia;Aves;Podicipedidae;Tachybaptus;Tachybaptus ruficollis;Zampullin comun
-3.337;39.452;Laguna Grande de Villafranca;Toledo;Castilla y Leon;2003;May;Animalia;Aves;Anatidae;Netta;Netta rufina;Pato colorado
-3.337;39.452;Laguna Grande de Villafranca;Toledo;Castilla y Leon;2004;Jul;Animalia;Aves;Podicipedidae;Podiceps;Podiceps cristatus;Somormujo lavanco
-3.337;39.452;Laguna Grande de Villafranca;Toledo;Castilla y Leon;2004;May;Animalia;Aves;Anatidae;Netta;Netta rufina;Pato colorado
-3.317;39.605;Laguna Larga, Villacanas;Toledo;Castilla y Leon;2000;Jul;Animalia;Aves;Podicipedidae;Podiceps;Podiceps nigricollis;Zampullin cuellinegro
-3.317;39.605;Laguna Larga, Villacanas;Toledo;Castilla y Leon;2000;Jul;Animalia;Aves;Anatidae;Tadorna;Tadorna tadorna;Tarro blanco
-3.317;39.605;Laguna Larga, Villacanas;Toledo;Castilla y Leon;2000;Dec;Animalia;Aves;Podicipedidae;Tachybaptus;Tachybaptus ruficollis;Zampullin comun
-3.317;39.605;Laguna Larga, Villacanas;Toledo;Castilla y Leon;2001;Jul;Animalia;Aves;Podicipedidae;Podiceps;Podiceps nigricollis;Zampullin cuellinegro
-3.317;39.605;Laguna Larga, Villacanas;Toledo;Castilla y Leon;2001;Jul;Animalia;Aves;Anatidae;Tadorna;Tadorna tadorna;Tarro blanco
-3.317;39.605;Laguna Larga, Villacanas;Toledo;Castilla y Leon;2001;May;Animalia;Aves;Anatidae;Netta;Netta rufina;Pato colorado
-3.317;39.605;Laguna Larga, Villacanas;Toledo;Castilla y Leon;2002;Jul;Animalia;Aves;Anatidae;Tadorna;Tadorna tadorna;Tarro blanco
-3.317;39.605;Laguna Larga, Villacanas;Toledo;Castilla y Leon;2003;Jul;Animalia;Aves;Anatidae;Tadorna;Tadorna tadorna;Tarro blanco
-3.317;39.605;Laguna Larga, Villacanas;Toledo;Castilla y Leon;2003;Dec;Animalia;Aves;Podicipedidae;Tachybaptus;Tachybaptus ruficollis;Zampullin comun
-3.317;39.605;Laguna Larga, Villacanas;Toledo;Castilla y Leon;2004;Jul;Animalia;Aves;Anatidae;Tadorna;Tadorna tadorna;Tarro blanco
-4.324;43.388;Marismas de Oyambre ;Toledo;Castilla y Leon;2000;Dec;Animalia;Aves;Threskiornithidae;Platalea;Platalea leucorodia;Espatula comun
-4.295;39.64;Menasalbas;Toledo;Castilla y Leon;2016;Oct;Animalia;Aves;Upupidae;Upupa;Upupa epops;Eurasian Hoopoe
-3.053;39.516;Miguel Esteban--Balsas;Toledo;Castilla y Leon;2016;Jul;Animalia;Aves;Anatidae;Tadorna;Tadorna tadorna;Common Shelduck
-4.853;39.644;Mtes. de Toledo--Señora de Barilon;Toledo;Castilla y Leon;2016;Dec;Animalia;Aves;Fringillidae;Fringilla;Fringilla coelebs;Common Chaffinch
-4.893;39.651;Mtes. de Toledo--Señora del Castillado;Toledo;Castilla y Leon;2016;Dec;Animalia;Aves;Fringillidae;Fringilla;Fringilla coelebs;Common Chaffinch
-4.722;39.646;Mtes. de Toledo--Sierra del Azarejo;Toledo;Castilla y Leon;2016;Dec;Animalia;Aves;Fringillidae;Fringilla;Fringilla coelebs;Common Chaffinch
-5.186;40.047;Oropesa to Candeleda steppe;Toledo;Castilla y Leon;2002;Dec;Animalia;Aves;Fringillidae;Fringilla;Fringilla coelebs;Common Chaffinch
-5.186;40.047;Oropesa to Candeleda steppe;Toledo;Castilla y Leon;2002;Jul;Animalia;Aves;Podicipedidae;Podiceps;Podiceps cristatus;Great Crested Grebe
-5.186;40.047;Oropesa to Candeleda steppe;Toledo;Castilla y Leon;2002;Oct;Animalia;Aves;Upupidae;Upupa;Upupa epops;Eurasian Hoopoe
-5.186;40.047;Oropesa to Candeleda steppe;Toledo;Castilla y Leon;2002;Jul;Animalia;Aves;Podicipedidae;Podiceps;Podiceps nigricollis;Eared Grebe
-4.664;39.853;Osborne-Malpica;Toledo;Castilla y Leon;2019;Dec;Animalia;Aves;Podicipedidae;Tachybaptus;Tachybaptus ruficollis;Little Grebe
-3.882;39.404;Pantano Finca Valdesimon, Los Yebenes;Toledo;Castilla y Leon;2000;Dec;Animalia;Aves;Podicipedidae;Tachybaptus;Tachybaptus ruficollis;Zampullin comun
-3.873;39.427;Pantano Finca Valle de Abajo, Los Yebenes;Toledo;Castilla y Leon;2000;Dec;Animalia;Aves;Podicipedidae;Tachybaptus;Tachybaptus ruficollis;Zampullin comun
-3.597;39.859;Prados de Huerta de Valdecarabanos;Toledo;Castilla y Leon;2000;Dec;Animalia;Aves;Podicipedidae;Tachybaptus;Tachybaptus ruficollis;Zampullin comun
-3.611;40.081;Rio Jarama, Sesena;Toledo;Castilla y Leon;2000;Dec;Animalia;Aves;Ardeidae;Nycticorax;Nycticorax nycticorax;Martinete comun
-3.611;40.081;Rio Jarama, Sesena;Toledo;Castilla y Leon;2000;Dec;Animalia;Aves;Podicipedidae;Tachybaptus;Tachybaptus ruficollis;Zampullin comun
-3.611;40.081;Rio Jarama, Sesena;Toledo;Castilla y Leon;2003;May;Animalia;Aves;Anatidae;Netta;Netta rufina;Pato colorado
-3.611;40.081;Rio Jarama, Sesena;Toledo;Castilla y Leon;2003;Dec;Animalia;Aves;Podicipedidae;Tachybaptus;Tachybaptus ruficollis;Zampullin comun
-3.693;40.018;Rio Tajo Aranjuez-Toledo;Toledo;Castilla y Leon;2000;Dec;Animalia;Aves;Ardeidae;Ixobrychus;Ixobrychus minutus;Avetorillo comun
-3.693;40.018;Rio Tajo Aranjuez-Toledo;Toledo;Castilla y Leon;2000;Dec;Animalia;Aves;Ardeidae;Nycticorax;Nycticorax nycticorax;Martinete comun
-3.693;40.018;Rio Tajo Aranjuez-Toledo;Toledo;Castilla y Leon;2000;Dec;Animalia;Aves;Podicipedidae;Tachybaptus;Tachybaptus ruficollis;Zampullin comun
-3.693;40.018;Rio Tajo Aranjuez-Toledo;Toledo;Castilla y Leon;2001;Dec;Animalia;Aves;Ardeidae;Ixobrychus;Ixobrychus minutus;Avetorillo comun
-3.693;40.018;Rio Tajo Aranjuez-Toledo;Toledo;Castilla y Leon;2002;Jul;Animalia;Aves;Anatidae;Tadorna;Tadorna tadorna;Tarro blanco
-3.693;40.018;Rio Tajo Aranjuez-Toledo;Toledo;Castilla y Leon;2002;Dec;Animalia;Aves;Ardeidae;Ixobrychus;Ixobrychus minutus;Avetorillo comun
-3.693;40.018;Rio Tajo Aranjuez-Toledo;Toledo;Castilla y Leon;2003;May;Animalia;Aves;Anatidae;Netta;Netta rufina;Pato colorado
-3.693;40.018;Rio Tajo Aranjuez-Toledo;Toledo;Castilla y Leon;2003;Dec;Animalia;Aves;Ardeidae;Nycticorax;Nycticorax nycticorax;Martinete comun
-3.693;40.018;Rio Tajo Aranjuez-Toledo;Toledo;Castilla y Leon;2003;Dec;Animalia;Aves;Podicipedidae;Tachybaptus;Tachybaptus ruficollis;Zampullin comun
-3.693;40.018;Rio Tajo Aranjuez-Toledo;Toledo;Castilla y Leon;2004;Jul;Animalia;Aves;Podicipedidae;Podiceps;Podiceps cristatus;Somormujo lavanco
-4.493;39.882;Rio Tajo Puebla de Montalban-Malpica de Tajo;Toledo;Castilla y Leon;2003;Dec;Animalia;Aves;Ardeidae;Ardea;Egretta alba;Garceta grande
-4.493;39.882;Rio Tajo Puebla de Montalban-Malpica de Tajo;Toledo;Castilla y Leon;2003;Dec;Animalia;Aves;Podicipedidae;Tachybaptus;Tachybaptus ruficollis;Zampullin comun
-4.193;39.87;Rio Tajo Toledo-Castrejon;Toledo;Castilla y Leon;2000;Dec;Animalia;Aves;Ardeidae;Ixobrychus;Ixobrychus minutus;Avetorillo comun
-4.193;39.87;Rio Tajo Toledo-Castrejon;Toledo;Castilla y Leon;2000;Dec;Animalia;Aves;Podicipedidae;Tachybaptus;Tachybaptus ruficollis;Zampullin comun
-4.204;43.114;Saja-Besaya PNat--Area General;Toledo;Castilla y Leon;2000;Dec;Animalia;Aves;Fringillidae;Fringilla;Fringilla coelebs;Common Chaffinch
-3.251;39.5;Salinas de Quero;Toledo;Castilla y Leon;2001;Jul;Animalia;Aves;Anatidae;Tadorna;Tadorna tadorna;Tarro blanco
-3.251;39.5;Salinas de Quero;Toledo;Castilla y Leon;2002;Jul;Animalia;Aves;Anatidae;Tadorna;Tadorna tadorna;Tarro blanco
-3.251;39.5;Salinas de Quero;Toledo;Castilla y Leon;2003;Jul;Animalia;Aves;Anatidae;Tadorna;Tadorna tadorna;Tarro blanco
-3.751;39.054;Soto del Lugar - Anover de Tajo;Toledo;Castilla y Leon;2000;Dec;Animalia;Aves;Podicipedidae;Tachybaptus;Tachybaptus ruficollis;Zampullin comun
-3.694;39.153;Tablas de Daimiel ;Toledo;Castilla y Leon;2000;May;Animalia;Aves;Anatidae;Netta;Netta rufina;Pato colorado
-4.651;39.637;Toledo;Toledo;Castilla y Leon;2015;Apr;Animalia;Amphibia;Bufonidae;Bufo;Bufo spinosus;Spiny Toad
-3.05;39.515;Charcones de Miguel Esteban;Toledo;Castilla y Leon;2005;Jul;Animalia;Aves;Podicipedidae;Podiceps;Podiceps nigricollis;Zampullin cuellinegro
-3.05;39.515;Charcones de Miguel Esteban;Toledo;Castilla y Leon;2005;Jul;Animalia;Aves;Anatidae;Tadorna;Tadorna tadorna;Tarro blanco
-3.05;39.515;Charcones de Miguel Esteban;Toledo;Castilla y Leon;2006;Jul;Animalia;Aves;Anatidae;Tadorna;Tadorna tadorna;Tarro blanco
-3.05;39.515;Charcones de Miguel Esteban;Toledo;Castilla y Leon;2006;Jul;Animalia;Aves;Podicipedidae;Podiceps;Podiceps nigricollis;Zampullin cuellinegro
-3.05;39.515;Charcones de Miguel Esteban;Toledo;Castilla y Leon;2007;Jul;Animalia;Aves;Podicipedidae;Podiceps;Podiceps cristatus;Somormujo lavanco
-3.05;39.515;Charcones de Miguel Esteban;Toledo;Castilla y Leon;2007;Jul;Animalia;Aves;Podicipedidae;Podiceps;Podiceps nigricollis;Zampullin cuellinegro
-3.05;39.515;Charcones de Miguel Esteban;Toledo;Castilla y Leon;2007;Jul;Animalia;Aves;Anatidae;Tadorna;Tadorna tadorna;Tarro blanco
-3.05;39.515;Charcones de Miguel Esteban;Toledo;Castilla y Leon;2007;May;Animalia;Aves;Anatidae;Netta;Netta rufina;Pato colorado
-3.05;39.515;Charcones de Miguel Esteban;Toledo;Castilla y Leon;2007;Dec;Animalia;Aves;Podicipedidae;Tachybaptus;Tachybaptus ruficollis;Zampullin comun
-3.05;39.515;Charcones de Miguel Esteban;Toledo;Castilla y Leon;2008;Jul;Animalia;Aves;Anatidae;Tadorna;Tadorna tadorna;Tarro blanco
-3.05;39.515;Charcones de Miguel Esteban;Toledo;Castilla y Leon;2008;Jul;Animalia;Aves;Podicipedidae;Podiceps;Podiceps nigricollis;Zampullin cuellinegro
-3.05;39.515;Charcones de Miguel Esteban;Toledo;Castilla y Leon;2008;Dec;Animalia;Aves;Podicipedidae;Tachybaptus;Tachybaptus ruficollis;Zampullin comun
-3.05;39.515;Charcones de Miguel Esteban;Toledo;Castilla y Leon;2009;Jul;Animalia;Aves;Podicipedidae;Podiceps;Podiceps nigricollis;Zampullin cuellinegro
-3.05;39.515;Charcones de Miguel Esteban;Toledo;Castilla y Leon;2009;Jul;Animalia;Aves;Anatidae;Tadorna;Tadorna tadorna;Tarro blanco
-3.05;39.515;Charcones de Miguel Esteban;Toledo;Castilla y Leon;2010;Jul;Animalia;Aves;Anatidae;Tadorna;Tadorna tadorna;Tarro blanco
-3.6;39.067;DAIMIEL;Toledo;Castilla y Leon;2004;Dec;Animalia;Aves;Fringillidae;Fringilla;Fringilla coelebs;Pinzon vulgar
-3.549;39.812;Dehesa de Monreal, Dos Barrios;Toledo;Castilla y Leon;2005;Jul;Animalia;Aves;Podicipedidae;Podiceps;Podiceps cristatus;Somormujo lavanco
-3.549;39.812;Dehesa de Monreal, Dos Barrios;Toledo;Castilla y Leon;2005;Jul;Animalia;Aves;Podicipedidae;Podiceps;Podiceps nigricollis;Zampullin cuellinegro
-3.549;39.812;Dehesa de Monreal, Dos Barrios;Toledo;Castilla y Leon;2005;May;Animalia;Aves;Anatidae;Netta;Netta rufina;Pato colorado
-3.549;39.812;Dehesa de Monreal, Dos Barrios;Toledo;Castilla y Leon;2006;Jul;Animalia;Aves;Podicipedidae;Podiceps;Podiceps cristatus;Somormujo lavanco
-3.549;39.812;Dehesa de Monreal, Dos Barrios;Toledo;Castilla y Leon;2006;May;Animalia;Aves;Anatidae;Netta;Netta rufina;Pato colorado
-3.549;39.812;Dehesa de Monreal, Dos Barrios;Toledo;Castilla y Leon;2006;Jul;Animalia;Aves;Podicipedidae;Podiceps;Podiceps nigricollis;Zampullin cuellinegro
-3.549;39.812;Dehesa de Monreal, Dos Barrios;Toledo;Castilla y Leon;2007;Jul;Animalia;Aves;Podicipedidae;Podiceps;Podiceps cristatus;Somormujo lavanco
-3.549;39.812;Dehesa de Monreal, Dos Barrios;Toledo;Castilla y Leon;2007;May;Animalia;Aves;Anatidae;Netta;Netta rufina;Pato colorado
-3.549;39.812;Dehesa de Monreal, Dos Barrios;Toledo;Castilla y Leon;2007;Jul;Animalia;Aves;Podicipedidae;Podiceps;Podiceps nigricollis;Zampullin cuellinegro
-3.549;39.812;Dehesa de Monreal, Dos Barrios;Toledo;Castilla y Leon;2007;Dec;Animalia;Aves;Podicipedidae;Tachybaptus;Tachybaptus ruficollis;Zampullin comun
-3.549;39.812;Dehesa de Monreal, Dos Barrios;Toledo;Castilla y Leon;2008;Jul;Animalia;Aves;Podicipedidae;Podiceps;Podiceps cristatus;Somormujo lavanco
-3.549;39.812;Dehesa de Monreal, Dos Barrios;Toledo;Castilla y Leon;2008;Jul;Animalia;Aves;Podicipedidae;Podiceps;Podiceps nigricollis;Zampullin cuellinegro
-3.549;39.812;Dehesa de Monreal, Dos Barrios;Toledo;Castilla y Leon;2008;May;Animalia;Aves;Anatidae;Netta;Netta rufina;Pato colorado
-3.549;39.812;Dehesa de Monreal, Dos Barrios;Toledo;Castilla y Leon;2008;Dec;Animalia;Aves;Podicipedidae;Tachybaptus;Tachybaptus ruficollis;Zampullin comun
-3.549;39.812;Dehesa de Monreal, Dos Barrios;Toledo;Castilla y Leon;2009;Jul;Animalia;Aves;Podicipedidae;Podiceps;Podiceps cristatus;Somormujo lavanco
-3.549;39.812;Dehesa de Monreal, Dos Barrios;Toledo;Castilla y Leon;2009;May;Animalia;Aves;Anatidae;Netta;Netta rufina;Pato colorado
-3.549;39.812;Dehesa de Monreal, Dos Barrios;Toledo;Castilla y Leon;2009;Jul;Animalia;Aves;Podicipedidae;Podiceps;Podiceps nigricollis;Zampullin cuellinegro
-3.549;39.812;Dehesa de Monreal, Dos Barrios;Toledo;Castilla y Leon;2010;May;Animalia;Aves;Anatidae;Netta;Netta rufina;Pato colorado
-3.549;39.812;Dehesa de Monreal, Dos Barrios;Toledo;Castilla y Leon;2010;Jul;Animalia;Aves;Podicipedidae;Podiceps;Podiceps nigricollis;Zampullin cuellinegro
-3.549;39.812;Dehesa de Monreal, Dos Barrios;Toledo;Castilla y Leon;2011;Jul;Animalia;Aves;Podicipedidae;Podiceps;Podiceps cristatus;Somormujo lavanco
-3.549;39.812;Dehesa de Monreal, Dos Barrios;Toledo;Castilla y Leon;2012;Jul;Animalia;Aves;Podicipedidae;Podiceps;Podiceps cristatus;Somormujo lavanco
-3.549;39.812;Dehesa de Monreal, Dos Barrios;Toledo;Castilla y Leon;2012;Jul;Animalia;Aves;Anatidae;Tadorna;Tadorna tadorna;Tarro blanco
-4.982;39.801;Embalse de Azutan;Toledo;Castilla y Leon;2002;May;Animalia;Aves;Anatidae;Anas;Mareca penelope;Eurasian Wigeon
-4.98;39.802;Embalse de Azutan;Toledo;Castilla y Leon;2005;Jul;Animalia;Aves;Podicipedidae;Podiceps;Podiceps cristatus;Somormujo lavanco
-4.98;39.802;Embalse de Azutan;Toledo;Castilla y Leon;2006;Jul;Animalia;Aves;Podicipedidae;Podiceps;Podiceps cristatus;Somormujo lavanco
-4.98;39.802;Embalse de Azutan;Toledo;Castilla y Leon;2008;Jul;Animalia;Aves;Podicipedidae;Podiceps;Podiceps cristatus;Somormujo lavanco
-4.98;39.802;Embalse de Azutan;Toledo;Castilla y Leon;2008;Dec;Animalia;Aves;Podicipedidae;Tachybaptus;Tachybaptus ruficollis;Zampullin comun
-4.98;39.802;Embalse de Azutan;Toledo;Castilla y Leon;2009;Jul;Animalia;Aves;Podicipedidae;Podiceps;Podiceps cristatus;Somormujo lavanco
-4.98;39.802;Embalse de Azutan;Toledo;Castilla y Leon;2010;Jul;Animalia;Aves;Podicipedidae;Podiceps;Podiceps cristatus;Somormujo lavanco
-4.98;39.802;Embalse de Azutan;Toledo;Castilla y Leon;2010;Dec;Animalia;Aves;Ardeidae;Ixobrychus;Ixobrychus minutus;Avetorillo comun
-4.98;39.802;Embalse de Azutan;Toledo;Castilla y Leon;2011;Jul;Animalia;Aves;Podicipedidae;Podiceps;Podiceps cristatus;Somormujo lavanco
-4.98;39.802;Embalse de Azutan;Toledo;Castilla y Leon;2012;Jul;Animalia;Aves;Podicipedidae;Podiceps;Podiceps cristatus;Somormujo lavanco
-4.693;40.021;Embalse de Cazalegas;Toledo;Castilla y Leon;2005;Jul;Animalia;Aves;Podicipedidae;Podiceps;Podiceps cristatus;Somormujo lavanco
-4.693;40.021;Embalse de Cazalegas;Toledo;Castilla y Leon;2006;Jul;Animalia;Aves;Podicipedidae;Podiceps;Podiceps cristatus;Somormujo lavanco
-4.693;40.021;Embalse de Cazalegas;Toledo;Castilla y Leon;2007;Jul;Animalia;Aves;Podicipedidae;Podiceps;Podiceps cristatus;Somormujo lavanco
-4.693;40.021;Embalse de Cazalegas;Toledo;Castilla y Leon;2007;Dec;Animalia;Aves;Podicipedidae;Tachybaptus;Tachybaptus ruficollis;Zampullin comun
-4.693;40.021;Embalse de Cazalegas;Toledo;Castilla y Leon;2008;Jul;Animalia;Aves;Podicipedidae;Podiceps;Podiceps cristatus;Somormujo lavanco
-4.693;40.021;Embalse de Cazalegas;Toledo;Castilla y Leon;2008;Dec;Animalia;Aves;Podicipedidae;Tachybaptus;Tachybaptus ruficollis;Zampullin comun
-4.693;40.021;Embalse de Cazalegas;Toledo;Castilla y Leon;2009;Jul;Animalia;Aves;Podicipedidae;Podiceps;Podiceps cristatus;Somormujo lavanco
-4.693;40.021;Embalse de Cazalegas;Toledo;Castilla y Leon;2010;Jul;Animalia;Aves;Podicipedidae;Podiceps;Podiceps cristatus;Somormujo lavanco
-4.693;40.021;Embalse de Cazalegas;Toledo;Castilla y Leon;2011;Jul;Animalia;Aves;Podicipedidae;Podiceps;Podiceps cristatus;Somormujo lavanco
-4.693;40.021;Embalse de Cazalegas;Toledo;Castilla y Leon;2012;Jul;Animalia;Aves;Podicipedidae;Podiceps;Podiceps cristatus;Somormujo lavanco
-0.517;39.283; Alfafar;Valencia;Comunitat Valenciana;2019;Oct;Animalia;Aves;Upupidae;Upupa;Upupa epops;Abubilla
-0.353;39.397; Alfafar;Valencia;Comunitat Valenciana;2019;Dec;Animalia;Aves;Threskiornithidae;Plegadis;Plegadis falcinellus;Glossy Ibis
-0.283;39.667;Albalat de Taronchers;Valencia;Comunitat Valenciana;2017;Dec;Animalia;Aves;Fringillidae;Fringilla;Fringilla coelebs;Pinzon vulgar
-0.283;39.667;Albalat de Taronchers;Valencia;Comunitat Valenciana;2019;Dec;Animalia;Aves;Fringillidae;Fringilla;Fringilla coelebs;Pinzon vulgar
-0.75;39.367;Alborache;Valencia;Comunitat Valenciana;2019;Dec;Animalia;Aves;Fringillidae;Fringilla;Fringilla coelebs;Pinzon vulgar
-0.32;39.339;Albufera;Valencia;Comunitat Valenciana;2017;May;Animalia;Aves;Anatidae;Netta;Netta rufina;Red-crested Pochard
-0.355;39.332;Albufera de Valencia;Valencia;Comunitat Valenciana;2000;Jul;Animalia;Aves;Podicipedidae;Podiceps;Podiceps cristatus;Somormujo lavanco
-0.355;39.332;Albufera de Valencia;Valencia;Comunitat Valenciana;2000;Jul;Animalia;Aves;Podicipedidae;Podiceps;Podiceps nigricollis;Zampullin cuellinegro
-0.355;39.332;Albufera de Valencia;Valencia;Comunitat Valenciana;2000;May;Animalia;Aves;Anatidae;Netta;Netta rufina;Pato colorado
-0.355;39.332;Albufera de Valencia;Valencia;Comunitat Valenciana;2000;Jul;Animalia;Aves;Anatidae;Tadorna;Tadorna tadorna;Tarro blanco
-0.355;39.332;Albufera de Valencia;Valencia;Comunitat Valenciana;2001;Jul;Animalia;Aves;Podicipedidae;Podiceps;Podiceps cristatus;Somormujo lavanco
-0.355;39.332;Albufera de Valencia;Valencia;Comunitat Valenciana;2001;Jul;Animalia;Aves;Podicipedidae;Podiceps;Podiceps nigricollis;Zampullin cuellinegro
-0.355;39.332;Albufera de Valencia;Valencia;Comunitat Valenciana;2001;May;Animalia;Aves;Anatidae;Netta;Netta rufina;Pato colorado
-0.355;39.332;Albufera de Valencia;Valencia;Comunitat Valenciana;2001;Jul;Animalia;Aves;Anatidae;Tadorna;Tadorna tadorna;Tarro blanco
-0.355;39.332;Albufera de Valencia;Valencia;Comunitat Valenciana;2001;Dec;Animalia;Aves;Threskiornithidae;Plegadis;Plegadis falcinellus;Morito comun
-0.355;39.332;Albufera de Valencia;Valencia;Comunitat Valenciana;2001;Dec;Animalia;Aves;Ardeidae;Ixobrychus;Ixobrychus minutus;Avetorillo comun
-0.355;39.332;Albufera de Valencia;Valencia;Comunitat Valenciana;2001;Dec;Animalia;Aves;Ardeidae;Ardea;Egretta alba;Garceta grande
-0.355;39.332;Albufera de Valencia;Valencia;Comunitat Valenciana;2001;Dec;Animalia;Aves;Ardeidae;Ardeola;Ardeola ralloides;Garcilla cangrejera
-0.355;39.332;Albufera de Valencia;Valencia;Comunitat Valenciana;2001;Dec;Animalia;Aves;Ardeidae;Nycticorax;Nycticorax nycticorax;Martinete comun
-0.355;39.332;Albufera de Valencia;Valencia;Comunitat Valenciana;2001;Dec;Animalia;Aves;Podicipedidae;Tachybaptus;Tachybaptus ruficollis;Zampullin comun
-0.355;39.332;Albufera de Valencia;Valencia;Comunitat Valenciana;2002;Jul;Animalia;Aves;Podicipedidae;Podiceps;Podiceps cristatus;Somormujo lavanco
-0.355;39.332;Albufera de Valencia;Valencia;Comunitat Valenciana;2002;May;Animalia;Aves;Anatidae;Netta;Netta rufina;Pato colorado
-0.355;39.332;Albufera de Valencia;Valencia;Comunitat Valenciana;2002;Jul;Animalia;Aves;Anatidae;Tadorna;Tadorna tadorna;Tarro blanco
-0.355;39.332;Albufera de Valencia;Valencia;Comunitat Valenciana;2002;Jul;Animalia;Aves;Podicipedidae;Podiceps;Podiceps nigricollis;Zampullin cuellinegro
-0.355;39.332;Albufera de Valencia;Valencia;Comunitat Valenciana;2002;Dec;Animalia;Aves;Ardeidae;Ixobrychus;Ixobrychus minutus;Avetorillo comun
-0.355;39.332;Albufera de Valencia;Valencia;Comunitat Valenciana;2002;Dec;Animalia;Aves;Ardeidae;Ardea;Egretta alba;Garceta grande
-0.355;39.332;Albufera de Valencia;Valencia;Comunitat Valenciana;2002;Dec;Animalia;Aves;Ardeidae;Ardeola;Ardeola ralloides;Garcilla cangrejera
-0.355;39.332;Albufera de Valencia;Valencia;Comunitat Valenciana;2002;Dec;Animalia;Aves;Ardeidae;Nycticorax;Nycticorax nycticorax;Martinete comun
-0.355;39.332;Albufera de Valencia;Valencia;Comunitat Valenciana;2002;Dec;Animalia;Aves;Podicipedidae;Tachybaptus;Tachybaptus ruficollis;Zampullin comun
-0.355;39.332;Albufera de Valencia;Valencia;Comunitat Valenciana;2003;Jul;Animalia;Aves;Podicipedidae;Podiceps;Podiceps cristatus;Somormujo lavanco
-0.355;39.332;Albufera de Valencia;Valencia;Comunitat Valenciana;2003;May;Animalia;Aves;Anatidae;Netta;Netta rufina;Pato colorado
-0.355;39.332;Albufera de Valencia;Valencia;Comunitat Valenciana;2003;Jul;Animalia;Aves;Podicipedidae;Podiceps;Podiceps nigricollis;Zampullin cuellinegro
-0.355;39.332;Albufera de Valencia;Valencia;Comunitat Valenciana;2003;Jul;Animalia;Aves;Anatidae;Tadorna;Tadorna tadorna;Tarro blanco
-0.355;39.332;Albufera de Valencia;Valencia;Comunitat Valenciana;2003;Dec;Animalia;Aves;Ardeidae;Ardeola;Ardeola ralloides;Garcilla cangrejera
-0.355;39.332;Albufera de Valencia;Valencia;Comunitat Valenciana;2003;Dec;Animalia;Aves;Ardeidae;Ardea;Egretta alba;Garceta grande
-0.355;39.332;Albufera de Valencia;Valencia;Comunitat Valenciana;2003;Dec;Animalia;Aves;Ardeidae;Nycticorax;Nycticorax nycticorax;Martinete comun
-0.355;39.332;Albufera de Valencia;Valencia;Comunitat Valenciana;2003;Dec;Animalia;Aves;Podicipedidae;Tachybaptus;Tachybaptus ruficollis;Zampullin comun
-0.355;39.332;Albufera de Valencia;Valencia;Comunitat Valenciana;2004;Jul;Animalia;Aves;Podicipedidae;Podiceps;Podiceps cristatus;Somormujo lavanco
-0.355;39.332;Albufera de Valencia;Valencia;Comunitat Valenciana;2004;Jul;Animalia;Aves;Podicipedidae;Podiceps;Podiceps nigricollis;Zampullin cuellinegro
-0.355;39.332;Albufera de Valencia;Valencia;Comunitat Valenciana;2004;Jul;Animalia;Aves;Anatidae;Tadorna;Tadorna tadorna;Tarro blanco
-0.355;39.332;Albufera de Valencia;Valencia;Comunitat Valenciana;2004;May;Animalia;Aves;Anatidae;Netta;Netta rufina;Pato colorado
-0.355;39.332;Albufera de Valencia;Valencia;Comunitat Valenciana;2005;Jul;Animalia;Aves;Podicipedidae;Podiceps;Podiceps cristatus;Somormujo lavanco
-0.355;39.332;Albufera de Valencia;Valencia;Comunitat Valenciana;2005;Jul;Animalia;Aves;Podicipedidae;Podiceps;Podiceps nigricollis;Zampullin cuellinegro
-0.355;39.332;Albufera de Valencia;Valencia;Comunitat Valenciana;2005;Dec;Animalia;Aves;Threskiornithidae;Platalea;Platalea leucorodia;Espatula comun
-0.355;39.332;Albufera de Valencia;Valencia;Comunitat Valenciana;2005;Dec;Animalia;Aves;Threskiornithidae;Plegadis;Plegadis falcinellus;Morito comun
-0.355;39.332;Albufera de Valencia;Valencia;Comunitat Valenciana;2005;Jul;Animalia;Aves;Anatidae;Tadorna;Tadorna tadorna;Tarro blanco
-0.355;39.332;Albufera de Valencia;Valencia;Comunitat Valenciana;2005;May;Animalia;Aves;Anatidae;Netta;Netta rufina;Pato colorado
-0.355;39.332;Albufera de Valencia;Valencia;Comunitat Valenciana;2005;Dec;Animalia;Aves;Ardeidae;Ixobrychus;Ixobrychus minutus;Avetorillo comun
-0.355;39.332;Albufera de Valencia;Valencia;Comunitat Valenciana;2005;Dec;Animalia;Aves;Ardeidae;Ardeola;Ardeola ralloides;Garcilla cangrejera
-0.355;39.332;Albufera de Valencia;Valencia;Comunitat Valenciana;2005;Dec;Animalia;Aves;Ardeidae;Nycticorax;Nycticorax nycticorax;Martinete comun
-0.355;39.332;Albufera de Valencia;Valencia;Comunitat Valenciana;2005;Dec;Animalia;Aves;Ardeidae;Ardea;Egretta alba;Garceta grande
-0.355;39.332;Albufera de Valencia;Valencia;Comunitat Valenciana;2005;Dec;Animalia;Aves;Podicipedidae;Tachybaptus;Tachybaptus ruficollis;Zampullin comun
-0.355;39.332;Albufera de Valencia;Valencia;Comunitat Valenciana;2006;Jul;Animalia;Aves;Podicipedidae;Podiceps;Podiceps cristatus;Somormujo lavanco
-0.355;39.332;Albufera de Valencia;Valencia;Comunitat Valenciana;2006;Dec;Animalia;Aves;Threskiornithidae;Plegadis;Plegadis falcinellus;Morito comun
-0.355;39.332;Albufera de Valencia;Valencia;Comunitat Valenciana;2006;Dec;Animalia;Aves;Threskiornithidae;Platalea;Platalea leucorodia;Espatula comun
-0.355;39.332;Albufera de Valencia;Valencia;Comunitat Valenciana;2006;Jul;Animalia;Aves;Anatidae;Tadorna;Tadorna tadorna;Tarro blanco
-0.355;39.332;Albufera de Valencia;Valencia;Comunitat Valenciana;2006;Jul;Animalia;Aves;Podicipedidae;Podiceps;Podiceps nigricollis;Zampullin cuellinegro
-0.355;39.332;Albufera de Valencia;Valencia;Comunitat Valenciana;2006;May;Animalia;Aves;Anatidae;Netta;Netta rufina;Pato colorado
-0.355;39.332;Albufera de Valencia;Valencia;Comunitat Valenciana;2006;Dec;Animalia;Aves;Ardeidae;Ixobrychus;Ixobrychus minutus;Avetorillo comun
-0.355;39.332;Albufera de Valencia;Valencia;Comunitat Valenciana;2006;Dec;Animalia;Aves;Ardeidae;Ardeola;Ardeola ralloides;Garcilla cangrejera
-0.355;39.332;Albufera de Valencia;Valencia;Comunitat Valenciana;2006;Dec;Animalia;Aves;Ardeidae;Nycticorax;Nycticorax nycticorax;Martinete comun
-0.355;39.332;Albufera de Valencia;Valencia;Comunitat Valenciana;2006;Dec;Animalia;Aves;Ardeidae;Ardea;Egretta alba;Garceta grande
-0.355;39.332;Albufera de Valencia;Valencia;Comunitat Valenciana;2006;Dec;Animalia;Aves;Podicipedidae;Tachybaptus;Tachybaptus ruficollis;Zampullin comun
-0.355;39.332;Albufera de Valencia;Valencia;Comunitat Valenciana;2007;Jul;Animalia;Aves;Podicipedidae;Podiceps;Podiceps cristatus;Somormujo lavanco
-0.355;39.332;Albufera de Valencia;Valencia;Comunitat Valenciana;2007;Jul;Animalia;Aves;Podicipedidae;Podiceps;Podiceps nigricollis;Zampullin cuellinegro
-0.355;39.332;Albufera de Valencia;Valencia;Comunitat Valenciana;2007;Dec;Animalia;Aves;Threskiornithidae;Plegadis;Plegadis falcinellus;Morito comun
-0.355;39.332;Albufera de Valencia;Valencia;Comunitat Valenciana;2007;Jul;Animalia;Aves;Anatidae;Tadorna;Tadorna tadorna;Tarro blanco
-0.355;39.332;Albufera de Valencia;Valencia;Comunitat Valenciana;2007;May;Animalia;Aves;Anatidae;Netta;Netta rufina;Pato colorado
-0.355;39.332;Albufera de Valencia;Valencia;Comunitat Valenciana;2007;Dec;Animalia;Aves;Ardeidae;Ixobrychus;Ixobrychus minutus;Avetorillo comun
-0.355;39.332;Albufera de Valencia;Valencia;Comunitat Valenciana;2007;Dec;Animalia;Aves;Ardeidae;Ardeola;Ardeola ralloides;Garcilla cangrejera
-0.355;39.332;Albufera de Valencia;Valencia;Comunitat Valenciana;2007;Dec;Animalia;Aves;Ardeidae;Nycticorax;Nycticorax nycticorax;Martinete comun
-0.355;39.332;Albufera de Valencia;Valencia;Comunitat Valenciana;2007;Dec;Animalia;Aves;Ardeidae;Ardea;Egretta alba;Garceta grande
-0.355;39.332;Albufera de Valencia;Valencia;Comunitat Valenciana;2007;Dec;Animalia;Aves;Podicipedidae;Tachybaptus;Tachybaptus ruficollis;Zampullin comun
-0.355;39.332;Albufera de Valencia;Valencia;Comunitat Valenciana;2008;Jul;Animalia;Aves;Podicipedidae;Podiceps;Podiceps cristatus;Somormujo lavanco
-0.355;39.332;Albufera de Valencia;Valencia;Comunitat Valenciana;2008;Dec;Animalia;Aves;Threskiornithidae;Plegadis;Plegadis falcinellus;Morito comun
-0.355;39.332;Albufera de Valencia;Valencia;Comunitat Valenciana;2008;Jul;Animalia;Aves;Podicipedidae;Podiceps;Podiceps nigricollis;Zampullin cuellinegro
-0.355;39.332;Albufera de Valencia;Valencia;Comunitat Valenciana;2008;Dec;Animalia;Aves;Threskiornithidae;Platalea;Platalea leucorodia;Espatula comun
-0.355;39.332;Albufera de Valencia;Valencia;Comunitat Valenciana;2008;Jul;Animalia;Aves;Anatidae;Tadorna;Tadorna tadorna;Tarro blanco
-0.355;39.332;Albufera de Valencia;Valencia;Comunitat Valenciana;2008;May;Animalia;Aves;Anatidae;Netta;Netta rufina;Pato colorado
-0.355;39.332;Albufera de Valencia;Valencia;Comunitat Valenciana;2008;Dec;Animalia;Aves;Ardeidae;Ardeola;Ardeola ralloides;Garcilla cangrejera
-0.355;39.332;Albufera de Valencia;Valencia;Comunitat Valenciana;2008;Dec;Animalia;Aves;Ardeidae;Ardea;Egretta alba;Garceta grande
-0.355;39.332;Albufera de Valencia;Valencia;Comunitat Valenciana;2008;Dec;Animalia;Aves;Ardeidae;Nycticorax;Nycticorax nycticorax;Martinete comun
-0.355;39.332;Albufera de Valencia;Valencia;Comunitat Valenciana;2008;Dec;Animalia;Aves;Podicipedidae;Tachybaptus;Tachybaptus ruficollis;Zampullin comun
-0.355;39.332;Albufera de Valencia;Valencia;Comunitat Valenciana;2009;Jul;Animalia;Aves;Podicipedidae;Podiceps;Podiceps cristatus;Somormujo lavanco
-0.355;39.332;Albufera de Valencia;Valencia;Comunitat Valenciana;2009;Jul;Animalia;Aves;Podicipedidae;Podiceps;Podiceps nigricollis;Zampullin cuellinegro
-0.355;39.332;Albufera de Valencia;Valencia;Comunitat Valenciana;2009;Dec;Animalia;Aves;Threskiornithidae;Plegadis;Plegadis falcinellus;Morito comun
-0.355;39.332;Albufera de Valencia;Valencia;Comunitat Valenciana;2009;Jul;Animalia;Aves;Anatidae;Tadorna;Tadorna tadorna;Tarro blanco
-0.355;39.332;Albufera de Valencia;Valencia;Comunitat Valenciana;2009;May;Animalia;Aves;Anatidae;Netta;Netta rufina;Pato colorado
-0.355;39.332;Albufera de Valencia;Valencia;Comunitat Valenciana;2009;Dec;Animalia;Aves;Ardeidae;Ixobrychus;Ixobrychus minutus;Avetorillo comun
-0.355;39.332;Albufera de Valencia;Valencia;Comunitat Valenciana;2010;Jul;Animalia;Aves;Podicipedidae;Podiceps;Podiceps cristatus;Somormujo lavanco
-0.355;39.332;Albufera de Valencia;Valencia;Comunitat Valenciana;2010;Jul;Animalia;Aves;Podicipedidae;Podiceps;Podiceps nigricollis;Zampullin cuellinegro
-0.355;39.332;Albufera de Valencia;Valencia;Comunitat Valenciana;2010;Dec;Animalia;Aves;Threskiornithidae;Plegadis;Plegadis falcinellus;Morito comun
-0.355;39.332;Albufera de Valencia;Valencia;Comunitat Valenciana;2010;Jul;Animalia;Aves;Anatidae;Tadorna;Tadorna tadorna;Tarro blanco
-0.355;39.332;Albufera de Valencia;Valencia;Comunitat Valenciana;2010;Dec;Animalia;Aves;Threskiornithidae;Platalea;Platalea leucorodia;Espatula comun
-0.355;39.332;Albufera de Valencia;Valencia;Comunitat Valenciana;2010;May;Animalia;Aves;Anatidae;Netta;Netta rufina;Pato colorado
-0.355;39.332;Albufera de Valencia;Valencia;Comunitat Valenciana;2010;Dec;Animalia;Aves;Ardeidae;Ixobrychus;Ixobrychus minutus;Avetorillo comun
-0.355;39.332;Albufera de Valencia;Valencia;Comunitat Valenciana;2010;Dec;Animalia;Aves;Ardeidae;Ardea;Egretta alba;Garceta grande
-0.355;39.332;Albufera de Valencia;Valencia;Comunitat Valenciana;2010;Dec;Animalia;Aves;Ardeidae;Nycticorax;Nycticorax nycticorax;Martinete comun
-0.355;39.332;Albufera de Valencia;Valencia;Comunitat Valenciana;2010;Dec;Animalia;Aves;Podicipedidae;Tachybaptus;Tachybaptus ruficollis;Zampullin comun
-0.355;39.332;Albufera de Valencia;Valencia;Comunitat Valenciana;2011;Jul;Animalia;Aves;Podicipedidae;Podiceps;Podiceps cristatus;Somormujo lavanco
-0.355;39.332;Albufera de Valencia;Valencia;Comunitat Valenciana;2011;Jul;Animalia;Aves;Podicipedidae;Podiceps;Podiceps nigricollis;Zampullin cuellinegro
-0.355;39.332;Albufera de Valencia;Valencia;Comunitat Valenciana;2011;Dec;Animalia;Aves;Threskiornithidae;Plegadis;Plegadis falcinellus;Morito comun
-0.355;39.332;Albufera de Valencia;Valencia;Comunitat Valenciana;2011;May;Animalia;Aves;Anatidae;Netta;Netta rufina;Pato colorado
-0.355;39.332;Albufera de Valencia;Valencia;Comunitat Valenciana;2011;Dec;Animalia;Aves;Threskiornithidae;Platalea;Platalea leucorodia;Espatula comun
-0.355;39.332;Albufera de Valencia;Valencia;Comunitat Valenciana;2011;Jul;Animalia;Aves;Anatidae;Tadorna;Tadorna tadorna;Tarro blanco
-0.355;39.332;Albufera de Valencia;Valencia;Comunitat Valenciana;2011;Dec;Animalia;Aves;Ardeidae;Ixobrychus;Ixobrychus minutus;Avetorillo comun
-0.355;39.332;Albufera de Valencia;Valencia;Comunitat Valenciana;2011;Dec;Animalia;Aves;Ardeidae;Ardea;Egretta alba;Garceta grande
-0.355;39.332;Albufera de Valencia;Valencia;Comunitat Valenciana;2011;Dec;Animalia;Aves;Ardeidae;Nycticorax;Nycticorax nycticorax;Martinete comun
-0.355;39.332;Albufera de Valencia;Valencia;Comunitat Valenciana;2011;Dec;Animalia;Aves;Ardeidae;Ardeola;Ardeola ralloides;Garcilla cangrejera
-0.355;39.332;Albufera de Valencia;Valencia;Comunitat Valenciana;2011;Dec;Animalia;Aves;Podicipedidae;Tachybaptus;Tachybaptus ruficollis;Zampullin comun
-0.355;39.332;Albufera de Valencia;Valencia;Comunitat Valenciana;2012;Jul;Animalia;Aves;Podicipedidae;Podiceps;Podiceps cristatus;Somormujo lavanco
-0.355;39.332;Albufera de Valencia;Valencia;Comunitat Valenciana;2012;Jul;Animalia;Aves;Podicipedidae;Podiceps;Podiceps nigricollis;Zampullin cuellinegro
-0.355;39.332;Albufera de Valencia;Valencia;Comunitat Valenciana;2012;Jul;Animalia;Aves;Anatidae;Tadorna;Tadorna tadorna;Tarro blanco
-0.355;39.332;Albufera de Valencia;Valencia;Comunitat Valenciana;2012;Dec;Animalia;Aves;Threskiornithidae;Plegadis;Plegadis falcinellus;Morito comun
-0.355;39.332;Albufera de Valencia;Valencia;Comunitat Valenciana;2012;May;Animalia;Aves;Anatidae;Netta;Netta rufina;Pato colorado
-0.355;39.332;Albufera de Valencia;Valencia;Comunitat Valenciana;2012;Dec;Animalia;Aves;Threskiornithidae;Platalea;Platalea leucorodia;Espatula comun
-0.355;39.332;Albufera de Valencia;Valencia;Comunitat Valenciana;2012;Dec;Animalia;Aves;Ardeidae;Ixobrychus;Ixobrychus minutus;Avetorillo comun
-0.355;39.332;Albufera de Valencia;Valencia;Comunitat Valenciana;2012;Dec;Animalia;Aves;Ardeidae;Nycticorax;Nycticorax nycticorax;Martinete comun
-0.355;39.332;Albufera de Valencia;Valencia;Comunitat Valenciana;2012;Dec;Animalia;Aves;Ardeidae;Ardea;Egretta alba;Garceta grande
-0.355;39.332;Albufera de Valencia;Valencia;Comunitat Valenciana;2012;Dec;Animalia;Aves;Ardeidae;Ardeola;Ardeola ralloides;Garcilla cangrejera
-0.355;39.332;Albufera de Valencia;Valencia;Comunitat Valenciana;2012;Dec;Animalia;Aves;Podicipedidae;Tachybaptus;Tachybaptus ruficollis;Zampullin comun
-0.355;39.332;Albufera de Valencia;Valencia;Comunitat Valenciana;2013;Jul;Animalia;Aves;Podicipedidae;Podiceps;Podiceps cristatus;Somormujo lavanco
-0.355;39.332;Albufera de Valencia;Valencia;Comunitat Valenciana;2013;Dec;Animalia;Aves;Threskiornithidae;Plegadis;Plegadis falcinellus;Morito comun
-0.355;39.332;Albufera de Valencia;Valencia;Comunitat Valenciana;2013;Jul;Animalia;Aves;Anatidae;Tadorna;Tadorna tadorna;Tarro blanco
-0.355;39.332;Albufera de Valencia;Valencia;Comunitat Valenciana;2013;Jul;Animalia;Aves;Podicipedidae;Podiceps;Podiceps nigricollis;Zampullin cuellinegro
-0.355;39.332;Albufera de Valencia;Valencia;Comunitat Valenciana;2013;May;Animalia;Aves;Anatidae;Netta;Netta rufina;Pato colorado
-0.355;39.332;Albufera de Valencia;Valencia;Comunitat Valenciana;2013;Dec;Animalia;Aves;Threskiornithidae;Platalea;Platalea leucorodia;Espatula comun
-0.355;39.332;Albufera de Valencia;Valencia;Comunitat Valenciana;2013;Dec;Animalia;Aves;Ardeidae;Ixobrychus;Ixobrychus minutus;Avetorillo comun
-0.355;39.332;Albufera de Valencia;Valencia;Comunitat Valenciana;2013;Dec;Animalia;Aves;Ardeidae;Nycticorax;Nycticorax nycticorax;Martinete comun
-0.355;39.332;Albufera de Valencia;Valencia;Comunitat Valenciana;2013;Dec;Animalia;Aves;Ardeidae;Ardeola;Ardeola ralloides;Garcilla cangrejera
-0.355;39.332;Albufera de Valencia;Valencia;Comunitat Valenciana;2013;Dec;Animalia;Aves;Ardeidae;Ardea;Egretta alba;Garceta grande
-0.355;39.332;Albufera de Valencia;Valencia;Comunitat Valenciana;2013;Dec;Animalia;Aves;Podicipedidae;Tachybaptus;Tachybaptus ruficollis;Zampullin comun
-0.368;39.396;Albufera de Valencia;Valencia;Comunitat Valenciana;2019;Dec;Animalia;Aves;Threskiornithidae;Plegadis;Plegadis falcinellus;Glossy Ibis
-0.45;39.167;Alcira;Valencia;Comunitat Valenciana;2004;Dec;Animalia;Aves;Fringillidae;Fringilla;Fringilla coelebs;Pinzon vulgar
-0.45;39.167;Alcira;Valencia;Comunitat Valenciana;2019;Jul;Animalia;Aves;Tytonidae;Tyto;Tyto alba;Lechuza comun
-0.315;39.314;Arrozales de El Palmar;Valencia;Comunitat Valenciana;2017;Dec;Animalia;Aves;Ardeidae;Ardea;Ardea alba;Great Egret
-0.728;39.702;Balsa de riego de Casinos ;Valencia;Comunitat Valenciana;2001;Dec;Animalia;Aves;Podicipedidae;Tachybaptus;Tachybaptus ruficollis;Zampullin comun
-0.703;38.226;Elche;Valencia;Comunitat Valenciana;2001;Jul;Animalia;Aves;Anatidae;Tadorna;Tadorna tadorna;Tarro blanco
-1.121;39.744;Embalse de Benageber ;Valencia;Comunitat Valenciana;2001;Jul;Animalia;Aves;Podicipedidae;Podiceps;Podiceps cristatus;Somormujo lavanco
-1.121;39.744;Embalse de Benageber ;Valencia;Comunitat Valenciana;2001;May;Animalia;Aves;Anatidae;Netta;Netta rufina;Pato colorado
-1.121;39.744;Embalse de Benageber ;Valencia;Comunitat Valenciana;2001;Dec;Animalia;Aves;Podicipedidae;Tachybaptus;Tachybaptus ruficollis;Zampullin comun
-1.121;39.744;Embalse de Benageber ;Valencia;Comunitat Valenciana;2002;Jul;Animalia;Aves;Podicipedidae;Podiceps;Podiceps cristatus;Somormujo lavanco
-1.121;39.744;Embalse de Benageber ;Valencia;Comunitat Valenciana;2002;May;Animalia;Aves;Anatidae;Netta;Netta rufina;Pato colorado
-1.121;39.744;Embalse de Benageber ;Valencia;Comunitat Valenciana;2002;Dec;Animalia;Aves;Podicipedidae;Tachybaptus;Tachybaptus ruficollis;Zampullin comun
-1.121;39.744;Embalse de Benageber ;Valencia;Comunitat Valenciana;2003;Jul;Animalia;Aves;Podicipedidae;Podiceps;Podiceps cristatus;Somormujo lavanco
-0.946;39.594;Embalse de Buseo ;Valencia;Comunitat Valenciana;2001;Jul;Animalia;Aves;Podicipedidae;Podiceps;Podiceps cristatus;Somormujo lavanco
-0.946;39.594;Embalse de Buseo ;Valencia;Comunitat Valenciana;2001;Dec;Animalia;Aves;Podicipedidae;Tachybaptus;Tachybaptus ruficollis;Zampullin comun
-0.946;39.594;Embalse de Buseo ;Valencia;Comunitat Valenciana;2002;Dec;Animalia;Aves;Podicipedidae;Tachybaptus;Tachybaptus ruficollis;Zampullin comun
-0.946;39.594;Embalse de Buseo ;Valencia;Comunitat Valenciana;2003;Dec;Animalia;Aves;Podicipedidae;Tachybaptus;Tachybaptus ruficollis;Zampullin comun
-1.521;39.596;Embalse de Contreras (V-CU);Valencia;Comunitat Valenciana;2001;Jul;Animalia;Aves;Podicipedidae;Podiceps;Podiceps cristatus;Somormujo lavanco
-1.521;39.596;Embalse de Contreras (V-CU);Valencia;Comunitat Valenciana;2001;May;Animalia;Aves;Anatidae;Netta;Netta rufina;Pato colorado
-1.521;39.596;Embalse de Contreras (V-CU);Valencia;Comunitat Valenciana;2001;Dec;Animalia;Aves;Podicipedidae;Tachybaptus;Tachybaptus ruficollis;Zampullin comun
-1.521;39.596;Embalse de Contreras (V-CU);Valencia;Comunitat Valenciana;2003;Jul;Animalia;Aves;Podicipedidae;Podiceps;Podiceps cristatus;Somormujo lavanco
-1.049;39.243;Embalse de Embarcaderos ;Valencia;Comunitat Valenciana;2001;Jul;Animalia;Aves;Podicipedidae;Podiceps;Podiceps cristatus;Somormujo lavanco
-1.049;39.243;Embalse de Embarcaderos ;Valencia;Comunitat Valenciana;2001;May;Animalia;Aves;Anatidae;Netta;Netta rufina;Pato colorado
-1.049;39.243;Embalse de Embarcaderos ;Valencia;Comunitat Valenciana;2001;Dec;Animalia;Aves;Podicipedidae;Tachybaptus;Tachybaptus ruficollis;Zampullin comun
-1.049;39.243;Embalse de Embarcaderos ;Valencia;Comunitat Valenciana;2002;Jul;Animalia;Aves;Podicipedidae;Podiceps;Podiceps cristatus;Somormujo lavanco
-1.049;39.243;Embalse de Embarcaderos ;Valencia;Comunitat Valenciana;2002;May;Animalia;Aves;Anatidae;Netta;Netta rufina;Pato colorado
-1.049;39.243;Embalse de Embarcaderos ;Valencia;Comunitat Valenciana;2002;Dec;Animalia;Aves;Podicipedidae;Tachybaptus;Tachybaptus ruficollis;Zampullin comun
-1.049;39.243;Embalse de Embarcaderos ;Valencia;Comunitat Valenciana;2003;Jul;Animalia;Aves;Podicipedidae;Podiceps;Podiceps cristatus;Somormujo lavanco
-0.871;39.347;Embalse de Forata ;Valencia;Comunitat Valenciana;2001;Jul;Animalia;Aves;Podicipedidae;Podiceps;Podiceps cristatus;Somormujo lavanco
-0.871;39.347;Embalse de Forata ;Valencia;Comunitat Valenciana;2001;May;Animalia;Aves;Anatidae;Netta;Netta rufina;Pato colorado
-0.871;39.347;Embalse de Forata ;Valencia;Comunitat Valenciana;2001;Dec;Animalia;Aves;Podicipedidae;Tachybaptus;Tachybaptus ruficollis;Zampullin comun
-0.915;39.677;Embalse de Loriguilla ;Valencia;Comunitat Valenciana;2001;Jul;Animalia;Aves;Podicipedidae;Podiceps;Podiceps cristatus;Somormujo lavanco
-0.915;39.677;Embalse de Loriguilla ;Valencia;Comunitat Valenciana;2001;May;Animalia;Aves;Anatidae;Netta;Netta rufina;Pato colorado
-0.915;39.677;Embalse de Loriguilla ;Valencia;Comunitat Valenciana;2002;Jul;Animalia;Aves;Podicipedidae;Podiceps;Podiceps cristatus;Somormujo lavanco
-0.915;39.677;Embalse de Loriguilla ;Valencia;Comunitat Valenciana;2002;May;Animalia;Aves;Anatidae;Netta;Netta rufina;Pato colorado
-0.915;39.677;Embalse de Loriguilla ;Valencia;Comunitat Valenciana;2003;Jul;Animalia;Aves;Podicipedidae;Podiceps;Podiceps cristatus;Somormujo lavanco
-0.204;39.032;Marjal de Xeresa-Xeraco ;Valencia;Comunitat Valenciana;2000;Jul;Animalia;Aves;Podicipedidae;Podiceps;Podiceps cristatus;Somormujo lavanco
-0.204;39.032;Marjal de Xeresa-Xeraco ;Valencia;Comunitat Valenciana;2000;May;Animalia;Aves;Anatidae;Netta;Netta rufina;Pato colorado
-0.204;39.032;Marjal de Xeresa-Xeraco ;Valencia;Comunitat Valenciana;2001;Dec;Animalia;Aves;Podicipedidae;Tachybaptus;Tachybaptus ruficollis;Zampullin comun
-0.204;39.032;Marjal de Xeresa-Xeraco ;Valencia;Comunitat Valenciana;2002;May;Animalia;Aves;Anatidae;Netta;Netta rufina;Pato colorado
-0.204;39.032;Marjal de Xeresa-Xeraco ;Valencia;Comunitat Valenciana;2002;Dec;Animalia;Aves;Ardeidae;Ardeola;Ardeola ralloides;Garcilla cangrejera
-0.204;39.032;Marjal de Xeresa-Xeraco ;Valencia;Comunitat Valenciana;2002;Dec;Animalia;Aves;Podicipedidae;Tachybaptus;Tachybaptus ruficollis;Zampullin comun
-0.204;39.032;Marjal de Xeresa-Xeraco ;Valencia;Comunitat Valenciana;2003;Jul;Animalia;Aves;Podicipedidae;Podiceps;Podiceps cristatus;Somormujo lavanco
-0.204;39.032;Marjal de Xeresa-Xeraco ;Valencia;Comunitat Valenciana;2003;Dec;Animalia;Aves;Podicipedidae;Tachybaptus;Tachybaptus ruficollis;Zampullin comun
-0.204;39.032;Marjal de Xeresa-Xeraco ;Valencia;Comunitat Valenciana;2004;Jul;Animalia;Aves;Podicipedidae;Podiceps;Podiceps cristatus;Somormujo lavanco
-0.204;39.032;Marjal de Xeresa-Xeraco ;Valencia;Comunitat Valenciana;2004;May;Animalia;Aves;Anatidae;Netta;Netta rufina;Pato colorado
-0.204;39.032;Marjal de Xeresa-Xeraco ;Valencia;Comunitat Valenciana;2005;Jul;Animalia;Aves;Podicipedidae;Podiceps;Podiceps cristatus;Somormujo lavanco
-0.204;39.032;Marjal de Xeresa-Xeraco ;Valencia;Comunitat Valenciana;2005;May;Animalia;Aves;Anatidae;Netta;Netta rufina;Pato colorado
-0.204;39.032;Marjal de Xeresa-Xeraco ;Valencia;Comunitat Valenciana;2005;Dec;Animalia;Aves;Ardeidae;Nycticorax;Nycticorax nycticorax;Martinete comun
-0.204;39.032;Marjal de Xeresa-Xeraco ;Valencia;Comunitat Valenciana;2005;Dec;Animalia;Aves;Podicipedidae;Tachybaptus;Tachybaptus ruficollis;Zampullin comun
-0.204;39.032;Marjal de Xeresa-Xeraco ;Valencia;Comunitat Valenciana;2006;Jul;Animalia;Aves;Podicipedidae;Podiceps;Podiceps cristatus;Somormujo lavanco
-0.204;39.032;Marjal de Xeresa-Xeraco ;Valencia;Comunitat Valenciana;2006;May;Animalia;Aves;Anatidae;Netta;Netta rufina;Pato colorado
-0.204;39.032;Marjal de Xeresa-Xeraco ;Valencia;Comunitat Valenciana;2006;Dec;Animalia;Aves;Ardeidae;Ardeola;Ardeola ralloides;Garcilla cangrejera
-0.204;39.032;Marjal de Xeresa-Xeraco ;Valencia;Comunitat Valenciana;2006;Dec;Animalia;Aves;Ardeidae;Nycticorax;Nycticorax nycticorax;Martinete comun
-0.204;39.032;Marjal de Xeresa-Xeraco ;Valencia;Comunitat Valenciana;2006;Dec;Animalia;Aves;Podicipedidae;Tachybaptus;Tachybaptus ruficollis;Zampullin comun
-0.204;39.032;Marjal de Xeresa-Xeraco ;Valencia;Comunitat Valenciana;2006;Dec;Animalia;Aves;Ardeidae;Ardea;Egretta alba;Garceta grande
-0.204;39.032;Marjal de Xeresa-Xeraco ;Valencia;Comunitat Valenciana;2007;Jul;Animalia;Aves;Podicipedidae;Podiceps;Podiceps cristatus;Somormujo lavanco
-0.204;39.032;Marjal de Xeresa-Xeraco ;Valencia;Comunitat Valenciana;2007;May;Animalia;Aves;Anatidae;Netta;Netta rufina;Pato colorado
-0.204;39.032;Marjal de Xeresa-Xeraco ;Valencia;Comunitat Valenciana;2007;Dec;Animalia;Aves;Ardeidae;Ixobrychus;Ixobrychus minutus;Avetorillo comun
-0.204;39.032;Marjal de Xeresa-Xeraco ;Valencia;Comunitat Valenciana;2007;Dec;Animalia;Aves;Ardeidae;Ardea;Egretta alba;Garceta grande
-0.204;39.032;Marjal de Xeresa-Xeraco ;Valencia;Comunitat Valenciana;2007;Dec;Animalia;Aves;Podicipedidae;Tachybaptus;Tachybaptus ruficollis;Zampullin comun
-0.204;39.032;Marjal de Xeresa-Xeraco ;Valencia;Comunitat Valenciana;2007;Dec;Animalia;Aves;Ardeidae;Nycticorax;Nycticorax nycticorax;Martinete comun
-0.204;39.032;Marjal de Xeresa-Xeraco ;Valencia;Comunitat Valenciana;2008;Jul;Animalia;Aves;Podicipedidae;Podiceps;Podiceps cristatus;Somormujo lavanco
-0.204;39.032;Marjal de Xeresa-Xeraco ;Valencia;Comunitat Valenciana;2008;Dec;Animalia;Aves;Threskiornithidae;Platalea;Platalea leucorodia;Espatula comun
-0.204;39.032;Marjal de Xeresa-Xeraco ;Valencia;Comunitat Valenciana;2008;Dec;Animalia;Aves;Threskiornithidae;Plegadis;Plegadis falcinellus;Morito comun
-0.204;39.032;Marjal de Xeresa-Xeraco ;Valencia;Comunitat Valenciana;2008;May;Animalia;Aves;Anatidae;Netta;Netta rufina;Pato colorado
-0.204;39.032;Marjal de Xeresa-Xeraco ;Valencia;Comunitat Valenciana;2008;Dec;Animalia;Aves;Ardeidae;Ardea;Egretta alba;Garceta grande
-0.204;39.032;Marjal de Xeresa-Xeraco ;Valencia;Comunitat Valenciana;2008;Dec;Animalia;Aves;Ardeidae;Nycticorax;Nycticorax nycticorax;Martinete comun
-0.204;39.032;Marjal de Xeresa-Xeraco ;Valencia;Comunitat Valenciana;2008;Dec;Animalia;Aves;Podicipedidae;Tachybaptus;Tachybaptus ruficollis;Zampullin comun
-0.204;39.032;Marjal de Xeresa-Xeraco ;Valencia;Comunitat Valenciana;2009;Jul;Animalia;Aves;Podicipedidae;Podiceps;Podiceps cristatus;Somormujo lavanco
-0.204;39.032;Marjal de Xeresa-Xeraco ;Valencia;Comunitat Valenciana;2009;May;Animalia;Aves;Anatidae;Netta;Netta rufina;Pato colorado
-0.204;39.032;Marjal de Xeresa-Xeraco ;Valencia;Comunitat Valenciana;2010;Jul;Animalia;Aves;Podicipedidae;Podiceps;Podiceps cristatus;Somormujo lavanco
-0.204;39.032;Marjal de Xeresa-Xeraco ;Valencia;Comunitat Valenciana;2010;Jul;Animalia;Aves;Podicipedidae;Podiceps;Podiceps nigricollis;Zampullin cuellinegro
-0.204;39.032;Marjal de Xeresa-Xeraco ;Valencia;Comunitat Valenciana;2010;May;Animalia;Aves;Anatidae;Netta;Netta rufina;Pato colorado
-0.204;39.032;Marjal de Xeresa-Xeraco ;Valencia;Comunitat Valenciana;2010;Dec;Animalia;Aves;Ardeidae;Ardea;Egretta alba;Garceta grande
-0.204;39.032;Marjal de Xeresa-Xeraco ;Valencia;Comunitat Valenciana;2010;Dec;Animalia;Aves;Ardeidae;Nycticorax;Nycticorax nycticorax;Martinete comun
-0.204;39.032;Marjal de Xeresa-Xeraco ;Valencia;Comunitat Valenciana;2010;Dec;Animalia;Aves;Podicipedidae;Tachybaptus;Tachybaptus ruficollis;Zampullin comun
-0.204;39.032;Marjal de Xeresa-Xeraco ;Valencia;Comunitat Valenciana;2011;Dec;Animalia;Aves;Podicipedidae;Tachybaptus;Tachybaptus ruficollis;Zampullin comun
-0.204;39.032;Marjal de Xeresa-Xeraco ;Valencia;Comunitat Valenciana;2012;Jul;Animalia;Aves;Podicipedidae;Podiceps;Podiceps cristatus;Somormujo lavanco
-0.204;39.032;Marjal de Xeresa-Xeraco ;Valencia;Comunitat Valenciana;2012;May;Animalia;Aves;Anatidae;Netta;Netta rufina;Pato colorado
-0.204;39.032;Marjal de Xeresa-Xeraco ;Valencia;Comunitat Valenciana;2012;Dec;Animalia;Aves;Podicipedidae;Tachybaptus;Tachybaptus ruficollis;Zampullin comun
-0.204;39.032;Marjal de Xeresa-Xeraco ;Valencia;Comunitat Valenciana;2013;May;Animalia;Aves;Anatidae;Netta;Netta rufina;Pato colorado
-0.204;39.032;Marjal de Xeresa-Xeraco ;Valencia;Comunitat Valenciana;2013;Dec;Animalia;Aves;Podicipedidae;Tachybaptus;Tachybaptus ruficollis;Zampullin comun
-0.258;39.618;Marjal del Moro ;Valencia;Comunitat Valenciana;2000;Jul;Animalia;Aves;Podicipedidae;Podiceps;Podiceps cristatus;Somormujo lavanco
-0.258;39.618;Marjal del Moro ;Valencia;Comunitat Valenciana;2001;Jul;Animalia;Aves;Podicipedidae;Podiceps;Podiceps cristatus;Somormujo lavanco
-0.258;39.618;Marjal del Moro ;Valencia;Comunitat Valenciana;2001;May;Animalia;Aves;Anatidae;Netta;Netta rufina;Pato colorado
-0.258;39.618;Marjal del Moro ;Valencia;Comunitat Valenciana;2001;Jul;Animalia;Aves;Podicipedidae;Podiceps;Podiceps nigricollis;Zampullin cuellinegro
-0.258;39.618;Marjal del Moro ;Valencia;Comunitat Valenciana;2001;Dec;Animalia;Aves;Podicipedidae;Tachybaptus;Tachybaptus ruficollis;Zampullin comun
-0.258;39.618;Marjal del Moro ;Valencia;Comunitat Valenciana;2002;Jul;Animalia;Aves;Podicipedidae;Podiceps;Podiceps cristatus;Somormujo lavanco
-0.258;39.618;Marjal del Moro ;Valencia;Comunitat Valenciana;2002;Jul;Animalia;Aves;Podicipedidae;Podiceps;Podiceps nigricollis;Zampullin cuellinegro
-0.258;39.618;Marjal del Moro ;Valencia;Comunitat Valenciana;2002;Jul;Animalia;Aves;Anatidae;Tadorna;Tadorna tadorna;Tarro blanco
-0.258;39.618;Marjal del Moro ;Valencia;Comunitat Valenciana;2002;May;Animalia;Aves;Anatidae;Netta;Netta rufina;Pato colorado
-0.258;39.618;Marjal del Moro ;Valencia;Comunitat Valenciana;2002;Dec;Animalia;Aves;Podicipedidae;Tachybaptus;Tachybaptus ruficollis;Zampullin comun
-0.258;39.618;Marjal del Moro ;Valencia;Comunitat Valenciana;2003;Jul;Animalia;Aves;Podicipedidae;Podiceps;Podiceps cristatus;Somormujo lavanco
-0.258;39.618;Marjal del Moro ;Valencia;Comunitat Valenciana;2003;Dec;Animalia;Aves;Threskiornithidae;Platalea;Platalea leucorodia;Espatula comun
-0.258;39.618;Marjal del Moro ;Valencia;Comunitat Valenciana;2003;Jul;Animalia;Aves;Anatidae;Tadorna;Tadorna tadorna;Tarro blanco
-0.258;39.618;Marjal del Moro ;Valencia;Comunitat Valenciana;2003;Jul;Animalia;Aves;Podicipedidae;Podiceps;Podiceps nigricollis;Zampullin cuellinegro
-0.258;39.618;Marjal del Moro ;Valencia;Comunitat Valenciana;2003;May;Animalia;Aves;Anatidae;Netta;Netta rufina;Pato colorado
-0.258;39.618;Marjal del Moro ;Valencia;Comunitat Valenciana;2003;Dec;Animalia;Aves;Ardeidae;Ardeola;Ardeola ralloides;Garcilla cangrejera
-0.258;39.618;Marjal del Moro ;Valencia;Comunitat Valenciana;2003;Dec;Animalia;Aves;Ardeidae;Ardea;Egretta alba;Garceta grande
-0.258;39.618;Marjal del Moro ;Valencia;Comunitat Valenciana;2003;Dec;Animalia;Aves;Podicipedidae;Tachybaptus;Tachybaptus ruficollis;Zampullin comun
-0.3;39.617;Marjal del Moro ;Valencia;Comunitat Valenciana;2017;Jul;Animalia;Aves;Tytonidae;Tyto;Tyto alba;Lechuza comun
-0.258;39.618;Marjal del Moro ;Valencia;Comunitat Valenciana;2004;Jul;Animalia;Aves;Podicipedidae;Podiceps;Podiceps cristatus;Somormujo lavanco
-0.258;39.618;Marjal del Moro ;Valencia;Comunitat Valenciana;2004;Jul;Animalia;Aves;Podicipedidae;Podiceps;Podiceps nigricollis;Zampullin cuellinegro
-0.258;39.618;Marjal del Moro ;Valencia;Comunitat Valenciana;2004;May;Animalia;Aves;Anatidae;Netta;Netta rufina;Pato colorado
-0.258;39.618;Marjal del Moro ;Valencia;Comunitat Valenciana;2005;Jul;Animalia;Aves;Podicipedidae;Podiceps;Podiceps cristatus;Somormujo lavanco
-0.258;39.618;Marjal del Moro ;Valencia;Comunitat Valenciana;2005;Jul;Animalia;Aves;Anatidae;Tadorna;Tadorna tadorna;Tarro blanco
-0.258;39.618;Marjal del Moro ;Valencia;Comunitat Valenciana;2005;Jul;Animalia;Aves;Podicipedidae;Podiceps;Podiceps nigricollis;Zampullin cuellinegro
-0.258;39.618;Marjal del Moro ;Valencia;Comunitat Valenciana;2005;May;Animalia;Aves;Anatidae;Netta;Netta rufina;Pato colorado
-0.258;39.618;Marjal del Moro ;Valencia;Comunitat Valenciana;2005;Dec;Animalia;Aves;Podicipedidae;Tachybaptus;Tachybaptus ruficollis;Zampullin comun
-0.258;39.618;Marjal del Moro ;Valencia;Comunitat Valenciana;2006;Jul;Animalia;Aves;Podicipedidae;Podiceps;Podiceps cristatus;Somormujo lavanco
-0.258;39.618;Marjal del Moro ;Valencia;Comunitat Valenciana;2006;Jul;Animalia;Aves;Anatidae;Tadorna;Tadorna tadorna;Tarro blanco
-0.258;39.618;Marjal del Moro ;Valencia;Comunitat Valenciana;2006;Jul;Animalia;Aves;Podicipedidae;Podiceps;Podiceps nigricollis;Zampullin cuellinegro
-0.258;39.618;Marjal del Moro ;Valencia;Comunitat Valenciana;2006;May;Animalia;Aves;Anatidae;Netta;Netta rufina;Pato colorado
-0.258;39.618;Marjal del Moro ;Valencia;Comunitat Valenciana;2006;Dec;Animalia;Aves;Podicipedidae;Tachybaptus;Tachybaptus ruficollis;Zampullin comun
-0.258;39.618;Marjal del Moro ;Valencia;Comunitat Valenciana;2007;Dec;Animalia;Aves;Podicipedidae;Tachybaptus;Tachybaptus ruficollis;Zampullin comun
-0.258;39.618;Marjal del Moro ;Valencia;Comunitat Valenciana;2008;Jul;Animalia;Aves;Podicipedidae;Podiceps;Podiceps cristatus;Somormujo lavanco
-0.258;39.618;Marjal del Moro ;Valencia;Comunitat Valenciana;2008;May;Animalia;Aves;Anatidae;Netta;Netta rufina;Pato colorado
-0.258;39.618;Marjal del Moro ;Valencia;Comunitat Valenciana;2008;Dec;Animalia;Aves;Podicipedidae;Tachybaptus;Tachybaptus ruficollis;Zampullin comun
-0.258;39.618;Marjal del Moro ;Valencia;Comunitat Valenciana;2009;Jul;Animalia;Aves;Podicipedidae;Podiceps;Podiceps cristatus;Somormujo lavanco
-0.258;39.618;Marjal del Moro ;Valencia;Comunitat Valenciana;2009;May;Animalia;Aves;Anatidae;Netta;Netta rufina;Pato colorado
-0.258;39.618;Marjal del Moro ;Valencia;Comunitat Valenciana;2009;Jul;Animalia;Aves;Podicipedidae;Podiceps;Podiceps nigricollis;Zampullin cuellinegro
-0.258;39.618;Marjal del Moro ;Valencia;Comunitat Valenciana;2010;Jul;Animalia;Aves;Podicipedidae;Podiceps;Podiceps cristatus;Somormujo lavanco
-0.258;39.618;Marjal del Moro ;Valencia;Comunitat Valenciana;2010;May;Animalia;Aves;Anatidae;Netta;Netta rufina;Pato colorado
-0.258;39.618;Marjal del Moro ;Valencia;Comunitat Valenciana;2010;Jul;Animalia;Aves;Anatidae;Tadorna;Tadorna tadorna;Tarro blanco
-0.258;39.618;Marjal del Moro ;Valencia;Comunitat Valenciana;2010;Dec;Animalia;Aves;Ardeidae;Ardea;Egretta alba;Garceta grande
-0.258;39.618;Marjal del Moro ;Valencia;Comunitat Valenciana;2010;Dec;Animalia;Aves;Podicipedidae;Tachybaptus;Tachybaptus ruficollis;Zampullin comun
-0.258;39.618;Marjal del Moro ;Valencia;Comunitat Valenciana;2011;Jul;Animalia;Aves;Podicipedidae;Podiceps;Podiceps cristatus;Somormujo lavanco
-0.258;39.618;Marjal del Moro ;Valencia;Comunitat Valenciana;2011;May;Animalia;Aves;Anatidae;Netta;Netta rufina;Pato colorado
-0.258;39.618;Marjal del Moro ;Valencia;Comunitat Valenciana;2011;Dec;Animalia;Aves;Podicipedidae;Tachybaptus;Tachybaptus ruficollis;Zampullin comun
-0.258;39.618;Marjal del Moro ;Valencia;Comunitat Valenciana;2012;Jul;Animalia;Aves;Podicipedidae;Podiceps;Podiceps cristatus;Somormujo lavanco
-0.258;39.618;Marjal del Moro ;Valencia;Comunitat Valenciana;2012;May;Animalia;Aves;Anatidae;Netta;Netta rufina;Pato colorado
-0.258;39.618;Marjal del Moro ;Valencia;Comunitat Valenciana;2012;Jul;Animalia;Aves;Podicipedidae;Podiceps;Podiceps nigricollis;Zampullin cuellinegro
-0.258;39.618;Marjal del Moro ;Valencia;Comunitat Valenciana;2012;Jul;Animalia;Aves;Anatidae;Tadorna;Tadorna tadorna;Tarro blanco
-0.258;39.618;Marjal del Moro ;Valencia;Comunitat Valenciana;2012;Dec;Animalia;Aves;Podicipedidae;Tachybaptus;Tachybaptus ruficollis;Zampullin comun
-0.258;39.618;Marjal del Moro ;Valencia;Comunitat Valenciana;2013;Jul;Animalia;Aves;Anatidae;Tadorna;Tadorna tadorna;Tarro blanco
-0.258;39.618;Marjal del Moro ;Valencia;Comunitat Valenciana;2013;May;Animalia;Aves;Anatidae;Netta;Netta rufina;Pato colorado
-0.258;39.618;Marjal del Moro ;Valencia;Comunitat Valenciana;2013;Dec;Animalia;Aves;Podicipedidae;Tachybaptus;Tachybaptus ruficollis;Zampullin comun
-0.257;39.621;Marjal del Moro ;Valencia;Comunitat Valenciana;2014;Oct;Animalia;Aves;Upupidae;Upupa;Upupa epops;Eurasian Hoopoe
-0.257;39.621;Marjal del Moro ;Valencia;Comunitat Valenciana;2014;Dec;Animalia;Aves;Fringillidae;Fringilla;Fringilla coelebs;Common Chaffinch
-0.257;39.621;Marjal del Moro ;Valencia;Comunitat Valenciana;2015;Jul;Animalia;Aves;Anatidae;Tadorna;Tadorna tadorna;Common Shelduck
-0.257;39.621;Marjal del Moro ;Valencia;Comunitat Valenciana;2015;May;Animalia;Aves;Anatidae;Netta;Netta rufina;Red-crested Pochard
-0.257;39.621;Marjal del Moro ;Valencia;Comunitat Valenciana;2019;Dec;Animalia;Aves;Podicipedidae;Tachybaptus;Tachybaptus ruficollis;Little Grebe
-0.304;39.227;Marjal Este De Sueca;Valencia;Comunitat Valenciana;2019;Dec;Animalia;Aves;Ardeidae;Ardeola;Ardeola ralloides;Squacco Heron
-0.341;39.306;Marjales Este de Sollana;Valencia;Comunitat Valenciana;2019;Dec;Animalia;Aves;Podicipedidae;Tachybaptus;Tachybaptus ruficollis;Little Grebe
-0.65;38.949;Montesa;Valencia;Comunitat Valenciana;2015;Dec;Animalia;Aves;Fringillidae;Fringilla;Fringilla coelebs;Common Chaffinch
-0.633;38.933;Montesa;Valencia;Comunitat Valenciana;2018;Dec;Animalia;Aves;Fringillidae;Fringilla;Fringilla coelebs;Pinzon vulgar
-0.283;39.667;Montiver;Valencia;Comunitat Valenciana;2004;Dec;Animalia;Aves;Upupidae;Upupa;Upupa epops;Abubilla
-0.283;39.667;Montiver;Valencia;Comunitat Valenciana;2019;Dec;Animalia;Aves;Fringillidae;Fringilla;Fringilla coelebs;Pinzon vulgar
-0.633;39.017;Navalon;Valencia;Comunitat Valenciana;2019;Dec;Animalia;Aves;Fringillidae;Fringilla;Fringilla coelebs;Pinzon vulgar
-0.315;39.449;Puerto de Valencia ;Valencia;Comunitat Valenciana;2003;Jul;Animalia;Aves;Podicipedidae;Podiceps;Podiceps cristatus;Somormujo lavanco
-0.315;39.449;Puerto de Valencia ;Valencia;Comunitat Valenciana;2003;Jul;Animalia;Aves;Podicipedidae;Podiceps;Podiceps nigricollis;Zampullin cuellinegro
-0.315;39.449;Puerto de Valencia ;Valencia;Comunitat Valenciana;2003;Dec;Animalia;Aves;Podicipedidae;Tachybaptus;Tachybaptus ruficollis;Zampullin comun
-0.45;38.85;Rafol de Salem;Valencia;Comunitat Valenciana;2013;Jul;Animalia;Mammalia;Canidae;Vulpes;Vulpes vulpes;Red Fox
-0.45;38.85;Rafol de Salem;Valencia;Comunitat Valenciana;2015;Jul;Animalia;Mammalia;Canidae;Vulpes;Vulpes vulpes;Red Fox
-0.166;38.978;Rio Serpis );Valencia;Comunitat Valenciana;2003;Dec;Animalia;Aves;Podicipedidae;Tachybaptus;Tachybaptus ruficollis;Zampullin comun
-0.609;38.792;Serra de l`Ombria-Pou Clar;Valencia;Comunitat Valenciana;2017;Mar;Animalia;Amphibia;Bufonidae;Bufo;Bufo spinosus;Spiny Toad
0.114;38.684;Valencia;Valencia;Comunitat Valenciana;2011;Feb;Animalia;Amphibia;Bufonidae;Bufo;Bufo spinosus;Spiny Toad
-0.55;38.7;Bocairent;Valencia;Comunitat Valenciana;2018;Mar;Animalia;Amphibia;Alytidae;Alytes;Alytes obstetricans;Midwife Toad
-0.541;38.746;Bocairent;Valencia;Comunitat Valenciana;2020;Feb;Animalia;Amphibia;Bufonidae;Bufo;Bufo spinosus;Spiny Toad
-0.604;38.784;Bocairent;Valencia;Comunitat Valenciana;2017;Mar;Animalia;Mammalia;Bovidae;Capra;Capra pyrenaica;Iberian Ibex
-0.55;38.7;Bocairent;Valencia;Comunitat Valenciana;2018;Dec;Animalia;Mammalia;Canidae;Vulpes;Vulpes vulpes;Red Fox
-0.55;38.7;Bocairent;Valencia;Comunitat Valenciana;2018;Feb;Animalia;Mammalia;Mustelidae;Meles;Meles meles;Eurasian Badger
-0.55;38.7;Bocairent;Valencia;Comunitat Valenciana;2018;Feb;Animalia;Mammalia;Canidae;Vulpes;Vulpes vulpes;Red Fox
-0.55;38.7;Bocairent;Valencia;Comunitat Valenciana;2018;Mar;Animalia;Mammalia;Canidae;Vulpes;Vulpes vulpes;Red Fox
-0.633;38.714;Bocairent;Valencia;Comunitat Valenciana;2020;Dec;Animalia;Mammalia;Mustelidae;Meles;Meles meles;Eurasian Badger
-0.617;38.714;Bocairent;Valencia;Comunitat Valenciana;2020;Dec;Animalia;Mammalia;Canidae;Vulpes;Vulpes vulpes;Red Fox
-0.55;38.7;Bocairent;Valencia;Comunitat Valenciana;2020;Dec;Animalia;Mammalia;Mustelidae;Meles;Meles meles;Eurasian Badger
-0.514;38.748;Bocairent;Valencia;Comunitat Valenciana;2020;Dec;Animalia;Mammalia;Felidae;Felis;Felis silvestris;Wild Cat
-0.421;39.467;Cauce nuevo del Rio Turia ;Valencia;Comunitat Valenciana;2008;Jul;Animalia;Aves;Podicipedidae;Podiceps;Podiceps cristatus;Somormujo lavanco
-0.421;39.467;Cauce nuevo del Rio Turia ;Valencia;Comunitat Valenciana;2008;May;Animalia;Aves;Anatidae;Netta;Netta rufina;Pato colorado
-0.421;39.467;Cauce nuevo del Rio Turia ;Valencia;Comunitat Valenciana;2008;Jul;Animalia;Aves;Podicipedidae;Podiceps;Podiceps nigricollis;Zampullin cuellinegro
-0.421;39.467;Cauce nuevo del Rio Turia ;Valencia;Comunitat Valenciana;2008;Dec;Animalia;Aves;Ardeidae;Ardea;Egretta alba;Garceta grande
-0.421;39.467;Cauce nuevo del Rio Turia ;Valencia;Comunitat Valenciana;2008;Dec;Animalia;Aves;Podicipedidae;Tachybaptus;Tachybaptus ruficollis;Zampullin comun
-0.421;39.467;Cauce nuevo del Rio Turia ;Valencia;Comunitat Valenciana;2009;Jul;Animalia;Aves;Podicipedidae;Podiceps;Podiceps cristatus;Somormujo lavanco
-0.421;39.467;Cauce nuevo del Rio Turia ;Valencia;Comunitat Valenciana;2009;May;Animalia;Aves;Anatidae;Netta;Netta rufina;Pato colorado
-0.421;39.467;Cauce nuevo del Rio Turia ;Valencia;Comunitat Valenciana;2010;Jul;Animalia;Aves;Podicipedidae;Podiceps;Podiceps cristatus;Somormujo lavanco
-0.421;39.467;Cauce nuevo del Rio Turia ;Valencia;Comunitat Valenciana;2010;Jul;Animalia;Aves;Podicipedidae;Podiceps;Podiceps nigricollis;Zampullin cuellinegro
-0.421;39.467;Cauce nuevo del Rio Turia ;Valencia;Comunitat Valenciana;2010;May;Animalia;Aves;Anatidae;Netta;Netta rufina;Pato colorado
-0.421;39.467;Cauce nuevo del Rio Turia ;Valencia;Comunitat Valenciana;2010;Dec;Animalia;Aves;Podicipedidae;Tachybaptus;Tachybaptus ruficollis;Zampullin comun
-0.421;39.467;Cauce nuevo del Rio Turia ;Valencia;Comunitat Valenciana;2010;Dec;Animalia;Aves;Ardeidae;Ardea;Egretta alba;Garceta grande
-0.421;39.467;Cauce nuevo del Rio Turia ;Valencia;Comunitat Valenciana;2011;Jul;Animalia;Aves;Podicipedidae;Podiceps;Podiceps cristatus;Somormujo lavanco
-0.421;39.467;Cauce nuevo del Rio Turia ;Valencia;Comunitat Valenciana;2011;Dec;Animalia;Aves;Podicipedidae;Tachybaptus;Tachybaptus ruficollis;Zampullin comun
-0.421;39.467;Cauce nuevo del Rio Turia ;Valencia;Comunitat Valenciana;2012;Dec;Animalia;Aves;Podicipedidae;Tachybaptus;Tachybaptus ruficollis;Zampullin comun
-0.421;39.467;Cauce nuevo del Rio Turia ;Valencia;Comunitat Valenciana;2013;Dec;Animalia;Aves;Podicipedidae;Tachybaptus;Tachybaptus ruficollis;Zampullin comun
-0.324;39.502;Desembocadura del Rio Carraixet ;Valencia;Comunitat Valenciana;2005;Jul;Animalia;Aves;Podicipedidae;Podiceps;Podiceps cristatus;Somormujo lavanco
-0.324;39.502;Desembocadura del Rio Carraixet ;Valencia;Comunitat Valenciana;2006;Jul;Animalia;Aves;Podicipedidae;Podiceps;Podiceps cristatus;Somormujo lavanco
-0.324;39.502;Desembocadura del Rio Carraixet ;Valencia;Comunitat Valenciana;2006;May;Animalia;Aves;Anatidae;Netta;Netta rufina;Pato colorado
-0.324;39.502;Desembocadura del Rio Carraixet ;Valencia;Comunitat Valenciana;2006;Dec;Animalia;Aves;Ardeidae;Ixobrychus;Ixobrychus minutus;Avetorillo comun
-0.324;39.502;Desembocadura del Rio Carraixet ;Valencia;Comunitat Valenciana;2006;Dec;Animalia;Aves;Ardeidae;Ardeola;Ardeola ralloides;Garcilla cangrejera
-0.324;39.502;Desembocadura del Rio Carraixet ;Valencia;Comunitat Valenciana;2006;Dec;Animalia;Aves;Ardeidae;Nycticorax;Nycticorax nycticorax;Martinete comun
-0.324;39.502;Desembocadura del Rio Carraixet ;Valencia;Comunitat Valenciana;2006;Dec;Animalia;Aves;Ardeidae;Ardea;Egretta alba;Garceta grande
-0.324;39.502;Desembocadura del Rio Carraixet ;Valencia;Comunitat Valenciana;2006;Dec;Animalia;Aves;Podicipedidae;Tachybaptus;Tachybaptus ruficollis;Zampullin comun
-0.324;39.502;Desembocadura del Rio Carraixet ;Valencia;Comunitat Valenciana;2007;Jul;Animalia;Aves;Podicipedidae;Podiceps;Podiceps cristatus;Somormujo lavanco
-0.324;39.502;Desembocadura del Rio Carraixet ;Valencia;Comunitat Valenciana;2007;May;Animalia;Aves;Anatidae;Netta;Netta rufina;Pato colorado
-0.324;39.502;Desembocadura del Rio Carraixet ;Valencia;Comunitat Valenciana;2007;Dec;Animalia;Aves;Ardeidae;Ixobrychus;Ixobrychus minutus;Avetorillo comun
-0.324;39.502;Desembocadura del Rio Carraixet ;Valencia;Comunitat Valenciana;2007;Dec;Animalia;Aves;Ardeidae;Ardeola;Ardeola ralloides;Garcilla cangrejera
-0.324;39.502;Desembocadura del Rio Carraixet ;Valencia;Comunitat Valenciana;2007;Dec;Animalia;Aves;Ardeidae;Nycticorax;Nycticorax nycticorax;Martinete comun
-0.324;39.502;Desembocadura del Rio Carraixet ;Valencia;Comunitat Valenciana;2007;Dec;Animalia;Aves;Podicipedidae;Tachybaptus;Tachybaptus ruficollis;Zampullin comun
-0.324;39.502;Desembocadura del Rio Carraixet ;Valencia;Comunitat Valenciana;2008;Jul;Animalia;Aves;Podicipedidae;Podiceps;Podiceps cristatus;Somormujo lavanco
-0.324;39.502;Desembocadura del Rio Carraixet ;Valencia;Comunitat Valenciana;2008;May;Animalia;Aves;Anatidae;Netta;Netta rufina;Pato colorado
-0.324;39.502;Desembocadura del Rio Carraixet ;Valencia;Comunitat Valenciana;2008;Dec;Animalia;Aves;Ardeidae;Ixobrychus;Ixobrychus minutus;Avetorillo comun
-0.324;39.502;Desembocadura del Rio Carraixet ;Valencia;Comunitat Valenciana;2008;Dec;Animalia;Aves;Ardeidae;Ardeola;Ardeola ralloides;Garcilla cangrejera
-0.324;39.502;Desembocadura del Rio Carraixet ;Valencia;Comunitat Valenciana;2008;Dec;Animalia;Aves;Ardeidae;Nycticorax;Nycticorax nycticorax;Martinete comun
-0.324;39.502;Desembocadura del Rio Carraixet ;Valencia;Comunitat Valenciana;2008;Dec;Animalia;Aves;Ardeidae;Ardea;Egretta alba;Garceta grande
-0.324;39.502;Desembocadura del Rio Carraixet ;Valencia;Comunitat Valenciana;2008;Dec;Animalia;Aves;Podicipedidae;Tachybaptus;Tachybaptus ruficollis;Zampullin comun
-0.324;39.502;Desembocadura del Rio Carraixet ;Valencia;Comunitat Valenciana;2009;Jul;Animalia;Aves;Podicipedidae;Podiceps;Podiceps cristatus;Somormujo lavanco
-0.324;39.502;Desembocadura del Rio Carraixet ;Valencia;Comunitat Valenciana;2009;May;Animalia;Aves;Anatidae;Netta;Netta rufina;Pato colorado
-0.324;39.502;Desembocadura del Rio Carraixet ;Valencia;Comunitat Valenciana;2009;Dec;Animalia;Aves;Ardeidae;Ixobrychus;Ixobrychus minutus;Avetorillo comun
-0.324;39.502;Desembocadura del Rio Carraixet ;Valencia;Comunitat Valenciana;2010;Jul;Animalia;Aves;Podicipedidae;Podiceps;Podiceps cristatus;Somormujo lavanco
-0.324;39.502;Desembocadura del Rio Carraixet ;Valencia;Comunitat Valenciana;2010;Jul;Animalia;Aves;Podicipedidae;Podiceps;Podiceps nigricollis;Zampullin cuellinegro
-0.324;39.502;Desembocadura del Rio Carraixet ;Valencia;Comunitat Valenciana;2010;May;Animalia;Aves;Anatidae;Netta;Netta rufina;Pato colorado
-0.324;39.502;Desembocadura del Rio Carraixet ;Valencia;Comunitat Valenciana;2010;Dec;Animalia;Aves;Ardeidae;Ixobrychus;Ixobrychus minutus;Avetorillo comun
-0.324;39.502;Desembocadura del Rio Carraixet ;Valencia;Comunitat Valenciana;2010;Dec;Animalia;Aves;Ardeidae;Ardeola;Ardeola ralloides;Garcilla cangrejera
-0.324;39.502;Desembocadura del Rio Carraixet ;Valencia;Comunitat Valenciana;2010;Dec;Animalia;Aves;Ardeidae;Ardea;Egretta alba;Garceta grande
-0.324;39.502;Desembocadura del Rio Carraixet ;Valencia;Comunitat Valenciana;2010;Dec;Animalia;Aves;Ardeidae;Nycticorax;Nycticorax nycticorax;Martinete comun
-0.324;39.502;Desembocadura del Rio Carraixet ;Valencia;Comunitat Valenciana;2010;Dec;Animalia;Aves;Podicipedidae;Tachybaptus;Tachybaptus ruficollis;Zampullin comun
-0.324;39.502;Desembocadura del Rio Carraixet ;Valencia;Comunitat Valenciana;2011;Dec;Animalia;Aves;Podicipedidae;Tachybaptus;Tachybaptus ruficollis;Zampullin comun
-0.324;39.502;Desembocadura del Rio Carraixet ;Valencia;Comunitat Valenciana;2012;Dec;Animalia;Aves;Podicipedidae;Tachybaptus;Tachybaptus ruficollis;Zampullin comun
-0.324;39.502;Desembocadura del Rio Carraixet ;Valencia;Comunitat Valenciana;2012;Dec;Animalia;Aves;Ardeidae;Ardeola;Ardeola ralloides;Garcilla cangrejera
-0.324;39.502;Desembocadura del Rio Carraixet ;Valencia;Comunitat Valenciana;2013;Dec;Animalia;Aves;Podicipedidae;Tachybaptus;Tachybaptus ruficollis;Zampullin comun
-0.324;39.502;Desembocadura del Rio Carraixet ;Valencia;Comunitat Valenciana;2013;Dec;Animalia;Aves;Ardeidae;Ardeola;Ardeola ralloides;Garcilla cangrejera
-0.324;39.502;Desembocadura del Rio Carraixet ;Valencia;Comunitat Valenciana;2016;Dec;Animalia;Aves;Ardeidae;Ixobrychus;Ixobrychus minutus;Avetorillo comun
-0.324;39.502;Desembocadura del Rio Carraixet ;Valencia;Comunitat Valenciana;2016;Dec;Animalia;Aves;Ardeidae;Ardeola;Ardeola ralloides;Garcilla cangrejera
-0.324;39.502;Desembocadura del Rio Carraixet ;Valencia;Comunitat Valenciana;2016;Dec;Animalia;Aves;Podicipedidae;Tachybaptus;Tachybaptus ruficollis;Zampullin comun
-0.436;38.96;EL PORT;Valencia;Comunitat Valenciana;2016;Dec;Animalia;Aves;Fringillidae;Fringilla;Fringilla coelebs;Pinzon vulgar
-0.436;38.96;EL PORT;Valencia;Comunitat Valenciana;2019;Dec;Animalia;Aves;Fringillidae;Fringilla;Fringilla coelebs;Pinzon vulgar
-1.121;39.744;Embalse de Benageber ;Valencia;Comunitat Valenciana;2005;Jul;Animalia;Aves;Podicipedidae;Podiceps;Podiceps cristatus;Somormujo lavanco
-1.121;39.744;Embalse de Benageber ;Valencia;Comunitat Valenciana;2006;Jul;Animalia;Aves;Podicipedidae;Podiceps;Podiceps cristatus;Somormujo lavanco
-1.121;39.744;Embalse de Benageber ;Valencia;Comunitat Valenciana;2006;Jul;Animalia;Aves;Podicipedidae;Podiceps;Podiceps nigricollis;Zampullin cuellinegro
-1.121;39.744;Embalse de Benageber ;Valencia;Comunitat Valenciana;2007;Jul;Animalia;Aves;Podicipedidae;Podiceps;Podiceps cristatus;Somormujo lavanco
-1.121;39.744;Embalse de Benageber ;Valencia;Comunitat Valenciana;2007;Jul;Animalia;Aves;Podicipedidae;Podiceps;Podiceps nigricollis;Zampullin cuellinegro
-1.121;39.744;Embalse de Benageber ;Valencia;Comunitat Valenciana;2008;Jul;Animalia;Aves;Podicipedidae;Podiceps;Podiceps cristatus;Somormujo lavanco
-1.121;39.744;Embalse de Benageber ;Valencia;Comunitat Valenciana;2008;Jul;Animalia;Aves;Podicipedidae;Podiceps;Podiceps nigricollis;Zampullin cuellinegro
-1.121;39.744;Embalse de Benageber ;Valencia;Comunitat Valenciana;2009;Jul;Animalia;Aves;Podicipedidae;Podiceps;Podiceps cristatus;Somormujo lavanco
-1.121;39.744;Embalse de Benageber ;Valencia;Comunitat Valenciana;2010;Jul;Animalia;Aves;Podicipedidae;Podiceps;Podiceps cristatus;Somormujo lavanco
-1.121;39.744;Embalse de Benageber ;Valencia;Comunitat Valenciana;2013;Jul;Animalia;Aves;Podicipedidae;Podiceps;Podiceps cristatus;Somormujo lavanco
-0.946;39.594;Embalse de Buseo ;Valencia;Comunitat Valenciana;2005;Jul;Animalia;Aves;Podicipedidae;Podiceps;Podiceps cristatus;Somormujo lavanco
-0.946;39.594;Embalse de Buseo ;Valencia;Comunitat Valenciana;2006;Jul;Animalia;Aves;Podicipedidae;Podiceps;Podiceps cristatus;Somormujo lavanco
-0.946;39.594;Embalse de Buseo ;Valencia;Comunitat Valenciana;2006;Jul;Animalia;Aves;Podicipedidae;Podiceps;Podiceps nigricollis;Zampullin cuellinegro
-0.946;39.594;Embalse de Buseo ;Valencia;Comunitat Valenciana;2006;Dec;Animalia;Aves;Podicipedidae;Tachybaptus;Tachybaptus ruficollis;Zampullin comun
-0.946;39.594;Embalse de Buseo ;Valencia;Comunitat Valenciana;2007;Jul;Animalia;Aves;Podicipedidae;Podiceps;Podiceps cristatus;Somormujo lavanco
-0.946;39.594;Embalse de Buseo ;Valencia;Comunitat Valenciana;2007;Jul;Animalia;Aves;Podicipedidae;Podiceps;Podiceps nigricollis;Zampullin cuellinegro
-0.946;39.594;Embalse de Buseo ;Valencia;Comunitat Valenciana;2007;Dec;Animalia;Aves;Podicipedidae;Tachybaptus;Tachybaptus ruficollis;Zampullin comun
-0.946;39.594;Embalse de Buseo ;Valencia;Comunitat Valenciana;2008;Jul;Animalia;Aves;Podicipedidae;Podiceps;Podiceps cristatus;Somormujo lavanco
-0.946;39.594;Embalse de Buseo ;Valencia;Comunitat Valenciana;2008;Jul;Animalia;Aves;Podicipedidae;Podiceps;Podiceps nigricollis;Zampullin cuellinegro
-0.946;39.594;Embalse de Buseo ;Valencia;Comunitat Valenciana;2008;Dec;Animalia;Aves;Podicipedidae;Tachybaptus;Tachybaptus ruficollis;Zampullin comun
-0.946;39.594;Embalse de Buseo ;Valencia;Comunitat Valenciana;2009;Jul;Animalia;Aves;Podicipedidae;Podiceps;Podiceps cristatus;Somormujo lavanco
-0.946;39.594;Embalse de Buseo ;Valencia;Comunitat Valenciana;2010;Jul;Animalia;Aves;Podicipedidae;Podiceps;Podiceps cristatus;Somormujo lavanco
-0.946;39.594;Embalse de Buseo ;Valencia;Comunitat Valenciana;2010;Dec;Animalia;Aves;Podicipedidae;Tachybaptus;Tachybaptus ruficollis;Zampullin comun
-0.871;39.347;Embalse de Forata ;Valencia;Comunitat Valenciana;2005;Jul;Animalia;Aves;Podicipedidae;Podiceps;Podiceps cristatus;Somormujo lavanco
-0.871;39.347;Embalse de Forata ;Valencia;Comunitat Valenciana;2006;Jul;Animalia;Aves;Podicipedidae;Podiceps;Podiceps cristatus;Somormujo lavanco
-0.871;39.347;Embalse de Forata ;Valencia;Comunitat Valenciana;2007;Jul;Animalia;Aves;Podicipedidae;Podiceps;Podiceps cristatus;Somormujo lavanco
-0.871;39.347;Embalse de Forata ;Valencia;Comunitat Valenciana;2008;Jul;Animalia;Aves;Podicipedidae;Podiceps;Podiceps cristatus;Somormujo lavanco
-0.871;39.347;Embalse de Forata ;Valencia;Comunitat Valenciana;2008;Jul;Animalia;Aves;Podicipedidae;Podiceps;Podiceps nigricollis;Zampullin cuellinegro
-0.871;39.347;Embalse de Forata ;Valencia;Comunitat Valenciana;2008;Dec;Animalia;Aves;Podicipedidae;Tachybaptus;Tachybaptus ruficollis;Zampullin comun
-0.871;39.347;Embalse de Forata ;Valencia;Comunitat Valenciana;2009;Jul;Animalia;Aves;Podicipedidae;Podiceps;Podiceps cristatus;Somormujo lavanco
-0.871;39.347;Embalse de Forata ;Valencia;Comunitat Valenciana;2010;Jul;Animalia;Aves;Podicipedidae;Podiceps;Podiceps cristatus;Somormujo lavanco
-0.871;39.347;Embalse de Forata ;Valencia;Comunitat Valenciana;2010;Dec;Animalia;Aves;Podicipedidae;Tachybaptus;Tachybaptus ruficollis;Zampullin comun
-0.871;39.347;Embalse de Forata ;Valencia;Comunitat Valenciana;2011;Jul;Animalia;Aves;Podicipedidae;Podiceps;Podiceps cristatus;Somormujo lavanco
-0.871;39.347;Embalse de Forata ;Valencia;Comunitat Valenciana;2012;Jul;Animalia;Aves;Podicipedidae;Podiceps;Podiceps cristatus;Somormujo lavanco
-0.871;39.347;Embalse de Forata ;Valencia;Comunitat Valenciana;2013;Jul;Animalia;Aves;Podicipedidae;Podiceps;Podiceps cristatus;Somormujo lavanco
-1.261;37.998;Rambla Salada ;Valencia;Comunitat Valenciana;2010;Jul;Animalia;Aves;Anatidae;Tadorna;Tadorna tadorna;Tarro blanco
-1.261;37.998;Rambla Salada ;Valencia;Comunitat Valenciana;2013;Jul;Animalia;Aves;Anatidae;Tadorna;Tadorna tadorna;Tarro blanco
-1.261;37.998;Rambla Salada ;Valencia;Comunitat Valenciana;2014;Jul;Animalia;Aves;Anatidae;Tadorna;Tadorna tadorna;Tarro blanco
-5.097;41.736;Embalse de La Santa Espina, Rio Bajoz;Valladolid;Castilla y Leon;2000;Dec;Animalia;Aves;Podicipedidae;Tachybaptus;Tachybaptus ruficollis;Zampullin comun
-5.097;41.736;Embalse de La Santa Espina, Rio Bajoz;Valladolid;Castilla y Leon;2002;Dec;Animalia;Aves;Podicipedidae;Tachybaptus;Tachybaptus ruficollis;Zampullin comun
-5.097;41.736;Embalse de La Santa Espina, Rio Bajoz;Valladolid;Castilla y Leon;2004;Dec;Animalia;Aves;Podicipedidae;Tachybaptus;Tachybaptus ruficollis;Zampullin comun
-4.684;41.619;Graveras La Cisterniga;Valladolid;Castilla y Leon;2000;Dec;Animalia;Aves;Podicipedidae;Tachybaptus;Tachybaptus ruficollis;Zampullin comun
-4.684;41.619;Graveras La Cisterniga;valladolid;Castilla y Leon;2001;Dec;Animalia;Aves;Podicipedidae;Tachybaptus;Tachybaptus ruficollis;Zampullin comun
-4.684;41.619;Graveras La Cisterniga;Valladolid;Castilla y Leon;2002;Dec;Animalia;Aves;Podicipedidae;Tachybaptus;Tachybaptus ruficollis;Zampullin comun
-4.684;41.619;Graveras La Cisterniga;Valladolid;Castilla y Leon;2004;Dec;Animalia;Aves;Podicipedidae;Tachybaptus;Tachybaptus ruficollis;Zampullin comun
-4.953;41.479;La Seca;Valladolid;Castilla y Leon;2020;Dec;Animalia;Mammalia;Viverridae;Genetta;Genetta genetta;Common Genet
-5.206;42.27;Laguna del Rebollar (VA-LE);Valladolid;Castilla y Leon;2003;Dec;Animalia;Aves;Podicipedidae;Tachybaptus;Tachybaptus ruficollis;Zampullin comun
-5.083;41.23;Lavajo de las Lavanderas, Carpio;valladolid;Castilla y Leon;2001;Dec;Animalia;Aves;Podicipedidae;Tachybaptus;Tachybaptus ruficollis;Zampullin comun
-5.083;41.23;Lavajo de las Lavanderas, Carpio;Valladolid;Castilla y Leon;2002;Dec;Animalia;Aves;Podicipedidae;Tachybaptus;Tachybaptus ruficollis;Zampullin comun
-5.083;41.23;Lavajo de las Lavanderas, Carpio;Valladolid;Castilla y Leon;2003;Dec;Animalia;Aves;Podicipedidae;Tachybaptus;Tachybaptus ruficollis;Zampullin comun
-5.083;41.23;Lavajo de las Lavanderas, Carpio;Valladolid;Castilla y Leon;2004;Jul;Animalia;Aves;Podicipedidae;Podiceps;Podiceps cristatus;Somormujo lavanco
-5.301;41.453;Rio Duero, Riberas de Castronuno;Valladolid;Castilla y Leon;2000;Jul;Animalia;Aves;Podicipedidae;Podiceps;Podiceps cristatus;Somormujo lavanco
-5.301;41.453;Rio Duero, Riberas de Castronuno;Valladolid;Castilla y Leon;2000;Dec;Animalia;Aves;Podicipedidae;Tachybaptus;Tachybaptus ruficollis;Zampullin comun
-5.301;41.453;Rio Duero, Riberas de Castronuno;valladolid;Castilla y Leon;2001;Jul;Animalia;Aves;Podicipedidae;Podiceps;Podiceps cristatus;Somormujo lavanco
-5.301;41.453;Rio Duero, Riberas de Castronuno;valladolid;Castilla y Leon;2001;Dec;Animalia;Aves;Podicipedidae;Tachybaptus;Tachybaptus ruficollis;Zampullin comun
-5.301;41.453;Rio Duero, Riberas de Castronuno;Valladolid;Castilla y Leon;2002;Jul;Animalia;Aves;Podicipedidae;Podiceps;Podiceps cristatus;Somormujo lavanco
-5.301;41.453;Rio Duero, Riberas de Castronuno;Valladolid;Castilla y Leon;2002;Dec;Animalia;Aves;Podicipedidae;Tachybaptus;Tachybaptus ruficollis;Zampullin comun
-5.301;41.453;Rio Duero, Riberas de Castronuno;Valladolid;Castilla y Leon;2003;Jul;Animalia;Aves;Podicipedidae;Podiceps;Podiceps cristatus;Somormujo lavanco
-5.301;41.453;Rio Duero, Riberas de Castronuno;Valladolid;Castilla y Leon;2003;Dec;Animalia;Aves;Podicipedidae;Tachybaptus;Tachybaptus ruficollis;Zampullin comun
-5.301;41.453;Rio Duero, Riberas de Castronuno;Valladolid;Castilla y Leon;2004;Jul;Animalia;Aves;Podicipedidae;Podiceps;Podiceps cristatus;Somormujo lavanco
-5.301;41.453;Rio Duero, Riberas de Castronuno;Valladolid;Castilla y Leon;2004;Dec;Animalia;Aves;Podicipedidae;Tachybaptus;Tachybaptus ruficollis;Zampullin comun
-4.591;41.781;Rio Pisuerga, tramo Valoria la Buena-estacion Corcos-Aguilarejo;Valladolid;Castilla y Leon;2000;Dec;Animalia;Aves;Podicipedidae;Tachybaptus;Tachybaptus ruficollis;Zampullin comun
-4.591;41.781;Rio Pisuerga, tramo Valoria la Buena-estacion Corcos-Aguilarejo;Valladolid;Castilla y Leon;2002;Dec;Animalia;Aves;Podicipedidae;Tachybaptus;Tachybaptus ruficollis;Zampullin comun
-4.591;41.781;Rio Pisuerga, tramo Valoria la Buena-estacion Corcos-Aguilarejo;Valladolid;Castilla y Leon;2004;Dec;Animalia;Aves;Podicipedidae;Tachybaptus;Tachybaptus ruficollis;Zampullin comun
-4.987;42.142;Villalon de Campos;Valladolid;Castilla y Leon;2018;May;Animalia;Aves;Anatidae;Anas;Mareca penelope;Eurasian Wigeon
-2.542;42.831;Balsa de Anua ;Alava;Euskadi;2001;Jul;Animalia;Aves;Podicipedidae;Podiceps;Podiceps cristatus;Somormujo lavanco
-2.542;42.831;Balsa de Anua ;Alava;Euskadi;2001;Dec;Animalia;Aves;Podicipedidae;Tachybaptus;Tachybaptus ruficollis;Zampullin comun
-2.542;42.831;Balsa de Anua ;Alava;Euskadi;2003;Dec;Animalia;Aves;Podicipedidae;Tachybaptus;Tachybaptus ruficollis;Zampullin comun
-2.542;42.831;Balsa de Anua ;Alava;Euskadi;2004;Dec;Animalia;Aves;Podicipedidae;Tachybaptus;Tachybaptus ruficollis;Zampullin comun
-2.641;42.861;Balsa de Betono ;Alava;Euskadi;2004;Dec;Animalia;Aves;Podicipedidae;Tachybaptus;Tachybaptus ruficollis;Zampullin comun
-2.574;42.558;Balsa de El Prao de la Paul, Laguardia ;Alava;Euskadi;2001;Jul;Animalia;Aves;Podicipedidae;Podiceps;Podiceps cristatus;Somormujo lavanco
-2.574;42.558;Balsa de El Prao de la Paul, Laguardia ;Alava;Euskadi;2004;Dec;Animalia;Aves;Podicipedidae;Tachybaptus;Tachybaptus ruficollis;Zampullin comun
-2.451;42.845;Balsa de Ezquerecocha ;Alava;Euskadi;2001;Jul;Animalia;Aves;Podicipedidae;Podiceps;Podiceps cristatus;Somormujo lavanco
-2.451;42.845;Balsa de Ezquerecocha ;Alava;Euskadi;2003;Dec;Animalia;Aves;Podicipedidae;Tachybaptus;Tachybaptus ruficollis;Zampullin comun
-2.451;42.845;Balsa de Ezquerecocha ;Alava;Euskadi;2004;Dec;Animalia;Aves;Podicipedidae;Tachybaptus;Tachybaptus ruficollis;Zampullin comun
-2.431;42.845;Balsa de Gaceo ;Alava;Euskadi;2001;Jul;Animalia;Aves;Podicipedidae;Podiceps;Podiceps cristatus;Somormujo lavanco
-2.431;42.845;Balsa de Gaceo ;Alava;Euskadi;2002;Dec;Animalia;Aves;Podicipedidae;Tachybaptus;Tachybaptus ruficollis;Zampullin comun
-2.422;42.834;Balsa de Langarika ;Alava;Euskadi;2000;Jul;Animalia;Aves;Podicipedidae;Podiceps;Podiceps cristatus;Somormujo lavanco
-2.422;42.834;Balsa de Langarika ;Alava;Euskadi;2002;Dec;Animalia;Aves;Podicipedidae;Tachybaptus;Tachybaptus ruficollis;Zampullin comun
-2.422;42.834;Balsa de Langarika ;Alava;Euskadi;2004;Dec;Animalia;Aves;Podicipedidae;Tachybaptus;Tachybaptus ruficollis;Zampullin comun
-2.506;42.662;Balsa de Urturi ;Alava;Euskadi;2001;Jul;Animalia;Aves;Podicipedidae;Podiceps;Podiceps cristatus;Somormujo lavanco
-2.506;42.662;Balsa de Urturi ;Alava;Euskadi;2003;Jul;Animalia;Aves;Podicipedidae;Podiceps;Podiceps cristatus;Somormujo lavanco
-2.634;42.861;Balsa de Zurbano ;Alava;Euskadi;2000;Dec;Animalia;Aves;Podicipedidae;Tachybaptus;Tachybaptus ruficollis;Zampullin comun
-2.634;42.861;Balsa de Zurbano ;Alava;Euskadi;2001;Jul;Animalia;Aves;Podicipedidae;Podiceps;Podiceps nigricollis;Zampullin cuellinegro
-2.634;42.861;Balsa de Zurbano ;Alava;Euskadi;2001;Dec;Animalia;Aves;Podicipedidae;Tachybaptus;Tachybaptus ruficollis;Zampullin comun
-2.634;42.861;Balsa de Zurbano ;Alava;Euskadi;2002;Dec;Animalia;Aves;Podicipedidae;Tachybaptus;Tachybaptus ruficollis;Zampullin comun
-2.634;42.861;Balsa de Zurbano ;Alava;Euskadi;2004;Jul;Animalia;Aves;Podicipedidae;Podiceps;Podiceps cristatus;Somormujo lavanco
-2.634;42.861;Balsa de Zurbano ;Alava;Euskadi;2004;Dec;Animalia;Aves;Podicipedidae;Tachybaptus;Tachybaptus ruficollis;Zampullin comun
-2.561;42.815;Balsas de Aberasturi ;Alava;Euskadi;2001;Jul;Animalia;Aves;Podicipedidae;Podiceps;Podiceps cristatus;Somormujo lavanco
-2.561;42.815;Balsas de Aberasturi ;Alava;Euskadi;2001;Dec;Animalia;Aves;Podicipedidae;Tachybaptus;Tachybaptus ruficollis;Zampullin comun
-2.561;42.815;Balsas de Aberasturi ;Alava;Euskadi;2002;Dec;Animalia;Aves;Podicipedidae;Tachybaptus;Tachybaptus ruficollis;Zampullin comun
-2.561;42.815;Balsas de Aberasturi ;Alava;Euskadi;2003;Jul;Animalia;Aves;Podicipedidae;Podiceps;Podiceps cristatus;Somormujo lavanco
-2.561;42.815;Balsas de Aberasturi ;Alava;Euskadi;2003;Dec;Animalia;Aves;Podicipedidae;Tachybaptus;Tachybaptus ruficollis;Zampullin comun
-2.561;42.815;Balsas de Aberasturi ;Alava;Euskadi;2004;Dec;Animalia;Aves;Podicipedidae;Tachybaptus;Tachybaptus ruficollis;Zampullin comun
-2.634;36.727;Campo de golf Playa Serena;Alava;Euskadi;2003;Jul;Animalia;Aves;Podicipedidae;Podiceps;Podiceps nigricollis;Zampullin cuellinegro
-2.634;36.727;Campo de golf Playa Serena;Alava;Euskadi;2003;Dec;Animalia;Aves;Podicipedidae;Tachybaptus;Tachybaptus ruficollis;Zampullin comun
-2.6;42.851;Charcas de Cerio ;Alava;Euskadi;2004;Dec;Animalia;Aves;Podicipedidae;Tachybaptus;Tachybaptus ruficollis;Zampullin comun
-2.627;42.999;Embalse de Albina ;Alava;Euskadi;2000;Jul;Animalia;Aves;Podicipedidae;Podiceps;Podiceps cristatus;Somormujo lavanco
-2.627;42.999;Embalse de Albina ;Alava;Euskadi;2001;Jul;Animalia;Aves;Podicipedidae;Podiceps;Podiceps cristatus;Somormujo lavanco
-2.627;42.999;Embalse de Albina ;Alava;Euskadi;2002;Jul;Animalia;Aves;Podicipedidae;Podiceps;Podiceps cristatus;Somormujo lavanco
-2.627;42.999;Embalse de Albina ;Alava;Euskadi;2003;Jul;Animalia;Aves;Podicipedidae;Podiceps;Podiceps cristatus;Somormujo lavanco
-2.627;42.999;Embalse de Albina ;Alava;Euskadi;2004;Jul;Animalia;Aves;Podicipedidae;Podiceps;Podiceps cristatus;Somormujo lavanco
-2.612;42.62;Embalse de Lagran ;Alava;Euskadi;2004;Dec;Animalia;Aves;Podicipedidae;Tachybaptus;Tachybaptus ruficollis;Zampullin comun
-3.141;42.759;Embalse de Sobron ;Alava;Euskadi;2003;Jul;Animalia;Aves;Podicipedidae;Podiceps;Podiceps cristatus;Somormujo lavanco
-2.565;42.926;Embalse de Ullivarri ;Alava;Euskadi;2001;Jul;Animalia;Aves;Podicipedidae;Podiceps;Podiceps cristatus;Somormujo lavanco
-2.565;42.926;Embalse de Ullivarri ;Alava;Euskadi;2001;Jul;Animalia;Aves;Podicipedidae;Podiceps;Podiceps nigricollis;Zampullin cuellinegro
-2.565;42.926;Embalse de Ullivarri ;Alava;Euskadi;2001;Dec;Animalia;Aves;Podicipedidae;Tachybaptus;Tachybaptus ruficollis;Zampullin comun
-2.565;42.926;Embalse de Ullivarri ;Alava;Euskadi;2002;Jul;Animalia;Aves;Podicipedidae;Podiceps;Podiceps cristatus;Somormujo lavanco
-2.565;42.926;Embalse de Ullivarri ;Alava;Euskadi;2002;Jul;Animalia;Aves;Podicipedidae;Podiceps;Podiceps nigricollis;Zampullin cuellinegro
-2.565;42.926;Embalse de Ullivarri ;Alava;Euskadi;2002;Dec;Animalia;Aves;Podicipedidae;Tachybaptus;Tachybaptus ruficollis;Zampullin comun
-2.565;42.926;Embalse de Ullivarri ;Alava;Euskadi;2003;Jul;Animalia;Aves;Podicipedidae;Podiceps;Podiceps cristatus;Somormujo lavanco
-2.565;42.926;Embalse de Ullivarri ;Alava;Euskadi;2003;Jul;Animalia;Aves;Podicipedidae;Podiceps;Podiceps nigricollis;Zampullin cuellinegro
-2.565;42.926;Embalse de Ullivarri ;Alava;Euskadi;2003;Dec;Animalia;Aves;Podicipedidae;Tachybaptus;Tachybaptus ruficollis;Zampullin comun
-2.565;42.926;Embalse de Ullivarri ;Alava;Euskadi;2004;Jul;Animalia;Aves;Podicipedidae;Podiceps;Podiceps cristatus;Somormujo lavanco
-2.565;42.926;Embalse de Ullivarri ;Alava;Euskadi;2004;Jul;Animalia;Aves;Podicipedidae;Podiceps;Podiceps nigricollis;Zampullin cuellinegro
-2.565;42.926;Embalse de Ullivarri ;Alava;Euskadi;2004;Dec;Animalia;Aves;Podicipedidae;Tachybaptus;Tachybaptus ruficollis;Zampullin comun
-2.652;42.968;Embalse de Urrunaga ;Alava;Euskadi;2001;Jul;Animalia;Aves;Podicipedidae;Podiceps;Podiceps cristatus;Somormujo lavanco
-2.652;42.968;Embalse de Urrunaga ;Alava;Euskadi;2001;Jul;Animalia;Aves;Podicipedidae;Podiceps;Podiceps nigricollis;Zampullin cuellinegro
-2.652;42.968;Embalse de Urrunaga ;Alava;Euskadi;2001;Dec;Animalia;Aves;Podicipedidae;Tachybaptus;Tachybaptus ruficollis;Zampullin comun
-2.652;42.968;Embalse de Urrunaga ;Alava;Euskadi;2002;Jul;Animalia;Aves;Podicipedidae;Podiceps;Podiceps cristatus;Somormujo lavanco
-2.652;42.968;Embalse de Urrunaga ;Alava;Euskadi;2002;Jul;Animalia;Aves;Podicipedidae;Podiceps;Podiceps nigricollis;Zampullin cuellinegro
-2.652;42.968;Embalse de Urrunaga ;Alava;Euskadi;2002;Dec;Animalia;Aves;Podicipedidae;Tachybaptus;Tachybaptus ruficollis;Zampullin comun
-2.652;42.968;Embalse de Urrunaga ;Alava;Euskadi;2003;Jul;Animalia;Aves;Podicipedidae;Podiceps;Podiceps cristatus;Somormujo lavanco
-2.652;42.968;Embalse de Urrunaga ;Alava;Euskadi;2003;Dec;Animalia;Aves;Podicipedidae;Podiceps;Podiceps nigricollis;Zampullin cuellinegro
-2.652;42.968;Embalse de Urrunaga ;Alava;Euskadi;2003;Dec;Animalia;Aves;Podicipedidae;Tachybaptus;Tachybaptus ruficollis;Zampullin comun
-2.652;42.968;Embalse de Urrunaga ;Alava;Euskadi;2004;May;Animalia;Aves;Podicipedidae;Podiceps;Podiceps cristatus;Somormujo lavanco
-2.652;42.968;Embalse de Urrunaga ;Alava;Euskadi;2004;May;Animalia;Aves;Podicipedidae;Podiceps;Podiceps nigricollis;Zampullin cuellinegro
-2.652;42.968;Embalse de Urrunaga ;Alava;Euskadi;2004;Dec;Animalia;Aves;Podicipedidae;Tachybaptus;Tachybaptus ruficollis;Zampullin comun
-2.99;42.78;Lago de Arreo ;Alava;Euskadi;2000;Dec;Animalia;Aves;Podicipedidae;Tachybaptus;Tachybaptus ruficollis;Zampullin comun
-2.99;42.78;Lago de Arreo ;Alava;Euskadi;2001;Dec;Animalia;Aves;Podicipedidae;Tachybaptus;Tachybaptus ruficollis;Zampullin comun
-2.99;42.78;Lago de Arreo ;Alava;Euskadi;2002;Dec;Animalia;Aves;Podicipedidae;Tachybaptus;Tachybaptus ruficollis;Zampullin comun
-2.99;42.78;Lago de Arreo ;Alava;Euskadi;2003;Dec;Animalia;Aves;Podicipedidae;Tachybaptus;Tachybaptus ruficollis;Zampullin comun
-2.99;42.78;Lago de Arreo ;Alava;Euskadi;2004;Dec;Animalia;Aves;Podicipedidae;Tachybaptus;Tachybaptus ruficollis;Zampullin comun
-3.14;42.76;Sobron;Alava;Euskadi;2003;May;Animalia;Aves;Podicipedidae;Podiceps;Podiceps cristatus;Somormujo lavanco
-3.018;43.326;Areatza;Vizcaya;Euskadi;2016;May;Animalia;Aves;Podicipedidae;Podiceps;Podiceps nigricollis;Eared Grebe
-2.84;43.33;Anibarri;Vizcaya;Euskadi;2016;Dec;Animalia;Aves;Podicipedidae;Tachybaptus;Tachybaptus ruficollis;Zampullin comun
-3.018;43.326;Areatza;Vizcaya;Euskadi;2016;May;Animalia;Aves;Podicipedidae;Podiceps;Podiceps nigricollis;Eared Grebe
-2.679;43.372;Marismas de Urdaibai-Reserva de la biosfera;Vizcaya;Euskadi;2015;Dec;Animalia;Aves;Fringillidae;Fringilla;Fringilla coelebs;Common Chaffinch
-2.679;43.372;Marismas de Urdaibai-Reserva de la biosfera;Vizcaya;Euskadi;2015;Dec;Animalia;Aves;Threskiornithidae;Platalea;Platalea leucorodia;Eurasian Spoonbill
-2.679;43.372;Marismas de Urdaibai-Reserva de la biosfera;Vizcaya;Euskadi;2015;May;Animalia;Aves;Anatidae;Anas;Mareca penelope;Eurasian Wigeon
-2.679;43.372;Marismas de Urdaibai-Reserva de la biosfera;Vizcaya;Euskadi;2015;Dec;Animalia;Aves;Ardeidae;Ardea;Ardea alba;Great Egret
-2.679;43.372;Marismas de Urdaibai-Reserva de la biosfera;Vizcaya;Euskadi;2015;Dec;Animalia;Aves;Podicipedidae;Tachybaptus;Tachybaptus ruficollis;Little Grebe
-2.679;43.372;Marismas de Urdaibai-Reserva de la biosfera;Vizcaya;Euskadi;2016;Dec;Animalia;Aves;Fringillidae;Fringilla;Fringilla coelebs;Common Chaffinch
-2.679;43.372;Marismas de Urdaibai-Reserva de la biosfera;Vizcaya;Euskadi;2016;Dec;Animalia;Aves;Threskiornithidae;Platalea;Platalea leucorodia;Eurasian Spoonbill
-2.679;43.372;Marismas de Urdaibai-Reserva de la biosfera;Vizcaya;Euskadi;2016;May;Animalia;Aves;Podicipedidae;Podiceps;Podiceps nigricollis;Eared Grebe
-2.679;43.372;Marismas de Urdaibai-Reserva de la biosfera;Vizcaya;Euskadi;2016;May;Animalia;Aves;Anatidae;Anas;Mareca penelope;Eurasian Wigeon
-2.679;43.372;Marismas de Urdaibai-Reserva de la biosfera;Vizcaya;Euskadi;2016;Dec;Animalia;Aves;Podicipedidae;Tachybaptus;Tachybaptus ruficollis;Little Grebe
-2.43;43.32;Ondarroa;Vizcaya;Euskadi;2013;Dec;Animalia;Aves;Ardeidae;Ardea;Ardea alba;Garceta grande
-2.424;43.325;Ondarroa--pueblo;Vizcaya;Euskadi;2015;Dec;Animalia;Aves;Fringillidae;Fringilla;Fringilla coelebs;Common Chaffinch
-2.72;43.43;Ria de Gernika;Vizcaya;Euskadi;2002;May;Animalia;Aves;Podicipedidae;Podiceps;Podiceps nigricollis;Zampullin cuellinegro
-2.72;43.43;Ria de Gernika;Vizcaya;Euskadi;2002;Dec;Animalia;Aves;Podicipedidae;Tachybaptus;Tachybaptus ruficollis;Zampullin comun
-2.72;43.43;Ria de Gernika;Vizcaya;Euskadi;2004;May;Animalia;Aves;Podicipedidae;Podiceps;Podiceps cristatus;Somormujo lavanco
-2.72;43.43;Ria de Gernika;Vizcaya;Euskadi;2004;Dec;Animalia;Aves;Podicipedidae;Tachybaptus;Tachybaptus ruficollis;Zampullin comun
-2.72;43.43;Ria de Gernika;Vizcaya;Euskadi;2005;Dec;Animalia;Aves;Podicipedidae;Tachybaptus;Tachybaptus ruficollis;Zampullin comun
-2.72;43.43;Ria de Gernika;Vizcaya;Euskadi;2006;May;Animalia;Aves;Anatidae;Tadorna;Tadorna tadorna;Tarro blanco
-2.72;43.43;Ria de Gernika;Vizcaya;Euskadi;2006;Dec;Animalia;Aves;Podicipedidae;Tachybaptus;Tachybaptus ruficollis;Zampullin comun
-2.72;43.43;Ria de Gernika;Vizcaya;Euskadi;2007;May;Animalia;Aves;Podicipedidae;Podiceps;Podiceps cristatus;Somormujo lavanco
-2.72;43.43;Ria de Gernika;Vizcaya;Euskadi;2007;May;Animalia;Aves;Podicipedidae;Podiceps;Podiceps nigricollis;Zampullin cuellinegro
-2.72;43.43;Ria de Gernika;Vizcaya;Euskadi;2007;Dec;Animalia;Aves;Podicipedidae;Tachybaptus;Tachybaptus ruficollis;Zampullin comun
-2.72;43.43;Ria de Gernika;Vizcaya;Euskadi;2008;May;Animalia;Aves;Podicipedidae;Podiceps;Podiceps cristatus;Somormujo lavanco
-2.72;43.43;Ria de Gernika;Vizcaya;Euskadi;2008;Dec;Animalia;Aves;Podicipedidae;Tachybaptus;Tachybaptus ruficollis;Zampullin comun
-2.72;43.43;Ria de Gernika;Vizcaya;Euskadi;2009;May;Animalia;Aves;Anatidae;Tadorna;Tadorna tadorna;Tarro blanco
-2.72;43.43;Ria de Gernika;Vizcaya;Euskadi;2009;Dec;Animalia;Aves;Podicipedidae;Tachybaptus;Tachybaptus ruficollis;Zampullin comun
-2.72;43.43;Ria de Gernika;Vizcaya;Euskadi;2010;May;Animalia;Aves;Podicipedidae;Podiceps;Podiceps nigricollis;Zampullin cuellinegro
-2.72;43.43;Ria de Gernika;Vizcaya;Euskadi;2010;May;Animalia;Aves;Anatidae;Tadorna;Tadorna tadorna;Tarro blanco
-2.72;43.43;Ria de Gernika;Vizcaya;Euskadi;2010;Dec;Animalia;Aves;Threskiornithidae;Platalea;Platalea leucorodia;Espatula comun
-2.72;43.43;Ria de Gernika;Vizcaya;Euskadi;2010;Dec;Animalia;Aves;Podicipedidae;Tachybaptus;Tachybaptus ruficollis;Zampullin comun
-2.72;43.43;Ria de Gernika;Vizcaya;Euskadi;2011;Dec;Animalia;Aves;Threskiornithidae;Platalea;Platalea leucorodia;Espatula comun
-2.72;43.43;Ria de Gernika;Vizcaya;Euskadi;2011;May;Animalia;Aves;Anatidae;Tadorna;Tadorna tadorna;Tarro blanco
-2.72;43.43;Ria de Gernika;Vizcaya;Euskadi;2011;Dec;Animalia;Aves;Podicipedidae;Tachybaptus;Tachybaptus ruficollis;Zampullin comun
-2.72;43.43;Ria de Gernika;Vizcaya;Euskadi;2012;May;Animalia;Aves;Anatidae;Netta;Netta rufina;Pato colorado
-2.72;43.43;Ria de Gernika;Vizcaya;Euskadi;2012;Dec;Animalia;Aves;Threskiornithidae;Platalea;Platalea leucorodia;Espatula comun
-2.72;43.43;Ria de Gernika;Vizcaya;Euskadi;2012;Dec;Animalia;Aves;Podicipedidae;Tachybaptus;Tachybaptus ruficollis;Zampullin comun
-2.72;43.43;Ria de Gernika;Vizcaya;Euskadi;2013;May;Animalia;Aves;Podicipedidae;Podiceps;Podiceps cristatus;Somormujo lavanco
-2.72;43.43;Ria de Gernika;Vizcaya;Euskadi;2013;Dec;Animalia;Aves;Threskiornithidae;Platalea;Platalea leucorodia;Espatula comun
-2.72;43.43;Ria de Gernika;Vizcaya;Euskadi;2013;May;Animalia;Aves;Anatidae;Tadorna;Tadorna tadorna;Tarro blanco
-2.72;43.43;Ria de Gernika;Vizcaya;Euskadi;2013;May;Animalia;Aves;Podicipedidae;Podiceps;Podiceps nigricollis;Zampullin cuellinegro
-2.72;43.43;Ria de Gernika;Vizcaya;Euskadi;2013;Dec;Animalia;Aves;Podicipedidae;Tachybaptus;Tachybaptus ruficollis;Zampullin comun
-2.72;43.43;Ria de Gernika;Vizcaya;Euskadi;2014;May;Animalia;Aves;Podicipedidae;Podiceps;Podiceps cristatus;Somormujo lavanco
-2.72;43.43;Ria de Gernika;Vizcaya;Euskadi;2014;Dec;Animalia;Aves;Threskiornithidae;Platalea;Platalea leucorodia;Espatula comun
-2.72;43.43;Ria de Gernika;Vizcaya;Euskadi;2014;Dec;Animalia;Aves;Podicipedidae;Tachybaptus;Tachybaptus ruficollis;Zampullin comun
-2.72;43.43;Ria de Gernika;Vizcaya;Euskadi;2014;Dec;Animalia;Aves;Ardeidae;Ardea;Ardea alba;Garceta grande
-2.72;43.43;Ria de Gernika;Vizcaya;Euskadi;2015;Dec;Animalia;Aves;Threskiornithidae;Platalea;Platalea leucorodia;Espatula comun
-2.72;43.43;Ria de Gernika;Vizcaya;Euskadi;2015;Dec;Animalia;Aves;Podicipedidae;Tachybaptus;Tachybaptus ruficollis;Zampullin comun
-2.72;43.43;Ria de Gernika;Vizcaya;Euskadi;2016;Dec;Animalia;Aves;Threskiornithidae;Platalea;Platalea leucorodia;Espatula comun
-2.72;43.43;Ria de Gernika;Vizcaya;Euskadi;2016;May;Animalia;Aves;Anatidae;Tadorna;Tadorna tadorna;Tarro blanco
-2.72;43.43;Ria de Gernika;Vizcaya;Euskadi;2016;May;Animalia;Aves;Podicipedidae;Podiceps;Podiceps nigricollis;Zampullin cuellinegro
-2.72;43.43;Ria de Gernika;Vizcaya;Euskadi;2016;May;Animalia;Aves;Podicipedidae;Podiceps;Podiceps auritus;Zampullin cuellirrojo
-2.72;43.43;Ria de Gernika;Vizcaya;Euskadi;2016;Dec;Animalia;Aves;Podicipedidae;Tachybaptus;Tachybaptus ruficollis;Zampullin comun
-2.667;43.352;Ria de Guernica, Urdaibai ;Vizcaya;Euskadi;2005;Dec;Animalia;Aves;Podicipedidae;Tachybaptus;Tachybaptus ruficollis;Zampullin comun
-2.667;43.352;Ria de Guernica, Urdaibai ;Vizcaya;Euskadi;2006;May;Animalia;Aves;Anatidae;Tadorna;Tadorna tadorna;Tarro blanco
-2.667;43.352;Ria de Guernica, Urdaibai ;Vizcaya;Euskadi;2006;Dec;Animalia;Aves;Podicipedidae;Tachybaptus;Tachybaptus ruficollis;Zampullin comun
-2.667;43.352;Ria de Guernica, Urdaibai ;Vizcaya;Euskadi;2007;May;Animalia;Aves;Podicipedidae;Podiceps;Podiceps cristatus;Somormujo lavanco
-2.667;43.352;Ria de Guernica, Urdaibai ;Vizcaya;Euskadi;2007;May;Animalia;Aves;Podicipedidae;Podiceps;Podiceps nigricollis;Zampullin cuellinegro
-2.667;43.352;Ria de Guernica, Urdaibai ;Vizcaya;Euskadi;2007;Dec;Animalia;Aves;Podicipedidae;Tachybaptus;Tachybaptus ruficollis;Zampullin comun
-2.667;43.352;Ria de Guernica, Urdaibai ;Vizcaya;Euskadi;2008;May;Animalia;Aves;Podicipedidae;Podiceps;Podiceps cristatus;Somormujo lavanco
-2.667;43.352;Ria de Guernica, Urdaibai ;Vizcaya;Euskadi;2008;Dec;Animalia;Aves;Podicipedidae;Tachybaptus;Tachybaptus ruficollis;Zampullin comun
-2.667;43.352;Ria de Guernica, Urdaibai ;Vizcaya;Euskadi;2009;May;Animalia;Aves;Anatidae;Tadorna;Tadorna tadorna;Tarro blanco
-2.667;43.352;Ria de Guernica, Urdaibai ;Vizcaya;Euskadi;2009;Dec;Animalia;Aves;Podicipedidae;Tachybaptus;Tachybaptus ruficollis;Zampullin comun
-2.667;43.352;Ria de Guernica, Urdaibai ;Vizcaya;Euskadi;2010;Dec;Animalia;Aves;Threskiornithidae;Platalea;Platalea leucorodia;Espatula comun
-2.667;43.352;Ria de Guernica, Urdaibai ;Vizcaya;Euskadi;2010;May;Animalia;Aves;Anatidae;Tadorna;Tadorna tadorna;Tarro blanco
-2.667;43.352;Ria de Guernica, Urdaibai ;Vizcaya;Euskadi;2010;May;Animalia;Aves;Podicipedidae;Podiceps;Podiceps nigricollis;Zampullin cuellinegro
-2.667;43.352;Ria de Guernica, Urdaibai ;Vizcaya;Euskadi;2011;Dec;Animalia;Aves;Threskiornithidae;Platalea;Platalea leucorodia;Espatula comun
-2.667;43.352;Ria de Guernica, Urdaibai ;Vizcaya;Euskadi;2011;May;Animalia;Aves;Anatidae;Tadorna;Tadorna tadorna;Tarro blanco
-2.667;43.352;Ria de Guernica, Urdaibai ;Vizcaya;Euskadi;2011;Dec;Animalia;Aves;Podicipedidae;Tachybaptus;Tachybaptus ruficollis;Zampullin comun
-2.667;43.352;Ria de Guernica, Urdaibai ;Vizcaya;Euskadi;2012;Dec;Animalia;Aves;Threskiornithidae;Platalea;Platalea leucorodia;Espatula comun
-2.667;43.352;Ria de Guernica, Urdaibai ;Vizcaya;Euskadi;2012;May;Animalia;Aves;Anatidae;Netta;Netta rufina;Pato colorado
-2.667;43.352;Ria de Guernica, Urdaibai ;Vizcaya;Euskadi;2014;Dec;Animalia;Aves;Threskiornithidae;Platalea;Platalea leucorodia;Espatula comun
-0.762;38.179;Parque Natural de El Hondo ;Alicante;Comunitat Valenciana;2000;May;Animalia;Aves;Podicipedidae;Podiceps;Podiceps cristatus;Somormujo lavanco
-6.164;41.972;Embalse de Agavanzal ;Zamora;Castilla y Leon;2000;May;Animalia;Aves;Podicipedidae;Podiceps;Podiceps cristatus;Somormujo lavanco
-6.164;41.972;Embalse de Agavanzal ;Zamora;Castilla y Leon;2000;Dec;Animalia;Aves;Podicipedidae;Tachybaptus;Tachybaptus ruficollis;Zampullin comun
-6.164;41.972;Embalse de Agavanzal ;Zamora;Castilla y Leon;2002;May;Animalia;Aves;Podicipedidae;Podiceps;Podiceps cristatus;Somormujo lavanco
-6.164;41.972;Embalse de Agavanzal ;Zamora;Castilla y Leon;2002;Dec;Animalia;Aves;Podicipedidae;Tachybaptus;Tachybaptus ruficollis;Zampullin comun
-6.512;42.011;Embalse de Cernadilla ;Zamora;Castilla y Leon;2000;May;Animalia;Aves;Podicipedidae;Podiceps;Podiceps cristatus;Somormujo lavanco
-6.512;42.011;Embalse de Cernadilla ;Zamora;Castilla y Leon;2002;May;Animalia;Aves;Podicipedidae;Podiceps;Podiceps cristatus;Somormujo lavanco
-6.512;42.011;Embalse de Cernadilla ;Zamora;Castilla y Leon;2002;Dec;Animalia;Aves;Podicipedidae;Tachybaptus;Tachybaptus ruficollis;Zampullin comun
-6.512;42.011;Embalse de Cernadilla ;Zamora;Castilla y Leon;2003;May;Animalia;Aves;Podicipedidae;Podiceps;Podiceps cristatus;Somormujo lavanco
-6.512;42.011;Embalse de Cernadilla ;Zamora;Castilla y Leon;2003;Dec;Animalia;Aves;Podicipedidae;Tachybaptus;Tachybaptus ruficollis;Zampullin comun
-6.512;42.011;Embalse de Cernadilla ;Zamora;Castilla y Leon;2004;May;Animalia;Aves;Podicipedidae;Podiceps;Podiceps cristatus;Somormujo lavanco
-6.512;42.011;Embalse de Cernadilla ;Zamora;Castilla y Leon;2004;Dec;Animalia;Aves;Podicipedidae;Tachybaptus;Tachybaptus ruficollis;Zampullin comun
-6.992;42.111;Embalse de Pias ;Zamora;Castilla y Leon;2003;May;Animalia;Aves;Podicipedidae;Podiceps;Podiceps cristatus;Somormujo lavanco
-6.992;42.111;Embalse de Pias ;Zamora;Castilla y Leon;2004;May;Animalia;Aves;Podicipedidae;Podiceps;Podiceps cristatus;Somormujo lavanco
-6.992;42.111;Embalse de Pias ;Zamora;Castilla y Leon;2004;Dec;Animalia;Aves;Podicipedidae;Tachybaptus;Tachybaptus ruficollis;Zampullin comun
-5.428;41.512;Embalse de Toro ;Zamora;Castilla y Leon;2000;May;Animalia;Aves;Podicipedidae;Podiceps;Podiceps cristatus;Somormujo lavanco
-5.428;41.512;Embalse de Toro ;Zamora;Castilla y Leon;2000;Dec;Animalia;Aves;Podicipedidae;Tachybaptus;Tachybaptus ruficollis;Zampullin comun
-5.428;41.512;Embalse de Toro ;Zamora;Castilla y Leon;2002;Dec;Animalia;Aves;Podicipedidae;Tachybaptus;Tachybaptus ruficollis;Zampullin comun
-6.293;41.97;Embalse de ValpaRiaso ;Zamora;Castilla y Leon;2000;May;Animalia;Aves;Podicipedidae;Podiceps;Podiceps cristatus;Somormujo lavanco
-6.293;41.97;Embalse de ValpaRiaso ;Zamora;Castilla y Leon;2000;Dec;Animalia;Aves;Podicipedidae;Tachybaptus;Tachybaptus ruficollis;Zampullin comun
-6.293;41.97;Embalse de ValpaRiaso ;Zamora;Castilla y Leon;2004;May;Animalia;Aves;Podicipedidae;Podiceps;Podiceps cristatus;Somormujo lavanco
-6.293;41.97;Embalse de ValpaRiaso ;Zamora;Castilla y Leon;2004;Dec;Animalia;Aves;Podicipedidae;Tachybaptus;Tachybaptus ruficollis;Zampullin comun
-5.8;41.707;Embalse del Esla -Ricobayo;Zamora;Castilla y Leon;2000;May;Animalia;Aves;Podicipedidae;Podiceps;Podiceps cristatus;Somormujo lavanco
-5.8;41.707;Embalse del Esla -Ricobayo;Zamora;Castilla y Leon;2000;Dec;Animalia;Aves;Podicipedidae;Tachybaptus;Tachybaptus ruficollis;Zampullin comun
-5.8;41.707;Embalse del Esla -Ricobayo;Zamora;Castilla y Leon;2001;May;Animalia;Aves;Podicipedidae;Podiceps;Podiceps cristatus;Somormujo lavanco
-5.8;41.707;Embalse del Esla -Ricobayo;Zamora;Castilla y Leon;2002;May;Animalia;Aves;Podicipedidae;Podiceps;Podiceps cristatus;Somormujo lavanco
-6.716;42.124;Lago de Sanabria ;Zamora;Castilla y Leon;2000;May;Animalia;Aves;Podicipedidae;Podiceps;Podiceps cristatus;Somormujo lavanco
-6.716;42.124;Lago de Sanabria ;Zamora;Castilla y Leon;2003;May;Animalia;Aves;Podicipedidae;Podiceps;Podiceps cristatus;Somormujo lavanco
-6.716;42.124;Lago de Sanabria ;Zamora;Castilla y Leon;2004;May;Animalia;Aves;Podicipedidae;Podiceps;Podiceps cristatus;Somormujo lavanco
-1.502;40.974;Laguna de Gallocanta ;Zamora;Castilla y Leon;2003;May;Animalia;Aves;Anatidae;Tadorna;Tadorna tadorna;Tarro blanco
-5.492;41.46;Laguna del Castrillo ;Zamora;Castilla y Leon;2000;Dec;Animalia;Aves;Podicipedidae;Tachybaptus;Tachybaptus ruficollis;Zampullin comun
-5.492;41.46;Laguna del Castrillo ;Zamora;Castilla y Leon;2002;Dec;Animalia;Aves;Podicipedidae;Tachybaptus;Tachybaptus ruficollis;Zampullin comun
-5.606;41.835;Lagunas de Villafafila;Zamora;Castilla y Leon;2000;May;Animalia;Aves;Anatidae;Tadorna;Tadorna tadorna;Common Shelduck
-5.606;41.833;Lagunas de Villafafila ;Zamora;Castilla y Leon;2000;May;Animalia;Aves;Podicipedidae;Podiceps;Podiceps cristatus;Somormujo lavanco
-5.606;41.833;Lagunas de Villafafila ;Zamora;Castilla y Leon;2000;May;Animalia;Aves;Anatidae;Tadorna;Tadorna tadorna;Tarro blanco
-5.606;41.833;Lagunas de Villafafila ;Zamora;Castilla y Leon;2001;Dec;Animalia;Aves;Podicipedidae;Tachybaptus;Tachybaptus ruficollis;Zampullin comun
-5.606;41.833;Lagunas de Villafafila ;Zamora;Castilla y Leon;2002;May;Animalia;Aves;Anatidae;Tadorna;Tadorna tadorna;Tarro blanco
-5.606;41.833;Lagunas de Villafafila ;Zamora;Castilla y Leon;2004;May;Animalia;Aves;Anatidae;Tadorna;Tadorna tadorna;Tarro blanco
-5.606;41.833;Lagunas de Villafafila ;Zamora;Castilla y Leon;2004;May;Animalia;Aves;Podicipedidae;Podiceps;Podiceps nigricollis;Zampullin cuellinegro
-5.606;41.833;Lagunas de Villafafila ;Zamora;Castilla y Leon;2004;Dec;Animalia;Aves;Ardeidae;Ardea;Egretta alba;Garceta grande
-5.606;41.833;Lagunas de Villafafila ;Zamora;Castilla y Leon;2004;Dec;Animalia;Aves;Podicipedidae;Tachybaptus;Tachybaptus ruficollis;Zampullin comun
-5.594;41.841;Lagunas de Villafafila RNat--Area General;Zamora;Castilla y Leon;2000;May;Animalia;Aves;Otididae;Otis;Otis tarda;Great Bustard
-5.594;41.841;Lagunas de Villafafila RNat--Area General;Zamora;Castilla y Leon;2000;May;Animalia;Aves;Anatidae;Anas;Mareca penelope;Eurasian Wigeon
-5.594;41.841;Lagunas de Villafafila RNat--Area General;Zamora;Castilla y Leon;2000;May;Animalia;Aves;Anatidae;Tadorna;Tadorna tadorna;Common Shelduck
-5.594;41.841;Lagunas de Villafafila RNat--Area General;Zamora;Castilla y Leon;2002;May;Animalia;Aves;Otididae;Otis;Otis tarda;Great Bustard
-5.594;41.841;Lagunas de Villafafila RNat--Area General;Zamora;Castilla y Leon;2002;May;Animalia;Aves;Anatidae;Tadorna;Tadorna tadorna;Common Shelduck
-5.594;41.841;Lagunas de Villafafila RNat--Area General;Zamora;Castilla y Leon;2002;May;Animalia;Aves;Anatidae;Anas;Mareca penelope;Eurasian Wigeon
-5.595;41.854;Lagunas de Villafafila RNat--Casa del Parque;Zamora;Castilla y Leon;2000;May;Animalia;Aves;Anatidae;Tadorna;Tadorna tadorna;Common Shelduck
-5.807;41.649;Montamarta;Zamora;Castilla y Leon;2016;May;Animalia;Aves;Anatidae;Anas;Mareca penelope;Eurasian Wigeon
-6.239;41.911;Sierra de la Culebra;Zamora;Castilla y Leon;2016;Oct;Animalia;Amphibia;Salamandridae;Lissotriton;Lissotriton boscai;Bosca's Newt
-6.267;41.94;Zamora;Zamora;Castilla y Leon;2015;Apr;Animalia;Amphibia;Hylidae;Hyla;Hyla molleri;Iberian Tree Frog
-6.164;41.972;Embalse de Agavanzal ;Zamora;Castilla y Leon;2003;May;Animalia;Aves;Podicipedidae;Podiceps;Podiceps cristatus;Somormujo lavanco
-6.164;41.972;Embalse de Agavanzal ;Zamora;Castilla y Leon;2004;May;Animalia;Aves;Podicipedidae;Podiceps;Podiceps cristatus;Somormujo lavanco
-6.164;41.972;Embalse de Agavanzal ;Zamora;Castilla y Leon;2004;Dec;Animalia;Aves;Podicipedidae;Tachybaptus;Tachybaptus ruficollis;Zampullin comun
-6.164;41.972;Embalse de Agavanzal ;Zamora;Castilla y Leon;2005;May;Animalia;Aves;Podicipedidae;Podiceps;Podiceps cristatus;Somormujo lavanco
-6.164;41.972;Embalse de Agavanzal ;Zamora;Castilla y Leon;2005;Dec;Animalia;Aves;Podicipedidae;Tachybaptus;Tachybaptus ruficollis;Zampullin comun
-6.164;41.972;Embalse de Agavanzal ;Zamora;Castilla y Leon;2006;May;Animalia;Aves;Podicipedidae;Podiceps;Podiceps cristatus;Somormujo lavanco
-6.164;41.972;Embalse de Agavanzal ;Zamora;Castilla y Leon;2006;Dec;Animalia;Aves;Podicipedidae;Tachybaptus;Tachybaptus ruficollis;Zampullin comun
-6.164;41.972;Embalse de Agavanzal ;Zamora;Castilla y Leon;2007;May;Animalia;Aves;Podicipedidae;Podiceps;Podiceps cristatus;Somormujo lavanco
-6.164;41.972;Embalse de Agavanzal ;Zamora;Castilla y Leon;2007;Dec;Animalia;Aves;Podicipedidae;Tachybaptus;Tachybaptus ruficollis;Zampullin comun
-6.164;41.972;Embalse de Agavanzal ;Zamora;Castilla y Leon;2008;May;Animalia;Aves;Podicipedidae;Podiceps;Podiceps cristatus;Somormujo lavanco
-6.164;41.972;Embalse de Agavanzal ;Zamora;Castilla y Leon;2008;Dec;Animalia;Aves;Podicipedidae;Tachybaptus;Tachybaptus ruficollis;Zampullin comun
-6.164;41.972;Embalse de Agavanzal ;Zamora;Castilla y Leon;2009;May;Animalia;Aves;Podicipedidae;Podiceps;Podiceps cristatus;Somormujo lavanco
-6.164;41.972;Embalse de Agavanzal ;Zamora;Castilla y Leon;2009;Dec;Animalia;Aves;Podicipedidae;Tachybaptus;Tachybaptus ruficollis;Zampullin comun
-6.164;41.972;Embalse de Agavanzal ;Zamora;Castilla y Leon;2010;May;Animalia;Aves;Podicipedidae;Podiceps;Podiceps cristatus;Somormujo lavanco
-6.164;41.972;Embalse de Agavanzal ;Zamora;Castilla y Leon;2010;Apr;Animalia;Aves;Podicipedidae;Tachybaptus;Tachybaptus ruficollis;Zampullin comun
-6.164;41.972;Embalse de Agavanzal ;Zamora;Castilla y Leon;2011;May;Animalia;Aves;Podicipedidae;Podiceps;Podiceps cristatus;Somormujo lavanco
-6.164;41.972;Embalse de Agavanzal ;Zamora;Castilla y Leon;2012;May;Animalia;Aves;Podicipedidae;Podiceps;Podiceps cristatus;Somormujo lavanco
-6.164;41.972;Embalse de Agavanzal ;Zamora;Castilla y Leon;2013;May;Animalia;Aves;Podicipedidae;Podiceps;Podiceps cristatus;Somormujo lavanco
-6.164;41.972;Embalse de Agavanzal ;Zamora;Castilla y Leon;2014;May;Animalia;Aves;Podicipedidae;Podiceps;Podiceps cristatus;Somormujo lavanco
-6.164;41.972;Embalse de Agavanzal ;Zamora;Castilla y Leon;2015;May;Animalia;Aves;Podicipedidae;Podiceps;Podiceps cristatus;Somormujo lavanco
-6.478;40.524;Embalse de Agueda;Zamora;Castilla y Leon;2011;May;Animalia;Aves;Podicipedidae;Podiceps;Podiceps cristatus;Somormujo lavanco
-6.478;40.524;Embalse de Agueda;Zamora;Castilla y Leon;2011;Apr;Animalia;Aves;Podicipedidae;Tachybaptus;Tachybaptus ruficollis;Zampullin comun
-6.512;42.011;Embalse de Cernadilla ;Zamora;Castilla y Leon;2005;May;Animalia;Aves;Podicipedidae;Podiceps;Podiceps cristatus;Somormujo lavanco
-6.512;42.011;Embalse de Cernadilla ;Zamora;Castilla y Leon;2005;Apr;Animalia;Aves;Podicipedidae;Tachybaptus;Tachybaptus ruficollis;Zampullin comun
-6.512;42.011;Embalse de Cernadilla ;Zamora;Castilla y Leon;2006;May;Animalia;Aves;Podicipedidae;Podiceps;Podiceps cristatus;Somormujo lavanco
-6.512;42.011;Embalse de Cernadilla ;Zamora;Castilla y Leon;2006;Apr;Animalia;Aves;Podicipedidae;Tachybaptus;Tachybaptus ruficollis;Zampullin comun
-6.512;42.011;Embalse de Cernadilla ;Zamora;Castilla y Leon;2007;May;Animalia;Aves;Podicipedidae;Podiceps;Podiceps cristatus;Somormujo lavanco
-6.512;42.011;Embalse de Cernadilla ;Zamora;Castilla y Leon;2007;Apr;Animalia;Aves;Podicipedidae;Tachybaptus;Tachybaptus ruficollis;Zampullin comun
-6.512;42.011;Embalse de Cernadilla ;Zamora;Castilla y Leon;2008;May;Animalia;Aves;Podicipedidae;Podiceps;Podiceps cristatus;Somormujo lavanco
-6.512;42.011;Embalse de Cernadilla ;Zamora;Castilla y Leon;2008;Apr;Animalia;Aves;Podicipedidae;Tachybaptus;Tachybaptus ruficollis;Zampullin comun
-6.512;42.011;Embalse de Cernadilla ;Zamora;Castilla y Leon;2009;May;Animalia;Aves;Podicipedidae;Podiceps;Podiceps cristatus;Somormujo lavanco
-6.512;42.011;Embalse de Cernadilla ;Zamora;Castilla y Leon;2009;Apr;Animalia;Aves;Podicipedidae;Tachybaptus;Tachybaptus ruficollis;Zampullin comun
-6.512;42.011;Embalse de Cernadilla ;Zamora;Castilla y Leon;2010;May;Animalia;Aves;Podicipedidae;Podiceps;Podiceps cristatus;Somormujo lavanco
-6.512;42.011;Embalse de Cernadilla ;Zamora;Castilla y Leon;2010;Apr;Animalia;Aves;Podicipedidae;Tachybaptus;Tachybaptus ruficollis;Zampullin comun
-6.512;42.011;Embalse de Cernadilla ;Zamora;Castilla y Leon;2011;May;Animalia;Aves;Podicipedidae;Podiceps;Podiceps cristatus;Somormujo lavanco
-6.512;42.011;Embalse de Cernadilla ;Zamora;Castilla y Leon;2011;Apr;Animalia;Aves;Podicipedidae;Tachybaptus;Tachybaptus ruficollis;Zampullin comun
-6.512;42.011;Embalse de Cernadilla ;Zamora;Castilla y Leon;2012;May;Animalia;Aves;Podicipedidae;Podiceps;Podiceps cristatus;Somormujo lavanco
-6.512;42.011;Embalse de Cernadilla ;Zamora;Castilla y Leon;2012;Apr;Animalia;Aves;Podicipedidae;Tachybaptus;Tachybaptus ruficollis;Zampullin comun
-6.512;42.011;Embalse de Cernadilla ;Zamora;Castilla y Leon;2013;May;Animalia;Aves;Podicipedidae;Podiceps;Podiceps cristatus;Somormujo lavanco
-6.512;42.011;Embalse de Cernadilla ;Zamora;Castilla y Leon;2013;Apr;Animalia;Aves;Podicipedidae;Tachybaptus;Tachybaptus ruficollis;Zampullin comun
-6.512;42.011;Embalse de Cernadilla ;Zamora;Castilla y Leon;2014;May;Animalia;Aves;Podicipedidae;Podiceps;Podiceps cristatus;Somormujo lavanco
-6.512;42.011;Embalse de Cernadilla ;Zamora;Castilla y Leon;2014;Apr;Animalia;Aves;Podicipedidae;Tachybaptus;Tachybaptus ruficollis;Zampullin comun
-6.512;42.011;Embalse de Cernadilla ;Zamora;Castilla y Leon;2015;May;Animalia;Aves;Podicipedidae;Podiceps;Podiceps cristatus;Somormujo lavanco
-6.512;42.011;Embalse de Cernadilla ;Zamora;Castilla y Leon;2015;Apr;Animalia;Aves;Podicipedidae;Tachybaptus;Tachybaptus ruficollis;Zampullin comun
-1.137;42.129; de Ejea-Escoron ;Zaragoza;Aragon;2011;May;Animalia;Aves;Anatidae;Tadorna;Tadorna tadorna;Tarro blanco
-0.84;41.647; Zaragoza;Zaragoza;Aragon;2019;Apr;Animalia;Aves;Ardeidae;Ardea;Ardea alba;Great Egret
-1.047;41.299;Aguilon;Zaragoza;Aragon;2014;Apr;Animalia;Aves;Fringillidae;Fringilla;Fringilla coelebs;Common Chaffinch
-1.104;41.76;Alagon--Campos y Rio Jalon;Zaragoza;Aragon;2019;Apr;Animalia;Aves;Fringillidae;Fringilla;Fringilla coelebs;Common Chaffinch
-0.95;41.723;Alfocea;Zaragoza;Aragon;2017;Apr;Animalia;Aves;Ardeidae;Ardea;Ardea alba;Great Egret
-0.708;41.592;Arrozales de Alfajarin ;Zaragoza;Aragon;2006;May;Animalia;Aves;Podicipedidae;Podiceps;Podiceps cristatus;Somormujo lavanco
-1.309;42.218;Balsa del Gancho ;Zaragoza;Aragon;2000;Apr;Animalia;Aves;Ardeidae;Ardea;Egretta alba;Garceta grande
-1.309;42.218;Balsa del Gancho ;Zaragoza;Aragon;2001;May;Animalia;Aves;Podicipedidae;Podiceps;Podiceps cristatus;Somormujo lavanco
-1.25;41.3;Carinena;Zaragoza;Aragon;2020;Apr;Animalia;Mammalia;Mustelidae;Meles;Meles meles;Eurasian Badger
-0.249;41.393;Complejo Lagunar de las Saladas ;Zaragoza;Aragon;2000;May;Animalia;Aves;Anatidae;Tadorna;Tadorna tadorna;Tarro blanco
-0.249;41.393;Complejo Lagunar de las Saladas ;Zaragoza;Aragon;2001;May;Animalia;Aves;Anatidae;Netta;Netta rufina;Pato colorado
-0.249;41.393;Complejo Lagunar de las Saladas ;Zaragoza;Aragon;2001;May;Animalia;Aves;Anatidae;Tadorna;Tadorna tadorna;Tarro blanco
-0.552;41.295;Embalse de la Hoya de Almochuel ;Zaragoza;Aragon;2001;May;Animalia;Aves;Anatidae;Tadorna;Tadorna tadorna;Tarro blanco
-1.15;42.218;Embalse de San Bartolome ;Zaragoza;Aragon;2000;May;Animalia;Aves;Podicipedidae;Podiceps;Podiceps cristatus;Somormujo lavanco
-1.15;42.218;Embalse de San Bartolome ;Zaragoza;Aragon;2001;May;Animalia;Aves;Podicipedidae;Podiceps;Podiceps cristatus;Somormujo lavanco
-1.272;42.299;Embalse de Valdefuen ;Zaragoza;Aragon;2000;Apr;Animalia;Aves;Podicipedidae;Tachybaptus;Tachybaptus ruficollis;Zampullin comun
-1.272;42.299;Embalse de Valdefuen ;Zaragoza;Aragon;2001;May;Animalia;Aves;Podicipedidae;Podiceps;Podiceps cristatus;Somormujo lavanco
-1.272;42.299;Embalse de Valdefuen ;Zaragoza;Aragon;2001;May;Animalia;Aves;Podicipedidae;Podiceps;Podiceps nigricollis;Zampullin cuellinegro
-1.098;42.603;Embalse de Yesa ;Zaragoza;Aragon;2000;May;Animalia;Aves;Podicipedidae;Podiceps;Podiceps cristatus;Somormujo lavanco
-1.098;42.603;Embalse de Yesa ;Zaragoza;Aragon;2001;May;Animalia;Aves;Podicipedidae;Podiceps;Podiceps cristatus;Somormujo lavanco
-1.098;42.603;Embalse de Yesa ;Zaragoza;Aragon;2002;May;Animalia;Aves;Podicipedidae;Podiceps;Podiceps cristatus;Somormujo lavanco
-1.181;42.183;Embalse del Bolaso ;Zaragoza;Aragon;2000;May;Animalia;Aves;Podicipedidae;Podiceps;Podiceps cristatus;Somormujo lavanco
-5.8;41.707;Embalse del Esla -Ricobayo;Zaragoza;Aragon;2003;May;Animalia;Aves;Podicipedidae;Podiceps;Podiceps cristatus;Somormujo lavanco
-1.287;42.383;Estanca de Castilliscar ;Zaragoza;Aragon;2000;May;Animalia;Aves;Podicipedidae;Podiceps;Podiceps cristatus;Somormujo lavanco
-1.287;42.383;Estanca de Castilliscar ;Zaragoza;Aragon;2000;Apr;Animalia;Aves;Podicipedidae;Tachybaptus;Tachybaptus ruficollis;Zampullin comun
-1.287;42.383;Estanca de Castilliscar ;Zaragoza;Aragon;2001;May;Animalia;Aves;Podicipedidae;Podiceps;Podiceps cristatus;Somormujo lavanco
-1.287;42.383;Estanca de Castilliscar ;Zaragoza;Aragon;2002;May;Animalia;Aves;Podicipedidae;Podiceps;Podiceps cristatus;Somormujo lavanco
-0.141;41.238;Estanca de Chiprana ;Zaragoza;Aragon;2000;May;Animalia;Aves;Anatidae;Netta;Netta rufina;Pato colorado
-1.191;42.103;Estanca de Pillue ;Zaragoza;Aragon;2000;May;Animalia;Aves;Podicipedidae;Podiceps;Podiceps cristatus;Somormujo lavanco
-0.767;41.607;Galacho de la Alfranca ;Zaragoza;Aragon;2000;Apr;Animalia;Aves;Podicipedidae;Tachybaptus;Tachybaptus ruficollis;Zampullin comun
-0.75;41.35;La Lomaza de Belchite;Zaragoza;Aragon;2017;Apr;Animalia;Mammalia;Canidae;Vulpes;Vulpes vulpes;Red Fox
-5.606;41.833;Lagunas de Villafafila ;Zaragoza;Aragon;2003;May;Animalia;Aves;Anatidae;Tadorna;Tadorna tadorna;Tarro blanco
-5.606;41.833;Lagunas de Villafafila ;Zaragoza;Aragon;2003;Apr;Animalia;Aves;Podicipedidae;Tachybaptus;Tachybaptus ruficollis;Zampullin comun
-1.309;42.218;Lagunazo de Moncayuelo ;Zaragoza;Aragon;2000;May;Animalia;Aves;Podicipedidae;Podiceps;Podiceps cristatus;Somormujo lavanco
-1.309;42.218;Lagunazo de Moncayuelo ;Zaragoza;Aragon;2000;May;Animalia;Aves;Podicipedidae;Podiceps;Podiceps nigricollis;Zampullin cuellinegro
-1.309;42.218;Lagunazo de Moncayuelo ;Zaragoza;Aragon;2001;May;Animalia;Aves;Podicipedidae;Podiceps;Podiceps cristatus;Somormujo lavanco
-1.309;42.218;Lagunazo de Moncayuelo ;Zaragoza;Aragon;2001;May;Animalia;Aves;Anatidae;Tadorna;Tadorna tadorna;Tarro blanco
-1.309;42.218;Lagunazo de Moncayuelo ;Zaragoza;Aragon;2001;May;Animalia;Aves;Anatidae;Netta;Netta rufina;Pato colorado
-1.017;41.733;Mejana del Tambor;Zaragoza;Aragon;2016;Apr;Animalia;Aves;Fringillidae;Fringilla;Fringilla coelebs;Pinzon vulgar
-0.953;41.707;Monzalbarba: Soto Bajo;Zaragoza;Aragon;2018;Apr;Animalia;Aves;Ardeidae;Ardea;Ardea alba;Great Egret
-0.752;42.337;Murillo de Gallego;Zaragoza;Aragon;2002;Apr;Animalia;Aves;Fringillidae;Fringilla;Fringilla coelebs;Common Chaffinch
-0.8;42.25;Murillo de Gallego;Zaragoza;Aragon;2012;Jul;Animalia;Mammalia;Mustelidae;Meles;Meles meles;Eurasian Badger
-1.35;41.75;Pedrola;Zaragoza;Aragon;2019;Feb;Animalia;Mammalia;Canidae;Vulpes;Vulpes vulpes;Red Fox
-0.157;41.488;Saladas de Bujaraloz ;Zaragoza;Aragon;2001;May;Animalia;Aves;Anatidae;Tadorna;Tadorna tadorna;Tarro blanco
-1.309;42.218;Balsa del Gancho ;Zaragoza;Aragon;2002;May;Animalia;Aves;Podicipedidae;Podiceps;Podiceps cristatus;Somormujo lavanco
-1.309;42.218;Balsa del Gancho ;Zaragoza;Aragon;2003;May;Animalia;Aves;Podicipedidae;Podiceps;Podiceps cristatus;Somormujo lavanco
-1.309;42.218;Balsa del Gancho ;Zaragoza;Aragon;2003;May;Animalia;Aves;Anatidae;Tadorna;Tadorna tadorna;Tarro blanco
-1.309;42.218;Balsa del Gancho ;Zaragoza;Aragon;2004;May;Animalia;Aves;Podicipedidae;Podiceps;Podiceps cristatus;Somormujo lavanco
-1.309;42.218;Balsa del Gancho ;Zaragoza;Aragon;2004;Apr;Animalia;Aves;Podicipedidae;Tachybaptus;Tachybaptus ruficollis;Zampullin comun
-1.309;42.218;Balsa del Gancho ;Zaragoza;Aragon;2005;May;Animalia;Aves;Podicipedidae;Podiceps;Podiceps cristatus;Somormujo lavanco
-1.309;42.218;Balsa del Gancho ;Zaragoza;Aragon;2005;May;Animalia;Aves;Anatidae;Tadorna;Tadorna tadorna;Tarro blanco
-1.309;42.218;Balsa del Gancho ;Zaragoza;Aragon;2006;May;Animalia;Aves;Podicipedidae;Podiceps;Podiceps cristatus;Somormujo lavanco
-1.309;42.218;Balsa del Gancho ;Zaragoza;Aragon;2006;May;Animalia;Aves;Anatidae;Tadorna;Tadorna tadorna;Tarro blanco
-1.309;42.218;Balsa del Gancho ;Zaragoza;Aragon;2008;May;Animalia;Aves;Podicipedidae;Podiceps;Podiceps cristatus;Somormujo lavanco
-1.309;42.218;Balsa del Gancho ;Zaragoza;Aragon;2008;Apr;Animalia;Aves;Ardeidae;Ardea;Egretta alba;Garceta grande
-1.309;42.218;Balsa del Gancho ;Zaragoza;Aragon;2009;May;Animalia;Aves;Podicipedidae;Podiceps;Podiceps nigricollis;Zampullin cuellinegro
-1.309;42.218;Balsa del Gancho ;Zaragoza;Aragon;2010;May;Animalia;Aves;Podicipedidae;Podiceps;Podiceps cristatus;Somormujo lavanco
-1.309;42.218;Balsa del Gancho ;Zaragoza;Aragon;2011;May;Animalia;Aves;Podicipedidae;Podiceps;Podiceps cristatus;Somormujo lavanco
-1.309;42.218;Balsa del Gancho ;Zaragoza;Aragon;2011;May;Animalia;Aves;Anatidae;Tadorna;Tadorna tadorna;Tarro blanco
-1.309;42.218;Balsa del Gancho ;Zaragoza;Aragon;2012;May;Animalia;Aves;Podicipedidae;Podiceps;Podiceps cristatus;Somormujo lavanco
-0.1;41.35;Bujaraloz;Zaragoza;Aragon;2017;Apr;Animalia;Mammalia;Canidae;Vulpes;Vulpes vulpes;Red Fox
-0.15;41.4;Bujaraloz;Zaragoza;Aragon;2019;Mar;Animalia;Mammalia;Canidae;Vulpes;Vulpes vulpes;Red Fox
-0.15;41.4;Bujaraloz;Zaragoza;Aragon;2020;Apr;Animalia;Mammalia;Canidae;Vulpes;Vulpes vulpes;Red Fox
-0.15;41.35;Bujaraloz;Zaragoza;Aragon;2020;Mar;Animalia;Mammalia;Canidae;Vulpes;Vulpes vulpes;Red Fox
-0.141;41.5;Bujaraloz--Saladar de los Juncos;Zaragoza;Aragon;2018;May;Animalia;Aves;Anatidae;Tadorna;Tadorna tadorna;Common Shelduck
-0.152;42.749;Bujaruelo - Garganta de Los Navarros;Zaragoza;Aragon;2017;Jul;Animalia;Amphibia;Salamandridae;Calotriton;Calotriton asper;Pyrenean Brook Newt
-0.11;42.698;Bujaruelo - Garganta de Los Navarros;Zaragoza;Aragon;2019;Jul;Animalia;Amphibia;Salamandridae;Calotriton;Calotriton asper;Pyrenean Brook Newt
-3.53;40.303;Graveras de El Porcal ;Comunidad de Madrid;Comunidad de Madrid;2005;May;Animalia;Aves;Podicipedidae;Podiceps;Podiceps cristatus;Somormujo lavanco
-3.53;40.303;Graveras de El Porcal ;Comunidad de Madrid;Comunidad de Madrid;2005;May;Animalia;Aves;Anatidae;Netta;Netta rufina;Pato colorado
-3.53;40.303;Graveras de El Porcal ;Comunidad de Madrid;Comunidad de Madrid;2005;Apr;Animalia;Aves;Podicipedidae;Tachybaptus;Tachybaptus ruficollis;Zampullin comun
-3.53;40.303;Graveras de El Porcal ;Comunidad de Madrid;Comunidad de Madrid;2006;May;Animalia;Aves;Podicipedidae;Podiceps;Podiceps cristatus;Somormujo lavanco
-3.53;40.303;Graveras de El Porcal ;Comunidad de Madrid;Comunidad de Madrid;2006;May;Animalia;Aves;Anatidae;Netta;Netta rufina;Pato colorado
-3.53;40.303;Graveras de El Porcal ;Comunidad de Madrid;Comunidad de Madrid;2006;Apr;Animalia;Aves;Ardeidae;Ixobrychus;Ixobrychus minutus;Avetorillo comun
-3.53;40.303;Graveras de El Porcal ;Comunidad de Madrid;Comunidad de Madrid;2006;Apr;Animalia;Aves;Podicipedidae;Tachybaptus;Tachybaptus ruficollis;Zampullin comun
-3.53;40.303;Graveras de El Porcal ;Comunidad de Madrid;Comunidad de Madrid;2007;May;Animalia;Aves;Podicipedidae;Podiceps;Podiceps cristatus;Somormujo lavanco
-3.53;40.303;Graveras de El Porcal ;Comunidad de Madrid;Comunidad de Madrid;2007;Apr;Animalia;Aves;Podicipedidae;Tachybaptus;Tachybaptus ruficollis;Zampullin comun
-3.53;40.303;Graveras de El Porcal ;Comunidad de Madrid;Comunidad de Madrid;2008;May;Animalia;Aves;Podicipedidae;Podiceps;Podiceps cristatus;Somormujo lavanco
-3.53;40.303;Graveras de El Porcal ;Comunidad de Madrid;Comunidad de Madrid;2008;Apr;Animalia;Aves;Ardeidae;Ixobrychus;Ixobrychus minutus;Avetorillo comun
-3.53;40.303;Graveras de El Porcal ;Comunidad de Madrid;Comunidad de Madrid;2008;Apr;Animalia;Aves;Podicipedidae;Tachybaptus;Tachybaptus ruficollis;Zampullin comun
-3.53;40.303;Graveras de El Porcal ;Comunidad de Madrid;Comunidad de Madrid;2009;May;Animalia;Aves;Podicipedidae;Podiceps;Podiceps cristatus;Somormujo lavanco
-3.53;40.303;Graveras de El Porcal ;Comunidad de Madrid;Comunidad de Madrid;2009;May;Animalia;Aves;Anatidae;Netta;Netta rufina;Pato colorado
-3.53;40.303;Graveras de El Porcal ;Comunidad de Madrid;Comunidad de Madrid;2009;Apr;Animalia;Aves;Podicipedidae;Tachybaptus;Tachybaptus ruficollis;Zampullin comun
-3.53;40.303;Graveras de El Porcal ;Comunidad de Madrid;Comunidad de Madrid;2010;May;Animalia;Aves;Podicipedidae;Podiceps;Podiceps cristatus;Somormujo lavanco
-3.53;40.303;Graveras de El Porcal ;Comunidad de Madrid;Comunidad de Madrid;2010;Apr;Animalia;Aves;Podicipedidae;Tachybaptus;Tachybaptus ruficollis;Zampullin comun
-3.53;40.303;Graveras de El Porcal ;Comunidad de Madrid;Comunidad de Madrid;2011;May;Animalia;Aves;Podicipedidae;Podiceps;Podiceps cristatus;Somormujo lavanco
-3.53;40.303;Graveras de El Porcal ;Comunidad de Madrid;Comunidad de Madrid;2011;May;Animalia;Aves;Anatidae;Netta;Netta rufina;Pato colorado
-3.53;40.303;Graveras de El Porcal ;Comunidad de Madrid;Comunidad de Madrid;2011;May;Animalia;Aves;Podicipedidae;Podiceps;Podiceps nigricollis;Zampullin cuellinegro
-3.53;40.303;Graveras de El Porcal ;Comunidad de Madrid;Comunidad de Madrid;2011;Apr;Animalia;Aves;Podicipedidae;Tachybaptus;Tachybaptus ruficollis;Zampullin comun
-3.53;40.303;Graveras de El Porcal ;Comunidad de Madrid;Comunidad de Madrid;2013;May;Animalia;Aves;Podicipedidae;Podiceps;Podiceps cristatus;Somormujo lavanco
-3.53;40.303;Graveras de El Porcal ;Comunidad de Madrid;Comunidad de Madrid;2013;Apr;Animalia;Aves;Anatidae;Netta;Netta rufina;Pato colorado
-3.53;40.303;Graveras de El Porcal ;Comunidad de Madrid;Comunidad de Madrid;2013;Apr;Animalia;Aves;Ardeidae;Ixobrychus;Ixobrychus minutus;Avetorillo comun
-3.53;40.303;Graveras de El Porcal ;Comunidad de Madrid;Comunidad de Madrid;2013;Apr;Animalia;Aves;Podicipedidae;Tachybaptus;Tachybaptus ruficollis;Zampullin comun
-3.53;40.303;Graveras de El Porcal ;Comunidad de Madrid;Comunidad de Madrid;2016;May;Animalia;Aves;Podicipedidae;Podiceps;Podiceps cristatus;Somormujo lavanco
-3.53;40.303;Graveras de El Porcal ;Comunidad de Madrid;Comunidad de Madrid;2016;Apr;Animalia;Aves;Anatidae;Netta;Netta rufina;Pato colorado
-3.53;40.303;Graveras de El Porcal ;Comunidad de Madrid;Comunidad de Madrid;2016;Apr;Animalia;Aves;Podicipedidae;Tachybaptus;Tachybaptus ruficollis;Zampullin comun
-5.484;40.913;Graveras de Francos;Salamanca;Castilla-La Mancha;2016;May;Animalia;Aves;Podicipedidae;Podiceps;Podiceps cristatus;Great Crested Grebe
-5.484;40.913;Graveras de Francos;Salamanca;Castilla-La Mancha;2016;Apr;Animalia;Aves;Podicipedidae;Tachybaptus;Tachybaptus ruficollis;Little Grebe
-5.479;40.909;Graveras de Francos;Salamanca;Castilla-La Mancha;2016;Apr;Animalia;Aves;Fringillidae;Fringilla;Fringilla coelebs;Common Chaffinch
-5.479;40.909;Graveras de Francos;Salamanca;Castilla-La Mancha;2016;May;Animalia;Aves;Podicipedidae;Podiceps;Podiceps cristatus;Great Crested Grebe
-5.479;40.909;Graveras de Francos;Salamanca;Castilla-La Mancha;2016;Apr;Animalia;Aves;Podicipedidae;Tachybaptus;Tachybaptus ruficollis;Little Grebe
-5.484;40.913;Graveras de Francos;Salamanca;Castilla-La Mancha;2018;Apr;Animalia;Aves;Anatidae;Anas;Mareca penelope;Eurasian Wigeon
-5.484;40.913;Graveras de Francos;Salamanca;Castilla-La Mancha;2018;Apr;Animalia;Aves;Podicipedidae;Tachybaptus;Tachybaptus ruficollis;Little Grebe
-5.569;42.491;Graveras de Grulleros;;;2015;Apr;Animalia;Aves;Podicipedidae;Tachybaptus;Tachybaptus ruficollis;Zampullin comun
-3.534;40.603;Graveras Duque de Alburquerque ;Comunidad de Madrid;Comunidad de Madrid;2005;Apr;Animalia;Aves;Podicipedidae;Tachybaptus;Tachybaptus ruficollis;Zampullin comun
-3.534;40.603;Graveras Duque de Alburquerque ;Comunidad de Madrid;Comunidad de Madrid;2006;Apr;Animalia;Aves;Podicipedidae;Tachybaptus;Tachybaptus ruficollis;Zampullin comun
-3.534;40.603;Graveras Duque de Alburquerque ;Comunidad de Madrid;Comunidad de Madrid;2007;Apr;Animalia;Aves;Anatidae;Netta;Netta rufina;Pato colorado
-3.534;40.603;Graveras Duque de Alburquerque ;Comunidad de Madrid;Comunidad de Madrid;2007;Apr;Animalia;Aves;Podicipedidae;Tachybaptus;Tachybaptus ruficollis;Zampullin comun
-3.534;40.603;Graveras Duque de Alburquerque ;Comunidad de Madrid;Comunidad de Madrid;2008;Apr;Animalia;Aves;Podicipedidae;Tachybaptus;Tachybaptus ruficollis;Zampullin comun
-3.534;40.603;Graveras Duque de Alburquerque ;Comunidad de Madrid;Comunidad de Madrid;2009;Apr;Animalia;Aves;Podicipedidae;Tachybaptus;Tachybaptus ruficollis;Zampullin comun
-3.534;40.603;Graveras Duque de Alburquerque ;Comunidad de Madrid;Comunidad de Madrid;2011;Apr;Animalia;Aves;Podicipedidae;Tachybaptus;Tachybaptus ruficollis;Zampullin comun
-3.534;40.603;Graveras Duque de Alburquerque ;Comunidad de Madrid;Comunidad de Madrid;2013;Apr;Animalia;Aves;Podicipedidae;Tachybaptus;Tachybaptus ruficollis;Zampullin comun
-0.11;42.698;Bujaruelo - Garganta de Los Navarros;Zaragoza;Aragon;2019;Jul;Animalia;Amphibia;Salamandridae;Calotriton;Calotriton asper;Pyrenean Brook Newt
-8.103;42.772;Agolada;Pontevedra;Galicia;2018;Apr;Animalia;Amphibia;Bufonidae;Bufo;Bufo spinosus;Spiny Toad
-8.102;42.772;Agolada;Pontevedra;Galicia;2018;Apr;Animalia;Amphibia;Bufonidae;Bufo;Bufo spinosus;Spiny Toad
-6.189;37.455;Albaida del Aljarafe;Sevilla;Andalucia;2016;Sep;Animalia;Amphibia;Salamandridae;Pleurodeles;Pleurodeles waltl;Spanish Ribbed Newt
-0.55;38.65;Alcoy;Alicante;Comunitat Valenciana;2018;Feb;Animalia;Amphibia;Alytidae;Alytes;Alytes obstetricans;Midwife Toad
-6.261;39.201;Alcuescar;;;2017;Apr;Animalia;Amphibia;Pelobatidae;Pelobates;Pelobates cultripes;Western Spadefoot
-1.93;42.232;Aldeanueva de Ebro;;;2015;Apr;Animalia;Amphibia;Pelobatidae;Pelobates;Pelobates cultripes;Western Spadefoot
-1.86;42.16;Alfaro;;;2019;Jul;Animalia;Amphibia;Pelobatidae;Pelobates;Pelobates cultripes;Western Spadefoot
-0.273;39.859;Alfondeguilla;;;2020;Feb;Animalia;Amphibia;Bufonidae;Bufo;Bufo spinosus;Spiny Toad
-6.989;37.287;Aljaraque;;;2018;Mar;Animalia;Amphibia;Hylidae;Hyla;Hyla meridionalis;Mediterranean Tree Frog
-5.601;43.152;Aller;;;2019;May;Animalia;Amphibia;Bufonidae;Bufo;Bufo spinosus;Spiny Toad
-4.564;36.863;Almogia;;;2018;Apr;Animalia;Amphibia;Alytidae;Discoglossus;Discoglossus galganoi;Iberian Painted Frog
-6.783;37.789;Almonaster la Real;;;2011;Feb;Animalia;Amphibia;Salamandridae;Lissotriton;Lissotriton boscai;Bosca's Newt
-3.759;36.739;Almunecar;;;2016;Dec;Animalia;Amphibia;Bufonidae;Bufo;Bufo spinosus;Spiny Toad
-7.186;37.574;Alosno;Huelva;Andalucia;2020;Feb;Animalia;Amphibia;Salamandridae;Pleurodeles;Pleurodeles waltl;Spanish Ribbed Newt
-7.179;37.571;Alosno;Huelva;Andalucia;2020;Feb;Animalia;Amphibia;Salamandridae;Pleurodeles;Pleurodeles waltl;Spanish Ribbed Newt
0.14;42.682;Alto Valle del Cinca;;;2017;Jul;Animalia;Amphibia;Salamandridae;Calotriton;Calotriton asper;Pyrenean Brook Newt
-6.902;42.817;Ancares;Lugo;Galicia;2016;Jun;Animalia;Amphibia;Salamandridae;Lissotriton;Lissotriton boscai;Bosca's Newt
-3.9;36.747;Andalucia;;;2011;Apr;Animalia;Amphibia;Bufonidae;Bufo;Bufo spinosus;Spiny Toad
-5.424;36.685;Benaocaz;;;2017;Feb;Animalia;Amphibia;Bufonidae;Bufo;Bufo spinosus;Spiny Toad
-2.872;41.524;Berlanga de Duero;;;2019;Jul;Animalia;Amphibia;Pelobatidae;Pelobates;Pelobates cultripes;Western Spadefoot
-8.91;42.64;Boiro;;;2009;Feb;Animalia;Amphibia;Salamandridae;Chioglossa;Chioglossa lusitanica;Gold-striped Salamander
-6.136;37.346;Bollullos de la Mitacion;Sevilla;Andalucia;2015;May;Animalia;Amphibia;Alytidae;Discoglossus;Discoglossus galganoi;Iberian Painted Frog
-6.14;37.34;Bollullos de la Mitacion;Sevilla;Andalucia;2019;Feb;Animalia;Amphibia;Alytidae;Discoglossus;Discoglossus galganoi;Iberian Painted Frog
-6.696;37.214;Bonares;Huelva;Andalucia;2017;Apr;Animalia;Amphibia;Pelobatidae;Pelobates;Pelobates cultripes;Western Spadefoot
-6.693;37.216;Bonares;Huelva;Andalucia;2017;Apr;Animalia;Amphibia;Pelobatidae;Pelobates;Pelobates cultripes;Western Spadefoot
-6.691;37.217;Bonares;Huelva;Andalucia;2017;Apr;Animalia;Amphibia;Pelobatidae;Pelobates;Pelobates cultripes;Western Spadefoot
-6.679;37.227;Bonares;Huelva;Andalucia;2017;Apr;Animalia;Amphibia;Pelobatidae;Pelobates;Pelobates cultripes;Western Spadefoot
-1.623;41.858;Borja;Zaragoza;Aragon;2020;Feb;Animalia;Amphibia;Salamandridae;Triturus;Triturus marmoratus;Marbled Newt
2.63;41.91;Brunyola;Girona;Cataluna;2016;Feb;Animalia;Amphibia;Bufonidae;Bufo;Bufo spinosus;Spiny Toad
-4.18;43.333;Cabezon de la Sal;Cantabria;;2017;Sep;Animalia;Amphibia;Bufonidae;Bufo;Bufo spinosus;Spiny Toad
-2.042;36.85;Cabo de Gata;Almeria;Andalucia;2015;Mar;Animalia;Amphibia;Bufonidae;Bufo;Bufo spinosus;Spiny Toad
-6.39;37.07;Cabo Guadiamar;Sevilla;Andalucia;2018;Mar;Animalia;Amphibia;Hylidae;Hyla;Hyla meridionalis;Mediterranean Tree Frog
-6.387;37.077;Cabo Guadiamar;Sevilla;Andalucia;2018;Mar;Animalia;Amphibia;Pelodytidae;Pelodytes;Pelodytes ibericus;Iberian Parsley Frog
-6.37;37.1;Cabo Guadiamar;Sevilla;Andalucia;2018;Mar;Animalia;Amphibia;Hylidae;Hyla;Hyla meridionalis;Mediterranean Tree Frog
-6.357;37.107;Cabo Guadiamar;Sevilla;Andalucia;2018;Feb;Animalia;Amphibia;Salamandridae;Pleurodeles;Pleurodeles waltl;Spanish Ribbed Newt
-4.38;37.48;Cabra;;;2017;Feb;Animalia;Amphibia;Bufonidae;Bufo;Bufo spinosus;Spiny Toad
-5.895;40.119;Cabrero; Caceres;Extremadura;2018;May;Animalia;Amphibia;Salamandridae;Lissotriton;Lissotriton boscai;Bosca's Newt
-5.895;40.119;Cabrero; Caceres;Extremadura;2018;Jun;Animalia;Amphibia;Salamandridae;Lissotriton;Lissotriton boscai;Bosca's Newt
-5.895;40.119;Cabrero; Caceres;Extremadura;2019;Mar;Animalia;Amphibia;Salamandridae;Lissotriton;Lissotriton boscai;Bosca's Newt
-5.503;36.08;Cadiz;;;2014;Sep;Animalia;Amphibia;Bufonidae;Bufo;Bufo spinosus;Spiny Toad
-6.42;36.693;Cadiz - Costa Ballena;;;2018;Feb;Animalia;Amphibia;Salamandridae;Pleurodeles;Pleurodeles waltl;Spanish Ribbed Newt
-8.65;42.6;Caldas de Reis;Pontevedra;Galicia;2019;Feb;Animalia;Amphibia;Salamandridae;Salamandra;Salamandra salamandra;Fire Salamander
2.778;41.838;Caldes de Malavella;;;2019;Jul;Animalia;Amphibia;Bufonidae;Bufo;Bufo spinosus;Spiny Toad
-4.812;43.164;Camaleno;;;2019;Jul;Animalia;Amphibia;Salamandridae;Ichthyosaura;Ichthyosaura alpestris;Alpine Newt
0.692;40.771;Camarles;;;2009;Jun;Animalia;Amphibia;Alytidae;Alytes;Alytes obstetricans;Midwife Toad
-5.934;37.357;Campus Pablo de Olavide;Sevilla;Andalucia;2020;Feb;Animalia;Amphibia;Hylidae;Hyla;Hyla meridionalis;Mediterranean Tree Frog
-5.934;37.356;Campus Pablo de Olavide;Sevilla;Andalucia;2020;Feb;Animalia;Amphibia;Hylidae;Hyla;Hyla meridionalis;Mediterranean Tree Frog
-3.057;42.125;Canales de la Sierra;;;2014;Jul;Animalia;Amphibia;Hylidae;Hyla;Hyla molleri;Iberian Tree Frog
-3.057;42.125;Canales de la Sierra;;;2014;Jul;Animalia;Amphibia;Salamandridae;Triturus;Triturus marmoratus;Marbled Newt
-5.809;37.663;Cantillana;;;2017;Oct;Animalia;Amphibia;Salamandridae;Pleurodeles;Pleurodeles waltl;Spanish Ribbed Newt
-7.737;42.475;Carballedo;;;2018;Mar;Animalia;Amphibia;Bufonidae;Bufo;Bufo spinosus;Spiny Toad
-4.615;36.717;Cartama;;;2013;Apr;Animalia;Amphibia;Alytidae;Discoglossus;Discoglossus galganoi;Spanish Painted Frog
-7.06;37.226;Cartaya;;;2020;Feb;Animalia;Amphibia;Hylidae;Hyla;Hyla meridionalis;Mediterranean Tree Frog
-8.06;42.247;Cartelle;;;2017;Aug;Animalia;Amphibia;Bufonidae;Bufo;Bufo spinosus;Spiny Toad
-4.881;36.787;Casarabonela;;;2014;Jun;Animalia;Amphibia;Bufonidae;Bufo;Bufo spinosus;Spiny Toad
-4.576;40.341;Casillas;Avila;Castilla-La Mancha;2017;Apr;Animalia;Amphibia;Salamandridae;Lissotriton;Lissotriton boscai;Bosca's Newt
-4.576;40.341;Casillas;Avila;Castilla-La Mancha;2018;May;Animalia;Amphibia;Salamandridae;Lissotriton;Lissotriton boscai;Bosca's Newt
-6.667;37.878;Castano del Robledo;;;2018;Feb;Animalia;Amphibia;Bufonidae;Bufo;Bufo spinosus;Spiny Toad
-5.489;36.36;Castellar de la Frontera;;;2011;Apr;Animalia;Amphibia;Salamandridae;Pleurodeles;Pleurodeles waltl;Spanish Ribbed Newt
-3.05;37.85;Cazorla;;;2016;Mar;Animalia;Amphibia;Salamandridae;Salamandra;Salamandra salamandra;Fire Salamander
-6.384;37.076;Centro de Visitantes Jose Antonio Valverde;;;2017;Dec;Animalia;Amphibia;Pelodytidae;Pelodytes;Pelodytes ibericus;Iberian Parsley Frog
-6.48;37.127;Centro Ornitologico Francisco Bernis;;;2018;Mar;Animalia;Amphibia;Hylidae;Hyla;Hyla meridionalis;Mediterranean Tree Frog
-8.417;43.218;Cerceda;;;2017;Jul;Animalia;Amphibia;Salamandridae;Lissotriton;Lissotriton boscai;Bosca's Newt
-5.622;37.953;Cerro del Hierro;Sevilla;Andalucia;2011;Feb;Animalia;Amphibia;Hylidae;Hyla;Hyla meridionalis;Mediterranean Tree Frog
-5.617;37.963;Cerro del Hierro;Sevilla;Andalucia;2011;May;Animalia;Amphibia;Salamandridae;Pleurodeles;Pleurodeles waltl;Spanish Ribbed Newt
-5.617;37.963;Cerro del Hierro;Sevilla;Andalucia;2011;May;Animalia;Amphibia;Pelodytidae;Pelodytes;Pelodytes ibericus;Iberian Parsley Frog
-5.618;37.962;Cerro del Hierro;Sevilla;Andalucia;2012;May;Animalia;Amphibia;Salamandridae;Pleurodeles;Pleurodeles waltl;Spanish Ribbed Newt
-5.622;37.952;Cerro del Hierro;Sevilla;Andalucia;2013;May;Animalia;Amphibia;Hylidae;Hyla;Hyla meridionalis;Mediterranean Tree Frog
-5.621;37.952;Cerro del Hierro;Sevilla;Andalucia;2013;May;Animalia;Amphibia;Hylidae;Hyla;Hyla meridionalis;Mediterranean Tree Frog
-5.621;37.958;Cerro del Hierro;Sevilla;Andalucia;2014;May;Animalia;Amphibia;Salamandridae;Pleurodeles;Pleurodeles waltl;Spanish Ribbed Newt
-5.65;37.95;Cerro del Hierro;Sevilla;Andalucia;2015;Feb;Animalia;Amphibia;Salamandridae;Salamandra;Salamandra salamandra;Fire Salamander
-5.623;37.953;Cerro del Hierro;Sevilla;Andalucia;2015;Feb;Animalia;Amphibia;Salamandridae;Pleurodeles;Pleurodeles waltl;Spanish Ribbed Newt
-5.623;37.953;Cerro del Hierro;Sevilla;Andalucia;2015;Feb;Animalia;Amphibia;Pelobatidae;Pelobates;Pelobates cultripes;Western Spadefoot
-8.162;43.143;Cesuras;;;2017;Aug;Animalia;Amphibia;Salamandridae;Chioglossa;Chioglossa lusitanica;Gold-striped Salamander
-3.542;36.726;Charca Suarez;;;2017;Mar;Animalia;Amphibia;Hylidae;Hyla;Hyla meridionalis;Mediterranean Tree Frog
-3.55;36.72;Charca Suarez;;;2019;Mar;Animalia;Amphibia;Hylidae;Hyla;Hyla meridionalis;Mediterranean Tree Frog
-3.54;36.725;Charca Suarez;;;2020;Feb;Animalia;Amphibia;Hylidae;Hyla;Hyla meridionalis;Mediterranean Tree Frog
-0.49;38.698;Ciudad de Alcoy;;;2018;May;Animalia;Amphibia;Bufonidae;Bufo;Bufo spinosus;Spiny Toad
-3.59;37.17;Ciudad de Granada;;;2020;Feb;Animalia;Amphibia;Bufonidae;Bufo;Bufo spinosus;Spiny Toad
-5.162;36.74;Ciudad de Ronda;;;2015;Apr;Animalia;Amphibia;Bufonidae;Bufo;Bufo spinosus;Spiny Toad
-3.457;39.337;Ciudad Real;;;2015;Dec;Animalia;Amphibia;Hylidae;Hyla;Hyla molleri;Iberian Tree Frog
-2.434;42.372;Clavijo;;;2013;Mar;Animalia;Amphibia;Salamandridae;Triturus;Triturus marmoratus;Marbled Newt
-8.2;43.2;Coiros;;;2018;Mar;Animalia;Amphibia;Salamandridae;Salamandra;Salamandra salamandra;Fire Salamander
-5.865;36.863;Complejo Endorreico de Espera;;;2018;May;Animalia;Amphibia;Salamandridae;Pleurodeles;Pleurodeles waltl;Spanish Ribbed Newt
-9.039;42.633;Complexo humido de Corrubedo;Coruna;Galicia;2014;Mar;Animalia;Amphibia;Hylidae;Hyla;Hyla molleri;Iberian Tree Frog
-9.038;42.633;Complexo humido de Corrubedo;Coruna;Galicia;2014;Mar;Animalia;Amphibia;Hylidae;Hyla;Hyla molleri;Iberian Tree Frog
-8.855;42.452;Complexo intermareal Umia-O Grove, A Lanzada, punta Carreiron e lagoa Bo;Coruna;Galicia;2017;Apr;Animalia;Amphibia;Hylidae;Hyla;Hyla molleri;Iberian Tree Frog
-8.855;42.452;Complexo intermareal Umia-O Grove, A Lanzada, punta Carreiron e lagoa Bo;Coruna;Galicia;2017;Sep;Animalia;Amphibia;Hylidae;Hyla;Hyla molleri;Iberian Tree Frog
-8.854;42.452;Complexo intermareal Umia-O Grove, A Lanzada, punta Carreiron e lagoa Bo;Coruna;Galicia;2017;Apr;Animalia;Amphibia;Hylidae;Hyla;Hyla molleri;Iberian Tree Frog
-8.849;42.453;Complexo intermareal Umia-O Grove, A Lanzada, punta Carreiron e lagoa Bo;Coruna;Galicia;2017;Apr;Animalia;Amphibia;Hylidae;Hyla;Hyla molleri;Iberian Tree Frog
-8.849;42.453;Complexo intermareal Umia-O Grove, A Lanzada, punta Carreiron e lagoa Bo;Coruna;Galicia;2017;Jul;Animalia;Amphibia;Hylidae;Hyla;Hyla molleri;Iberian Tree Frog
-8.849;42.453;Complexo intermareal Umia-O Grove, A Lanzada, punta Carreiron e lagoa Bo;Coruna;Galicia;2017;Sep;Animalia;Amphibia;Hylidae;Hyla;Hyla molleri;Iberian Tree Frog
-8.848;42.454;Complexo intermareal Umia-O Grove, A Lanzada, punta Carreiron e lagoa Bo;Coruna;Galicia;2017;Sep;Animalia;Amphibia;Hylidae;Hyla;Hyla molleri;Iberian Tree Frog
-0.655;42.841;Comunero de Anso y Fago;;;2017;Aug;Animalia;Amphibia;Salamandridae;Calotriton;Calotriton asper;Pyrenean Brook Newt
-1.788;42.114;Corella;;;2005;Apr;Animalia;Amphibia;Pelodytidae;Pelodytes;Pelodytes punctatus;Common parsley frog
-1.798;42.122;Corella;;;2019;Mar;Animalia;Amphibia;Alytidae;Alytes;Alytes obstetricans;Midwife Toad
-6.327;37.593;Corredor Ecologico del Rio Guadiamar;;;2018;Jun;Animalia;Amphibia;Salamandridae;Lissotriton;Lissotriton boscai;Bosca's Newt
-5.397;36.587;Cortes de la Frontera;;;2011;Mar;Animalia;Amphibia;Alytidae;Discoglossus;Discoglossus galganoi;Spanish Painted Frog
-5.397;36.587;Cortes de la Frontera;;;2011;Mar;Animalia;Amphibia;Salamandridae;Salamandra;Salamandra salamandra;Long-snouted Fire Salamander
-5.397;36.587;Cortes de la Frontera;;;2011;Mar;Animalia;Amphibia;Bufonidae;Bufo;Bufo spinosus;Spiny Toad
-5.37;36.59;Cortes de la Frontera;;;2013;Apr;Animalia;Amphibia;Salamandridae;Salamandra;Salamandra salamandra;Long-snouted Fire Salamander
-5.361;36.599;Cortes de la Frontera;;;2013;Apr;Animalia;Amphibia;Bufonidae;Bufo;Bufo spinosus;Spiny Toad
-3.221;37.312;Cortes y Graena;;;2019;Mar;Animalia;Amphibia;Alytidae;Discoglossus;Discoglossus galganoi;Spanish Painted Frog
-6.524;36.987;Coto Donana;;;2008;Mar;Animalia;Amphibia;Hylidae;Hyla;Hyla meridionalis;Mediterranean Tree Frog
-6.494;36.973;Coto Donana;;;2008;Mar;Animalia;Amphibia;Hylidae;Hyla;Hyla meridionalis;Mediterranean Tree Frog
-6.483;36.988;Coto Donana;;;2008;Mar;Animalia;Amphibia;Salamandridae;Pleurodeles;Pleurodeles waltl;Spanish Ribbed Newt
-6.287;37.072;Coto Donana;;;2012;Dec;Animalia;Amphibia;Pelodytidae;Pelodytes;Pelodytes ibericus;Iberian Parsley Frog
-6.381;37.086;Coto Donana;;;2013;Dec;Animalia;Amphibia;Pelodytidae;Pelodytes;Pelodytes ibericus;Iberian Parsley Frog
-6.411;37.095;Coto Donana;;;2016;Apr;Animalia;Amphibia;Pelodytidae;Pelodytes;Pelodytes ibericus;Iberian Parsley Frog
-6.381;37.092;Coto Donana;;;2016;Apr;Animalia;Amphibia;Pelodytidae;Pelodytes;Pelodytes ibericus;Iberian Parsley Frog
-6.489;37.142;Coto Donana - El Rocio;;;2012;Apr;Animalia;Amphibia;Pelobatidae;Pelobates;Pelobates cultripes;Western Spadefoot
-6.537;37.135;Coto Donana - La Rocina;;;2018;Apr;Animalia;Amphibia;Pelodytidae;Pelodytes;Pelodytes ibericus;Iberian Parsley Frog
0.109;42.561;Cuenca del Rio Aires;;;2017;Apr;Animalia;Amphibia;Alytidae;Alytes;Alytes obstetricans;Midwife Toad
-3.659;40.71;Cuenca del Rio Guadalix;;;2018;Apr;Animalia;Amphibia;Pelobatidae;Pelobates;Pelobates cultripes;Western Spadefoot
-8.409;43.226;Culleredo;;;2017;Jul;Animalia;Amphibia;Salamandridae;Lissotriton;Lissotriton boscai;Bosca's Newt
-2.589;42.474;Ebro ibaia / Rio Ebro;;;2019;Jul;Animalia;Amphibia;Bufonidae;Bufo;Bufo spinosus;Spiny Toad
-1.592;42.81;Egues;;;2020;Feb;Animalia;Amphibia;Bufonidae;Bufo;Bufo spinosus;Spiny Toad
-7.39;37.597;El Almendro;;;2020;Feb;Animalia;Amphibia;Salamandridae;Pleurodeles;Pleurodeles waltl;Spanish Ribbed Newt
-3.92;40.73;El Boalo;;;2018;Apr;Animalia;Amphibia;Hylidae;Hyla;Hyla molleri;Iberian Tree Frog
-4.228;36.909;El Borge;;;2011;Feb;Animalia;Amphibia;Hylidae;Hyla;Hyla meridionalis;Mediterranean Tree Frog
-4.222;36.906;El Borge;;;2011;Feb;Animalia;Amphibia;Pelodytidae;Pelodytes;Pelodytes ibericus;Iberian Parsley Frog
-5.486;36.761;El Bosque;;;2019;Feb;Animalia;Amphibia;Salamandridae;Pleurodeles;Pleurodeles waltl;Spanish Ribbed Newt
-6.229;37.657;El Castillo de las Guardas;;;2016;Oct;Animalia;Amphibia;Pelobatidae;Pelobates;Pelobates cultripes;Western Spadefoot
-6.228;37.643;El Castillo de las Guardas;;;2018;Apr;Animalia;Amphibia;Pelobatidae;Pelobates;Pelobates cultripes;Western Spadefoot
-6.345;37.603;El Corchito;;;2019;Mar;Animalia;Amphibia;Hylidae;Hyla;Hyla meridionalis;Mediterranean Tree Frog
-6.345;37.603;El Corchito;;;2019;Mar;Animalia;Amphibia;Salamandridae;Lissotriton;Lissotriton boscai;Bosca's Newt
-6.345;37.603;El Corchito;;;2019;Mar;Animalia;Amphibia;Bufonidae;Bufo;Bufo spinosus;Spiny Toad
-6.344;37.607;El Corchito;;;2019;Mar;Animalia;Amphibia;Alytidae;Discoglossus;Discoglossus galganoi;Iberian Painted Frog
-6.344;37.607;El Corchito;;;2019;Mar;Animalia;Amphibia;Salamandridae;Lissotriton;Lissotriton boscai;Bosca's Newt
-5.095;40.247;El Hornillo;;;2017;Apr;Animalia;Amphibia;Bufonidae;Bufo;Bufo spinosus;Spiny Toad
-6.41;37.63;El Madrono;;;2019;May;Animalia;Amphibia;Bufonidae;Bufo;Bufo spinosus;Spiny Toad
-6.481;37.128;El Rocio;Sevilla;Andalucia;2015;Apr;Animalia;Amphibia;Hylidae;Hyla;Hyla meridionalis;Mediterranean Tree Frog
-6.484;37.128;El Rocio;Sevilla;Andalucia;2016;Feb;Animalia;Amphibia;Hylidae;Hyla;Hyla meridionalis;Mediterranean Tree Frog
-6.483;37.128;El Rocio;Sevilla;Andalucia;2016;Feb;Animalia;Amphibia;Hylidae;Hyla;Hyla meridionalis;Mediterranean Tree Frog
-6.48;37.128;El Rocio;Sevilla;Andalucia;2016;Feb;Animalia;Amphibia;Hylidae;Hyla;Hyla meridionalis;Mediterranean Tree Frog
-6.479;37.127;El Rocio;Sevilla;Andalucia;2016;Mar;Animalia;Amphibia;Hylidae;Hyla;Hyla meridionalis;Mediterranean Tree Frog
-6.49;37.13;El Rocio;Sevilla;Andalucia;2017;Apr;Animalia;Amphibia;Hylidae;Hyla;Hyla meridionalis;Mediterranean Tree Frog
-6.488;37.144;El Rocio;Sevilla;Andalucia;2017;Apr;Animalia;Amphibia;Pelobatidae;Pelobates;Pelobates cultripes;Western Spadefoot
-6.483;37.128;El Rocio;Sevilla;Andalucia;2017;Apr;Animalia;Amphibia;Pelobatidae;Pelobates;Pelobates cultripes;Western Spadefoot
-6.483;37.128;El Rocio;Sevilla;Andalucia;2017;Apr;Animalia;Amphibia;Pelodytidae;Pelodytes;Pelodytes ibericus;Iberian Parsley Frog
-6.48;37.12;El Rocio;Sevilla;Andalucia;2017;Mar;Animalia;Amphibia;Hylidae;Hyla;Hyla meridionalis;Mediterranean Tree Frog
-6.493;37.127;El Rocio;Sevilla;Andalucia;2018;Mar;Animalia;Amphibia;Hylidae;Hyla;Hyla meridionalis;Mediterranean Tree Frog
-6.489;37.131;El Rocio;Sevilla;Andalucia;2018;Mar;Animalia;Amphibia;Hylidae;Hyla;Hyla meridionalis;Mediterranean Tree Frog
-6.483;37.128;El Rocio;Sevilla;Andalucia;2018;Feb;Animalia;Amphibia;Hylidae;Hyla;Hyla meridionalis;Mediterranean Tree Frog
-6.491;37.128;El Rocio;Sevilla;Andalucia;2019;Apr;Animalia;Amphibia;Pelobatidae;Pelobates;Pelobates cultripes;Western Spadefoot
-6.491;37.13;El Rocio;Sevilla;Andalucia;2019;Apr;Animalia;Amphibia;Pelobatidae;Pelobates;Pelobates cultripes;Western Spadefoot
-6.49;37.131;El Rocio;Sevilla;Andalucia;2019;Apr;Animalia;Amphibia;Alytidae;Discoglossus;Discoglossus galganoi;Iberian Painted Frog
-6.489;37.143;El Rocio;Sevilla;Andalucia;2019;Feb;Animalia;Amphibia;Pelodytidae;Pelodytes;Pelodytes ibericus;Iberian Parsley Frog
-6.485;37.13;El Rocio;Sevilla;Andalucia;2019;Mar;Animalia;Amphibia;Hylidae;Hyla;Hyla meridionalis;Mediterranean Tree Frog
-6.476;37.138;El Rocio;Sevilla;Andalucia;2019;Apr;Animalia;Amphibia;Pelobatidae;Pelobates;Pelobates cultripes;Western Spadefoot
-6.474;37.137;El Rocio;Sevilla;Andalucia;2019;Apr;Animalia;Amphibia;Pelobatidae;Pelobates;Pelobates cultripes;Western Spadefoot
-6.474;37.137;El Rocio;Sevilla;Andalucia;2019;Apr;Animalia;Amphibia;Pelodytidae;Pelodytes;Pelodytes ibericus;Iberian Parsley Frog
-6.473;37.136;El Rocio;Sevilla;Andalucia;2019;Apr;Animalia;Amphibia;Hylidae;Hyla;Hyla meridionalis;Mediterranean Tree Frog
-6.472;37.136;El Rocio;Sevilla;Andalucia;2019;Apr;Animalia;Amphibia;Alytidae;Discoglossus;Discoglossus galganoi;Iberian Painted Frog
-6.472;37.135;El Rocio;Sevilla;Andalucia;2019;Apr;Animalia;Amphibia;Alytidae;Discoglossus;Discoglossus galganoi;Iberian Painted Frog
-6.472;37.135;El Rocio;Sevilla;Andalucia;2019;Apr;Animalia;Amphibia;Hylidae;Hyla;Hyla meridionalis;Mediterranean Tree Frog
-6.472;37.135;El Rocio;Sevilla;Andalucia;2019;Feb;Animalia;Amphibia;Hylidae;Hyla;Hyla meridionalis;Mediterranean Tree Frog
-6.472;37.134;El Rocio;Sevilla;Andalucia;2019;Feb;Animalia;Amphibia;Alytidae;Discoglossus;Discoglossus galganoi;Iberian Painted Frog
-6.472;37.135;El Rocio;Sevilla;Andalucia;2019;Mar;Animalia;Amphibia;Hylidae;Hyla;Hyla meridionalis;Mediterranean Tree Frog
-6.472;37.135;El Rocio;Sevilla;Andalucia;2019;Apr;Animalia;Amphibia;Pelobatidae;Pelobates;Pelobates cultripes;Western Spadefoot
-6.472;37.136;El Rocio;Sevilla;Andalucia;2019;Mar;Animalia;Amphibia;Pelobatidae;Pelobates;Pelobates cultripes;Western Spadefoot
-6.472;37.134;El Rocio;Sevilla;Andalucia;2019;Mar;Animalia;Amphibia;Pelobatidae;Pelobates;Pelobates cultripes;Western Spadefoot
-6.472;37.135;El Rocio;Sevilla;Andalucia;2019;Apr;Animalia;Amphibia;Pelodytidae;Pelodytes;Pelodytes ibericus;Iberian Parsley Frog
-6.471;37.133;El Rocio;Sevilla;Andalucia;2019;Mar;Animalia;Amphibia;Alytidae;Discoglossus;Discoglossus galganoi;Iberian Painted Frog
-6.471;37.134;El Rocio;Sevilla;Andalucia;2019;Apr;Animalia;Amphibia;Pelobatidae;Pelobates;Pelobates cultripes;Western Spadefoot
-6.47;37.134;El Rocio;Sevilla;Andalucia;2019;Apr;Animalia;Amphibia;Pelodytidae;Pelodytes;Pelodytes ibericus;Iberian Parsley Frog
-6.483;37.128;El Rocio;Sevilla;Andalucia;2020;Feb;Animalia;Amphibia;Hylidae;Hyla;Hyla meridionalis;Mediterranean Tree Frog
-6.482;37.128;El Rocio;Sevilla;Andalucia;2020;Feb;Animalia;Amphibia;Hylidae;Hyla;Hyla meridionalis;Mediterranean Tree Frog
-6.481;37.128;El Rocio;Sevilla;Andalucia;2020;Feb;Animalia;Amphibia;Hylidae;Hyla;Hyla meridionalis;Mediterranean Tree Frog
-6.472;37.135;El Rocio;Sevilla;Andalucia;2020;Feb;Animalia;Amphibia;Hylidae;Hyla;Hyla meridionalis;Mediterranean Tree Frog
-5.943;40.113;El Torno;;;2016;Jul;Animalia;Amphibia;Bufonidae;Bufo;Bufo spinosus;Spiny Toad
-4.955;38.492;El Viso;;;2018;May;Animalia;Amphibia;Pelobatidae;Pelobates;Pelobates cultripes;Western Spadefoot
-8.634;42.355;Enseada de San Simon;;;2017;Aug;Animalia;Amphibia;Bufonidae;Bufo;Bufo spinosus;Spiny Toad
-1.464;42.985;Erro;Navarra;Navarra - Nafarroa;2004;May;Animalia;Amphibia;Salamandridae;Calotriton;Calotriton asper;Pyrenean Brook Newt
-1.464;42.985;Erro;Navarra;Navarra - Nafarroa;2004;Oct;Animalia;Amphibia;Salamandridae;Calotriton;Calotriton asper;Pyrenean Brook Newt
-1.45;42.942;Erro;Navarra;Navarra - Nafarroa;2020;Apr;Animalia;Amphibia;Alytidae;Alytes;Alytes obstetricans;Midwife Toad
-6.801;40.497;Espeja;Salamanca;Castilla-La Mancha;2017;May;Animalia;Amphibia;Salamandridae;Triturus;Triturus marmoratus;Marbled Newt
-6.796;40.494;Espeja;Salamanca;Castilla-La Mancha;2017;May;Animalia;Amphibia;Hylidae;Hyla;Hyla molleri;Iberian Tree Frog
-1.51;42.913;Esteribar;;;2018;Apr;Animalia;Amphibia;Bufonidae;Bufo;Bufo spinosus;Spiny Toad
-6.053;39.829;Extremadura - Ermita de Monfrague; Caceres;Extremadura;2019;Apr;Animalia;Amphibia;Salamandridae;Lissotriton;Lissotriton boscai;Bosca's Newt
-3.073;42.204;Ezcaray;;;2019;Jul;Animalia;Amphibia;Bufonidae;Bufo;Bufo spinosus;Spiny Toad
-5.186;36.603;Farajan;;;2010;Apr;Animalia;Amphibia;Bufonidae;Bufo;Bufo spinosus;Spiny Toad
-5.207;36.609;Farajan;;;2019;Jun;Animalia;Amphibia;Bufonidae;Bufo;Bufo spinosus;Spiny Toad
-6.42;41.866;Figueruela de Arriba;;;2013;Apr;Animalia;Amphibia;Hylidae;Hyla;Hyla molleri;Iberian Tree Frog
-8.363;42.342;Fornelos de Montes;Pontevedra;Galicia;2018;Aug;Animalia;Amphibia;Bufonidae;Bufo;Bufo spinosus;Spiny Toad
-8.353;42.349;Fornelos de Montes;Pontevedra;Galicia;2018;Aug;Animalia;Amphibia;Bufonidae;Bufo;Bufo spinosus;Spiny Toad
-8.349;42.35;Fornelos de Montes;Pontevedra;Galicia;2018;Aug;Animalia;Amphibia;Bufonidae;Bufo;Bufo spinosus;Spiny Toad
-8.348;42.348;Fornelos de Montes;Pontevedra;Galicia;2018;Aug;Animalia;Amphibia;Bufonidae;Bufo;Bufo spinosus;Spiny Toad
-8.335;42.344;Fornelos de Montes;Pontevedra;Galicia;2018;Aug;Animalia;Amphibia;Bufonidae;Bufo;Bufo spinosus;Spiny Toad
-8.328;42.353;Fornelos de Montes;Pontevedra;Galicia;2018;Jul;Animalia;Amphibia;Bufonidae;Bufo;Bufo spinosus;Spiny Toad
-8.021;43.402;Fragas do Eume;Coruna;Galicia;2014;Jul;Animalia;Amphibia;Bufonidae;Bufo;Bufo spinosus;Spiny Toad
-3.88;36.77;Frigiliana;;;2015;Jul;Animalia;Amphibia;Bufonidae;Bufo;Bufo spinosus;Spiny Toad
-7.9;42.978;Friol;;;2006;Apr;Animalia;Amphibia;Salamandridae;Salamandra;Salamandra salamandra;Fire Salamander
-7.9;42.978;Friol;;;2006;Feb;Animalia;Amphibia;Salamandridae;Triturus;Triturus marmoratus;Marbled Newt
-4.33;38.45;Fuencaliente;;;2018;May;Animalia;Amphibia;Bufonidae;Bufo;Bufo spinosus;Spiny Toad
-4.28;37.03;Fuente de los Cien Cabos-Nacimiento del Rio Guadalhorce;;;2014;Apr;Animalia;Amphibia;Bufonidae;Bufo;Bufo spinosus;Spiny Toad
-14.097;28.389;Fuerteventura - Betancuria;Fuerteventura;;2016;Mar;Animalia;Amphibia;Hylidae;Hyla;Hyla meridionalis;Mediterranean Tree Frog
-14.091;28.392;Fuerteventura - Betancuria;Fuerteventura;;2016;Feb;Animalia;Amphibia;Hylidae;Hyla;Hyla meridionalis;Mediterranean Tree Frog
-14.058;28.422;Fuerteventura - Betancuria;Fuerteventura;;2016;Mar;Animalia;Amphibia;Hylidae;Hyla;Hyla meridionalis;Mediterranean Tree Frog
-14.068;28.424;Fuerteventura - Betancuria;Fuerteventura;;2017;Feb;Animalia;Amphibia;Hylidae;Hyla;Hyla meridionalis;Mediterranean Tree Frog
-14.062;28.419;Fuerteventura - Betancuria;Fuerteventura;;2018;Mar;Animalia;Amphibia;Hylidae;Hyla;Hyla meridionalis;Mediterranean Tree Frog
-14.103;28.389;Fuerteventura - Betancuria;Fuerteventura;;2019;Apr;Animalia;Amphibia;Hylidae;Hyla;Hyla meridionalis;Mediterranean Tree Frog
-2.22;42.375;Galilea;;;2013;Mar;Animalia;Amphibia;Pelobatidae;Pelobates;Pelobates cultripes;Western Spadefoot
-8.64;42.108;Gandaras de Budino;Pontevedra;Galicia;2016;Mar;Animalia;Amphibia;Bufonidae;Bufo;Bufo spinosus;Spiny Toad
-8.636;42.122;Gandaras de Budino;Pontevedra;Galicia;2016;Mar;Animalia;Amphibia;Bufonidae;Bufo;Bufo spinosus;Spiny Toad
-8.634;42.12;Gandaras de Budino;Pontevedra;Galicia;2016;Mar;Animalia;Amphibia;Alytidae;Discoglossus;Discoglossus galganoi;Iberian Painted Frog
-8.632;42.091;Gandaras de Budino;Pontevedra;Galicia;2017;Jun;Animalia;Amphibia;Bufonidae;Bufo;Bufo spinosus;Spiny Toad
-8.628;42.091;Gandaras de Budino;Pontevedra;Galicia;2017;Jun;Animalia;Amphibia;Bufonidae;Bufo;Bufo spinosus;Spiny Toad
-5.006;39.053;Garbayuela;;;2020;Feb;Animalia;Amphibia;Bufonidae;Bufo;Bufo spinosus;Spiny Toad
-5.93;40.058;Garguera;;;2019;Mar;Animalia;Amphibia;Salamandridae;Lissotriton;Lissotriton boscai;Bosca's Newt
-5.301;36.534;Gaucin;;;2017;Nov;Animalia;Amphibia;Bufonidae;Bufo;Bufo spinosus;Spiny Toad
-5.327;36.524;Gaucin;;;2018;May;Animalia;Amphibia;Bufonidae;Bufo;Bufo spinosus;Spiny Toad
-6.232;37.604;Gerena;Sevilla;Andalucia;2016;May;Animalia;Amphibia;Salamandridae;Pleurodeles;Pleurodeles waltl;Spanish Ribbed Newt
-6.232;37.602;Gerena;Sevilla;Andalucia;2016;May;Animalia;Amphibia;Salamandridae;Pleurodeles;Pleurodeles waltl;Spanish Ribbed Newt
-6.232;37.635;Gerena;Sevilla;Andalucia;2016;Oct;Animalia;Amphibia;Pelobatidae;Pelobates;Pelobates cultripes;Western Spadefoot
-6.231;37.557;Gerena;Sevilla;Andalucia;2016;Oct;Animalia;Amphibia;Bufonidae;Bufo;Bufo spinosus;Spiny Toad
-6.228;37.576;Gerena;Sevilla;Andalucia;2016;May;Animalia;Amphibia;Salamandridae;Pleurodeles;Pleurodeles waltl;Spanish Ribbed Newt
-6.196;37.531;Gerena;Sevilla;Andalucia;2018;Feb;Animalia;Amphibia;Salamandridae;Lissotriton;Lissotriton boscai;Bosca's Newt
-6.196;37.531;Gerena;Sevilla;Andalucia;2018;May;Animalia;Amphibia;Salamandridae;Lissotriton;Lissotriton boscai;Bosca's Newt
-5.649;43.509;Gijon;Asturias;Asturias;2020;Apr;Animalia;Amphibia;Bufonidae;Bufo;Bufo spinosus;Spiny Toad
2.446;42.331;Girona;Girona;Cataluna;2013;Aug;Animalia;Amphibia;Bufonidae;Bufo;Bufo spinosus;Spiny Toad
2.35;42.35;Girona;Girona;Cataluna;2014;Mar;Animalia;Amphibia;Alytidae;Alytes;Alytes obstetricans;Midwife Toad
3.166;41.872;Girona;Girona;Cataluna;2014;May;Animalia;Amphibia;Hylidae;Hyla;Hyla meridionalis;Mediterranean Tree Frog
-1.855;43.197;Goizueta;Navarra;Navarra - Nafarroa;2016;Jul;Animalia;Amphibia;Bufonidae;Bufo;Bufo spinosus;Spiny Toad
-8.748;42.126;Gondomar;Pontevedra;Galicia;2020;Feb;Animalia;Amphibia;Salamandridae;Chioglossa;Chioglossa lusitanica;Gold-striped Salamander
0.374;42.088;Graus;Huesca;Aragon;2018;May;Animalia;Amphibia;Bufonidae;Bufo;Bufo spinosus;Spiny Toad
-5.391;36.757;Grazalema;Cadiz;Andalucia;2016;Feb;Animalia;Amphibia;Salamandridae;Salamandra;Salamandra salamandra;Long-snouted Fire Salamander
-5.389;36.758;Grazalema;Cadiz;Andalucia;2017;Mar;Animalia;Amphibia;Bufonidae;Bufo;Bufo spinosus;Spiny Toad
-5.498;36.795;Grazalema;Cadiz;Andalucia;2019;Feb;Animalia;Amphibia;Alytidae;Discoglossus;Discoglossus galganoi;Iberian Painted Frog
-5.356;36.758;Grazalema;Cadiz;Andalucia;2020;Feb;Animalia;Amphibia;Salamandridae;Salamandra;Salamandra salamandra;Long-snouted Fire Salamander
-5.352;36.755;Grazalema;Cadiz;Andalucia;2020;Feb;Animalia;Amphibia;Salamandridae;Salamandra;Salamandra salamandra;Long-snouted Fire Salamander
-5.9;38.1;Guadalcanal;Sevilla;Andalucia;2013;Feb;Animalia;Amphibia;Salamandridae;Salamandra;Salamandra salamandra;Fire Salamander
-5.896;38.105;Guadalcanal;Sevilla;Andalucia;2013;Mar;Animalia;Amphibia;Hylidae;Hyla;Hyla meridionalis;Mediterranean Tree Frog
-5.896;38.105;Guadalcanal;Sevilla;Andalucia;2013;Mar;Animalia;Amphibia;Pelobatidae;Pelobates;Pelobates cultripes;Western Spadefoot
-5.896;38.105;Guadalcanal;Sevilla;Andalucia;2013;Mar;Animalia;Amphibia;Salamandridae;Pleurodeles;Pleurodeles waltl;Spanish Ribbed Newt
-5.875;38.071;Guadalcanal;Sevilla;Andalucia;2013;Feb;Animalia;Amphibia;Hylidae;Hyla;Hyla meridionalis;Mediterranean Tree Frog
-5.875;38.071;Guadalcanal;Sevilla;Andalucia;2013;Feb;Animalia;Amphibia;Pelobatidae;Pelobates;Pelobates cultripes;Western Spadefoot
-5.875;38.071;Guadalcanal;Sevilla;Andalucia;2013;Feb;Animalia;Amphibia;Salamandridae;Pleurodeles;Pleurodeles waltl;Spanish Ribbed Newt
-5.875;38.071;Guadalcanal;Sevilla;Andalucia;2013;Feb;Animalia;Amphibia;Pelodytidae;Pelodytes;Pelodytes ibericus;Iberian Parsley Frog
-5.863;38.056;Guadalcanal;Sevilla;Andalucia;2013;Apr;Animalia;Amphibia;Hylidae;Hyla;Hyla meridionalis;Mediterranean Tree Frog
-5.863;38.056;Guadalcanal;Sevilla;Andalucia;2013;Apr;Animalia;Amphibia;Salamandridae;Pleurodeles;Pleurodeles waltl;Spanish Ribbed Newt
-5.863;38.056;Guadalcanal;Sevilla;Andalucia;2013;Apr;Animalia;Amphibia;Pelodytidae;Pelodytes;Pelodytes ibericus;Iberian Parsley Frog
-5.859;38.11;Guadalcanal;Sevilla;Andalucia;2013;Feb;Animalia;Amphibia;Pelobatidae;Pelobates;Pelobates cultripes;Western Spadefoot
-5.859;38.11;Guadalcanal;Sevilla;Andalucia;2013;Feb;Animalia;Amphibia;Salamandridae;Pleurodeles;Pleurodeles waltl;Spanish Ribbed Newt
-5.838;38.094;Guadalcanal;Sevilla;Andalucia;2013;Feb;Animalia;Amphibia;Hylidae;Hyla;Hyla meridionalis;Mediterranean Tree Frog
-5.838;38.094;Guadalcanal;Sevilla;Andalucia;2013;Feb;Animalia;Amphibia;Salamandridae;Lissotriton;Lissotriton boscai;Bosca's Newt
-5.838;38.094;Guadalcanal;Sevilla;Andalucia;2013;Feb;Animalia;Amphibia;Salamandridae;Pleurodeles;Pleurodeles waltl;Spanish Ribbed Newt
-5.837;38.094;Guadalcanal;Sevilla;Andalucia;2013;Feb;Animalia;Amphibia;Salamandridae;Lissotriton;Lissotriton boscai;Bosca's Newt
-5.837;38.101;Guadalcanal;Sevilla;Andalucia;2013;Feb;Animalia;Amphibia;Salamandridae;Lissotriton;Lissotriton boscai;Bosca's Newt
-5.837;38.094;Guadalcanal;Sevilla;Andalucia;2013;Feb;Animalia;Amphibia;Bufonidae;Bufo;Bufo spinosus;Spiny Toad
-5.827;38.096;Guadalcanal;Sevilla;Andalucia;2013;Feb;Animalia;Amphibia;Pelobatidae;Pelobates;Pelobates cultripes;Western Spadefoot
-5.827;38.096;Guadalcanal;Sevilla;Andalucia;2013;Feb;Animalia;Amphibia;Salamandridae;Pleurodeles;Pleurodeles waltl;Spanish Ribbed Newt
-5.798;38.119;Guadalcanal;Sevilla;Andalucia;2013;Mar;Animalia;Amphibia;Hylidae;Hyla;Hyla meridionalis;Mediterranean Tree Frog
-5.798;38.119;Guadalcanal;Sevilla;Andalucia;2013;Mar;Animalia;Amphibia;Salamandridae;Salamandra;Salamandra salamandra;Fire Salamander
-5.798;38.119;Guadalcanal;Sevilla;Andalucia;2013;Mar;Animalia;Amphibia;Salamandridae;Lissotriton;Lissotriton boscai;Bosca's Newt
-5.798;38.119;Guadalcanal;Sevilla;Andalucia;2013;Mar;Animalia;Amphibia;Salamandridae;Pleurodeles;Pleurodeles waltl;Spanish Ribbed Newt
-5.791;38.06;Guadalcanal;Sevilla;Andalucia;2013;Apr;Animalia;Amphibia;Hylidae;Hyla;Hyla meridionalis;Mediterranean Tree Frog
-5.791;38.06;Guadalcanal;Sevilla;Andalucia;2013;Apr;Animalia;Amphibia;Salamandridae;Salamandra;Salamandra salamandra;Fire Salamander
-5.791;38.06;Guadalcanal;Sevilla;Andalucia;2013;Apr;Animalia;Amphibia;Salamandridae;Pleurodeles;Pleurodeles waltl;Spanish Ribbed Newt
-5.791;38.06;Guadalcanal;Sevilla;Andalucia;2013;Apr;Animalia;Amphibia;Pelobatidae;Pelobates;Pelobates cultripes;Western Spadefoot
-5.791;38.06;Guadalcanal;Sevilla;Andalucia;2013;Apr;Animalia;Amphibia;Salamandridae;Lissotriton;Lissotriton boscai;Bosca's Newt
-5.791;38.06;Guadalcanal;Sevilla;Andalucia;2013;Apr;Animalia;Amphibia;Pelodytidae;Pelodytes;Pelodytes ibericus;Iberian Parsley Frog
-5.9;38.1;Guadalcanal;Sevilla;Andalucia;2016;Feb;Animalia;Amphibia;Salamandridae;Salamandra;Salamandra salamandra;Fire Salamander
-5.86;38.11;Guadalcanal;Sevilla;Andalucia;2016;Feb;Animalia;Amphibia;Salamandridae;Pleurodeles;Pleurodeles waltl;Spanish Ribbed Newt
-5.86;38.11;Guadalcanal;Sevilla;Andalucia;2016;Feb;Animalia;Amphibia;Pelobatidae;Pelobates;Pelobates cultripes;Western Spadefoot
-5.859;38.11;Guadalcanal;Sevilla;Andalucia;2016;Feb;Animalia;Amphibia;Salamandridae;Pleurodeles;Pleurodeles waltl;Spanish Ribbed Newt
-5.859;38.11;Guadalcanal;Sevilla;Andalucia;2016;Feb;Animalia;Amphibia;Pelobatidae;Pelobates;Pelobates cultripes;Western Spadefoot
-5.85;38.05;Guadalcanal;Sevilla;Andalucia;2016;Feb;Animalia;Amphibia;Salamandridae;Salamandra;Salamandra salamandra;Fire Salamander
-5.84;38.09;Guadalcanal;Sevilla;Andalucia;2016;Feb;Animalia;Amphibia;Salamandridae;Lissotriton;Lissotriton boscai;Bosca's Newt
-5.838;38.094;Guadalcanal;Sevilla;Andalucia;2016;Feb;Animalia;Amphibia;Salamandridae;Lissotriton;Lissotriton boscai;Bosca's Newt
-5.837;38.094;Guadalcanal;Sevilla;Andalucia;2016;Feb;Animalia;Amphibia;Salamandridae;Lissotriton;Lissotriton boscai;Bosca's Newt
-5.827;38.096;Guadalcanal;Sevilla;Andalucia;2016;Feb;Animalia;Amphibia;Salamandridae;Pleurodeles;Pleurodeles waltl;Spanish Ribbed Newt
-5.838;38.094;Guadalcanal;Sevilla;Andalucia;2020;Feb;Animalia;Amphibia;Salamandridae;Lissotriton;Lissotriton boscai;Bosca's Newt
-5.837;38.094;Guadalcanal;Sevilla;Andalucia;2020;Feb;Animalia;Amphibia;Salamandridae;Lissotriton;Lissotriton boscai;Bosca's Newt
-5.837;38.094;Guadalcanal;Sevilla;Andalucia;2020;Feb;Animalia;Amphibia;Bufonidae;Bufo;Bufo spinosus;Spiny Toad
-5.789;38.008;Guadalcanal;Sevilla;Andalucia;2020;Feb;Animalia;Amphibia;Bufonidae;Bufo;Bufo spinosus;Spiny Toad
-5.75;38;Guadalcanal;Sevilla;Andalucia;2020;Feb;Animalia;Amphibia;Salamandridae;Salamandra;Salamandra salamandra;Fire Salamander
-5.742;38.046;Guadalcanal;Sevilla;Andalucia;2020;Feb;Animalia;Amphibia;Salamandridae;Lissotriton;Lissotriton boscai;Bosca's Newt
-5.741;38.046;Guadalcanal;Sevilla;Andalucia;2020;Feb;Animalia;Amphibia;Salamandridae;Lissotriton;Lissotriton boscai;Bosca's Newt
-4.737;37.943;Guadalmellato;;;2019;Mar;Animalia;Amphibia;Hylidae;Hyla;Hyla meridionalis;Mediterranean Tree Frog
-4.89;37.93;Guadiato-Bembezar;;;2018;Mar;Animalia;Amphibia;Hylidae;Hyla;Hyla meridionalis;Mediterranean Tree Frog
-4.89;37.93;Guadiato-Bembezar;;;2018;Mar;Animalia;Amphibia;Alytidae;Discoglossus;Discoglossus galganoi;Iberian Painted Frog
-4.89;37.92;Guadiato-Bembezar;;;2018;Mar;Animalia;Amphibia;Alytidae;Discoglossus;Discoglossus galganoi;Iberian Painted Frog
-4.89;37.92;Guadiato-Bembezar;;;2018;Mar;Animalia;Amphibia;Hylidae;Hyla;Hyla meridionalis;Mediterranean Tree Frog
-4.89;37.92;Guadiato-Bembezar;;;2018;Mar;Animalia;Amphibia;Bufonidae;Bufo;Bufo spinosus;Spiny Toad
-4.89;37.93;Guadiato-Bembezar;;;2018;May;Animalia;Amphibia;Bufonidae;Bufo;Bufo spinosus;Spiny Toad
-4.82;37.95;Guadiato-Bembezar;;;2018;Mar;Animalia;Amphibia;Hylidae;Hyla;Hyla meridionalis;Mediterranean Tree Frog
-1.975;42.81;Guesalaz;;;2015;Aug;Animalia;Amphibia;Salamandridae;Ichthyosaura;Ichthyosaura alpestris;Alpine Newt
-1.969;42.803;Guesalaz;;;2016;Aug;Animalia;Amphibia;Salamandridae;Ichthyosaura;Ichthyosaura alpestris;Alpine Newt
-4.376;43.035;Hermandad de Campoo de Suso;;;2016;Jul;Animalia;Amphibia;Bufonidae;Bufo;Bufo spinosus;Spiny Toad
-4.698;37.206;Herriza de los Ladrones;;;2019;Feb;Animalia;Amphibia;Salamandridae;Pleurodeles;Pleurodeles waltl;Spanish Ribbed Newt
-5.9;40.25;Hervas; Caceres;Extremadura;2018;Mar;Animalia;Amphibia;Salamandridae;Salamandra;Salamandra salamandra;Fire Salamander
-5.815;40.273;Hervas; Caceres;Extremadura;2019;Jun;Animalia;Amphibia;Bufonidae;Bufo;Bufo spinosus;Spiny Toad
-6.415;37.109;Hinojos;Huelva;Andalucia;2016;Dec;Animalia;Amphibia;Pelodytidae;Pelodytes;Pelodytes ibericus;Iberian Parsley Frog
-6.414;37.109;Hinojos;Huelva;Andalucia;2016;Dec;Animalia;Amphibia;Pelodytidae;Pelodytes;Pelodytes ibericus;Iberian Parsley Frog
-6.41;37.09;Hinojos;Huelva;Andalucia;2016;Dec;Animalia;Amphibia;Pelodytidae;Pelodytes;Pelodytes ibericus;Iberian Parsley Frog
-6.407;37.082;Hinojos;Huelva;Andalucia;2016;Dec;Animalia;Amphibia;Pelodytidae;Pelodytes;Pelodytes ibericus;Iberian Parsley Frog
-6.411;37.097;Hinojos;Huelva;Andalucia;2017;Apr;Animalia;Amphibia;Pelodytidae;Pelodytes;Pelodytes ibericus;Iberian Parsley Frog
-6.406;37.082;Hinojos;Huelva;Andalucia;2017;Dec;Animalia;Amphibia;Pelodytidae;Pelodytes;Pelodytes ibericus;Iberian Parsley Frog
-6.392;37.078;Hinojos;Huelva;Andalucia;2018;Apr;Animalia;Amphibia;Salamandridae;Pleurodeles;Pleurodeles waltl;Spanish Ribbed Newt
-6.414;37.11;Hinojos;Huelva;Andalucia;2020;Apr;Animalia;Amphibia;Pelodytidae;Pelodytes;Pelodytes ibericus;Iberian Parsley Frog
-6.411;37.094;Hinojos;Huelva;Andalucia;2020;Apr;Animalia;Amphibia;Pelodytidae;Pelodytes;Pelodytes ibericus;Iberian Parsley Frog
-5.306;37.818;Hornachuelos;;;2017;Jul;Animalia;Amphibia;Bufonidae;Bufo;Bufo spinosus;Spiny Toad
-5.166;40.341;Hoyos del Espino;;;2018;Jul;Animalia;Amphibia;Bufonidae;Bufo;Bufo spinosus;Spiny Toad
-6.525;36.988;Huelva;;;2008;Mar;Animalia;Amphibia;Pelobatidae;Pelobates;Pelobates cultripes;Western Spadefoot
-0.269;42.241;Huesca;Huesca;Aragon;2005;May;Animalia;Amphibia;Bufonidae;Bufo;Bufo spinosus;Spiny Toad
-0.338;42.807;Huesca;Huesca;Aragon;2006;Jul;Animalia;Amphibia;Salamandridae;Calotriton;Calotriton asper;Pyrenean Brook Newt
0.136;42.61;Huesca;;;2015;Jul;Animalia;Amphibia;Salamandridae;Calotriton;Calotriton asper;Pyrenean Brook Newt
-1.43;42.676;Ibargoiti;;;2014;Nov;Animalia;Amphibia;Bufonidae;Bufo;Bufo spinosus;Spiny Toad
-5.016;36.658;Istan;;;2013;Jul;Animalia;Amphibia;Bufonidae;Bufo;Bufo spinosus;Spiny Toad
-0.551;42.553;Jaca;;;2016;Jun;Animalia;Amphibia;Bufonidae;Bufo;Bufo spinosus;Spiny Toad
-4.05;38.1;Jaen;;;2016;Apr;Animalia;Amphibia;Salamandridae;Salamandra;Salamandra salamandra;Fire Salamander
-5.822;37.887;La Atalaya;Sevilla;Andalucia;2011;May;Animalia;Amphibia;Hylidae;Hyla;Hyla meridionalis;Mediterranean Tree Frog
-5.822;37.886;La Atalaya;Sevilla;Andalucia;2011;May;Animalia;Amphibia;Hylidae;Hyla;Hyla meridionalis;Mediterranean Tree Frog
-5.822;37.887;La Atalaya;Sevilla;Andalucia;2011;May;Animalia;Amphibia;Pelobatidae;Pelobates;Pelobates cultripes;Western Spadefoot
-5.822;37.887;La Atalaya;Sevilla;Andalucia;2011;May;Animalia;Amphibia;Salamandridae;Pleurodeles;Pleurodeles waltl;Spanish Ribbed Newt
-5.832;37.888;La Atalaya;Sevilla;Andalucia;2014;Feb;Animalia;Amphibia;Pelodytidae;Pelodytes;Pelodytes ibericus;Iberian Parsley Frog
-5.823;37.888;La Atalaya;Sevilla;Andalucia;2014;Feb;Animalia;Amphibia;Pelodytidae;Pelodytes;Pelodytes ibericus;Iberian Parsley Frog
-5.848;37.885;La Atalaya;Sevilla;Andalucia;2017;Mar;Animalia;Amphibia;Alytidae;Discoglossus;Discoglossus galganoi;Iberian Painted Frog
-5.833;37.888;La Atalaya;Sevilla;Andalucia;2017;Apr;Animalia;Amphibia;Salamandridae;Lissotriton;Lissotriton boscai;Bosca's Newt
-5.832;37.888;La Atalaya;Sevilla;Andalucia;2017;Apr;Animalia;Amphibia;Salamandridae;Pleurodeles;Pleurodeles waltl;Spanish Ribbed Newt
-5.831;37.888;La Atalaya;Sevilla;Andalucia;2017;Apr;Animalia;Amphibia;Pelobatidae;Pelobates;Pelobates cultripes;Western Spadefoot
-5.822;37.891;La Atalaya;Sevilla;Andalucia;2017;Apr;Animalia;Amphibia;Pelobatidae;Pelobates;Pelobates cultripes;Western Spadefoot
-5.822;37.887;La Atalaya;Sevilla;Andalucia;2017;Apr;Animalia;Amphibia;Salamandridae;Pleurodeles;Pleurodeles waltl;Spanish Ribbed Newt
-5.822;37.891;La Atalaya;Sevilla;Andalucia;2017;Apr;Animalia;Amphibia;Salamandridae;Pleurodeles;Pleurodeles waltl;Spanish Ribbed Newt
-5.835;37.875;La Atalaya;Sevilla;Andalucia;2018;Jun;Animalia;Amphibia;Pelobatidae;Pelobates;Pelobates cultripes;Western Spadefoot
-5.831;37.888;La Atalaya;Sevilla;Andalucia;2018;Jun;Animalia;Amphibia;Salamandridae;Pleurodeles;Pleurodeles waltl;Spanish Ribbed Newt
-5.831;37.888;La Atalaya;Sevilla;Andalucia;2018;Jun;Animalia;Amphibia;Pelobatidae;Pelobates;Pelobates cultripes;Western Spadefoot
-5.822;37.891;La Atalaya;Sevilla;Andalucia;2018;Jun;Animalia;Amphibia;Salamandridae;Pleurodeles;Pleurodeles waltl;Spanish Ribbed Newt
-5.822;37.891;La Atalaya;Sevilla;Andalucia;2018;Jun;Animalia;Amphibia;Pelobatidae;Pelobates;Pelobates cultripes;Western Spadefoot
-5.822;37.887;La Atalaya;Sevilla;Andalucia;2018;Jun;Animalia;Amphibia;Salamandridae;Pleurodeles;Pleurodeles waltl;Spanish Ribbed Newt
-5.822;37.887;La Atalaya;Sevilla;Andalucia;2019;Mar;Animalia;Amphibia;Pelodytidae;Pelodytes;Pelodytes ibericus;Iberian Parsley Frog
-5.822;37.886;La Atalaya;Sevilla;Andalucia;2020;Feb;Animalia;Amphibia;Salamandridae;Lissotriton;Lissotriton boscai;Bosca's Newt
-5.822;37.887;La Atalaya;Sevilla;Andalucia;2020;Feb;Animalia;Amphibia;Salamandridae;Pleurodeles;Pleurodeles waltl;Spanish Ribbed Newt
-5.822;37.887;La Atalaya;Sevilla;Andalucia;2020;Feb;Animalia;Amphibia;Pelobatidae;Pelobates;Pelobates cultripes;Western Spadefoot
-7.2;39.2;La Codosera; Caceres;Extremadura;2018;Mar;Animalia;Amphibia;Salamandridae;Salamandra;Salamandra salamandra;Fire Salamander
-7.2;39.2;La Codosera; Caceres;Extremadura;2019;Feb;Animalia;Amphibia;Salamandridae;Salamandra;Salamandra salamandra;Fire Salamander
-7.158;39.218;La Codosera; Caceres;Extremadura;2019;Apr;Animalia;Amphibia;Salamandridae;Salamandra;Salamandra salamandra;Fire Salamander
-7.25;39.2;La Codosera; Caceres;Extremadura;2020;Feb;Animalia;Amphibia;Salamandridae;Salamandra;Salamandra salamandra;Fire Salamander
-7.2;39.2;La Codosera; Caceres;Extremadura;2020;Feb;Animalia;Amphibia;Salamandridae;Salamandra;Salamandra salamandra;Fire Salamander
-6.003;39.467;La Cumbre;;;2017;Apr;Animalia;Amphibia;Salamandridae;Pleurodeles;Pleurodeles waltl;Spanish Ribbed Newt
-6.003;39.467;La Cumbre;;;2017;Apr;Animalia;Amphibia;Pelobatidae;Pelobates;Pelobates cultripes;Western Spadefoot
-5.85;40.3;La Garganta;;;2019;Feb;Animalia;Amphibia;Salamandridae;Salamandra;Salamandra salamandra;Fire Salamander
-17.263;28.157;La Gomera ;;;2012;Feb;Animalia;Amphibia;Hylidae;Hyla;Hyla meridionalis;Mediterranean Tree Frog
-17.338;28.087;La Gomera ;;;2015;Feb;Animalia;Amphibia;Hylidae;Hyla;Hyla meridionalis;Mediterranean Tree Frog
-17.212;28.139;La Gomera - Garajonay P.N.;La Gomera;Islas Canarias;2012;Feb;Animalia;Amphibia;Hylidae;Hyla;Hyla meridionalis;Mediterranean Tree Frog
-17.235;28.129;La Gomera - Garajonay P.N.;La Gomera;Islas Canarias;2013;Apr;Animalia;Amphibia;Hylidae;Hyla;Hyla meridionalis;Mediterranean Tree Frog
-17.211;28.142;La Gomera - Garajonay P.N.;La Gomera;Islas Canarias;2017;Mar;Animalia;Amphibia;Hylidae;Hyla;Hyla meridionalis;Mediterranean Tree Frog
-17.209;28.142;La Gomera - Garajonay P.N.;La Gomera;Islas Canarias;2017;Mar;Animalia;Amphibia;Hylidae;Hyla;Hyla meridionalis;Mediterranean Tree Frog
-17.168;28.173;La Gomera - Hermigua;;;2016;Mar;Animalia;Amphibia;Hylidae;Hyla;Hyla meridionalis;Mediterranean Tree Frog
-17.289;28.123;La Gomera - Valle de Gran Rey;;;2017;Apr;Animalia;Amphibia;Hylidae;Hyla;Hyla meridionalis;Mediterranean Tree Frog
-6.492;37.772;La Granada de Rio-Tinto;;;2017;Apr;Animalia;Amphibia;Pelobatidae;Pelobates;Pelobates cultripes;Western Spadefoot
-3;37.9;La Iruela;;;2016;Mar;Animalia;Amphibia;Salamandridae;Salamandra;Salamandra salamandra;Fire Salamander
-2.93;37.94;La Iruela;;;2016;Sep;Animalia;Amphibia;Bufonidae;Bufo;Bufo spinosus;Spiny Toad
-2.93;37.94;La Iruela;;;2017;Sep;Animalia;Amphibia;Bufonidae;Bufo;Bufo spinosus;Spiny Toad
-0.36;39.129;La Murta y la Casella;;;2019;Apr;Animalia;Amphibia;Bufonidae;Bufo;Bufo spinosus;Spiny Toad
-4.37;37.51;La Nava Alta de Cabra;;;2014;Apr;Animalia;Amphibia;Hylidae;Hyla;Hyla meridionalis;Mediterranean Tree Frog
-4.37;37.51;La Nava Alta de Cabra;;;2014;Apr;Animalia;Amphibia;Pelodytidae;Pelodytes;Pelodytes ibericus;Iberian Parsley Frog
-4.38;37.49;La Nava Alta de Cabra;;;2015;Feb;Animalia;Amphibia;Bufonidae;Bufo;Bufo spinosus;Spiny Toad
-4.38;37.49;La Nava Alta de Cabra;;;2017;Feb;Animalia;Amphibia;Hylidae;Hyla;Hyla meridionalis;Mediterranean Tree Frog
-4.38;37.49;La Nava Alta de Cabra;;;2018;Mar;Animalia;Amphibia;Hylidae;Hyla;Hyla meridionalis;Mediterranean Tree Frog
-4.38;37.48;La Nava Alta de Cabra;;;2020;Feb;Animalia;Amphibia;Hylidae;Hyla;Hyla meridionalis;Mediterranean Tree Frog
-4.38;37.49;La Nava Alta de Cabra;;;2020;Feb;Animalia;Amphibia;Hylidae;Hyla;Hyla meridionalis;Mediterranean Tree Frog
-4.37;37.49;La Nava Alta de Cabra;;;2020;Feb;Animalia;Amphibia;Hylidae;Hyla;Hyla meridionalis;Mediterranean Tree Frog
-4.37;37.49;La Nava Alta de Cabra;;;2020;Feb;Animalia;Amphibia;Alytidae;Discoglossus;Discoglossus galganoi;Iberian Painted Frog
-17.761;28.801;La Palma;;;2015;Mar;Animalia;Amphibia;Hylidae;Hyla;Hyla meridionalis;Mediterranean Tree Frog
-5.55;37.8;La Puebla de los Infantes;Sevilla;Andalucia;2011;Feb;Animalia;Amphibia;Salamandridae;Salamandra;Salamandra salamandra;Fire Salamander
-5.502;37.813;La Puebla de los Infantes;Sevilla;Andalucia;2011;Feb;Animalia;Amphibia;Alytidae;Discoglossus;Discoglossus galganoi;Iberian Painted Frog
-5.502;37.813;La Puebla de los Infantes;Sevilla;Andalucia;2011;Feb;Animalia;Amphibia;Hylidae;Hyla;Hyla meridionalis;Mediterranean Tree Frog
-5.501;37.812;La Puebla de los Infantes;Sevilla;Andalucia;2011;Feb;Animalia;Amphibia;Hylidae;Hyla;Hyla meridionalis;Mediterranean Tree Frog
-5.5;37.8;La Puebla de los Infantes;Sevilla;Andalucia;2011;Feb;Animalia;Amphibia;Salamandridae;Salamandra;Salamandra salamandra;Fire Salamander
-5.494;37.811;La Puebla de los Infantes;Sevilla;Andalucia;2011;Feb;Animalia;Amphibia;Hylidae;Hyla;Hyla meridionalis;Mediterranean Tree Frog
-5.494;37.811;La Puebla de los Infantes;Sevilla;Andalucia;2011;Feb;Animalia;Amphibia;Pelobatidae;Pelobates;Pelobates cultripes;Western Spadefoot
-5.494;37.811;La Puebla de los Infantes;Sevilla;Andalucia;2011;Feb;Animalia;Amphibia;Pelodytidae;Pelodytes;Pelodytes ibericus;Iberian Parsley Frog
-5.468;37.789;La Puebla de los Infantes;Sevilla;Andalucia;2013;Apr;Animalia;Amphibia;Hylidae;Hyla;Hyla meridionalis;Mediterranean Tree Frog
-5.468;37.789;La Puebla de los Infantes;Sevilla;Andalucia;2013;Apr;Animalia;Amphibia;Alytidae;Discoglossus;Discoglossus galganoi;Iberian Painted Frog
-5.468;37.789;La Puebla de los Infantes;Sevilla;Andalucia;2013;Apr;Animalia;Amphibia;Pelobatidae;Pelobates;Pelobates cultripes;Western Spadefoot
-5.468;37.789;La Puebla de los Infantes;Sevilla;Andalucia;2013;Apr;Animalia;Amphibia;Pelodytidae;Pelodytes;Pelodytes ibericus;Iberian Parsley Frog
-5.421;37.803;La Puebla de los Infantes;Sevilla;Andalucia;2013;Apr;Animalia;Amphibia;Alytidae;Discoglossus;Discoglossus galganoi;Iberian Painted Frog
-5.421;37.803;La Puebla de los Infantes;Sevilla;Andalucia;2013;Apr;Animalia;Amphibia;Hylidae;Hyla;Hyla meridionalis;Mediterranean Tree Frog
-5.421;37.803;La Puebla de los Infantes;Sevilla;Andalucia;2013;Apr;Animalia;Amphibia;Salamandridae;Salamandra;Salamandra salamandra;Fire Salamander
-2.957;42.151;La Rioja;La Rioja;La Rioja;2015;Apr;Animalia;Amphibia;Bufonidae;Bufo;Bufo spinosus;Spiny Toad
0.835;42.555;La Vall de Boi;;;2017;Aug;Animalia;Amphibia;Bufonidae;Bufo;Bufo spinosus;Spiny Toad
0.846;42.569;La Vall de Boi;;;2017;Aug;Animalia;Amphibia;Bufonidae;Bufo;Bufo spinosus;Spiny Toad
-6.75;42.1;Lago de Sanabria;;;2015;Jun;Animalia;Amphibia;Bufonidae;Bufo;Bufo spinosus;Spiny Toad
-6.736;42.171;Lago de Sanabria;;;2015;May;Animalia;Amphibia;Hylidae;Hyla;Hyla molleri;Iberian Tree Frog
-4.825;37.023;Laguna de Capacete;;;2010;Aug;Animalia;Amphibia;Salamandridae;Pleurodeles;Pleurodeles waltl;Spanish Ribbed Newt
-2.92;42.587;Laguna de Cihuri;;;2013;Mar;Animalia;Amphibia;Pelobatidae;Pelobates;Pelobates cultripes;Western Spadefoot
-2.92;42.586;Laguna de Cihuri;;;2013;Mar;Animalia;Amphibia;Salamandridae;Triturus;Triturus marmoratus;Marbled Newt
-2.975;42.554;Laguna de Cuzcurrita;;;2013;Mar;Animalia;Amphibia;Salamandridae;Triturus;Triturus marmoratus;Marbled Newt
-7.044;37.213;Laguna de el Portil;;;2018;Mar;Animalia;Amphibia;Hylidae;Hyla;Hyla meridionalis;Mediterranean Tree Frog
-4.22;37.58;Laguna del Conde o Salobral;;;2018;Apr;Animalia;Amphibia;Pelobatidae;Pelobates;Pelobates cultripes;Western Spadefoot
-5.648;36.521;Laguna del Picacho;;;2019;Apr;Animalia;Amphibia;Hylidae;Hyla;Hyla meridionalis;Mediterranean Tree Frog
-7.049;37.217;Laguna del Portil;Huelva;Andalucia;2019;Jul;Animalia;Amphibia;Salamandridae;Pleurodeles;Pleurodeles waltl;Spanish Ribbed Newt
-7.049;37.217;Laguna del Portil;Huelva;Andalucia;2020;Feb;Animalia;Amphibia;Hylidae;Hyla;Hyla meridionalis;Mediterranean Tree Frog
-7.049;37.217;Laguna del Portil;Huelva;Andalucia;2020;Feb;Animalia;Amphibia;Salamandridae;Pleurodeles;Pleurodeles waltl;Spanish Ribbed Newt
-5.98;37.31;Laguna Fuente del Rey;;;2020;Feb;Animalia;Amphibia;Hylidae;Hyla;Hyla meridionalis;Mediterranean Tree Frog
-5.472;36.143;Laguna Huerta de Pilas;;;2019;Mar;Animalia;Amphibia;Hylidae;Hyla;Hyla meridionalis;Mediterranean Tree Frog
-4.825;37.024;Lagunas de Campillos;;;2010;Aug;Animalia;Amphibia;Salamandridae;Pleurodeles;Pleurodeles waltl;Spanish Ribbed Newt
-6.445;37.181;Lagunas de Coto del Rey;;;2020;Feb;Animalia;Amphibia;Pelobatidae;Pelobates;Pelobates cultripes;Western Spadefoot
-6.756;37.136;Lagunas del Abalario;Huelva;Andalucia;2017;May;Animalia;Amphibia;Pelobatidae;Pelobates;Pelobates cultripes;Western Spadefoot
-6.754;37.139;Lagunas del Abalario;Huelva;Andalucia;2017;May;Animalia;Amphibia;Pelobatidae;Pelobates;Pelobates cultripes;Western Spadefoot
-6.642;37.097;Lagunas del Abalario;Huelva;Andalucia;2019;Apr;Animalia;Amphibia;Hylidae;Hyla;Hyla meridionalis;Mediterranean Tree Frog
-6.656;37.1;Lagunas del Abalario;Huelva;Andalucia;2020;Feb;Animalia;Amphibia;Salamandridae;Pleurodeles;Pleurodeles waltl;Spanish Ribbed Newt
-5.899;36.903;Lagunas del Complejo Endorreico de Lebrija-Las Cabezas;;;2019;Mar;Animalia;Amphibia;Salamandridae;Pleurodeles;Pleurodeles waltl;Spanish Ribbed Newt
-6.525;37.049;Lagunas Peridunares de Donana;;;2010;Dec;Animalia;Amphibia;Salamandridae;Pleurodeles;Pleurodeles waltl;Spanish Ribbed Newt
-6.508;37.063;Lagunas Peridunares de Donana;;;2010;Nov;Animalia;Amphibia;Salamandridae;Pleurodeles;Pleurodeles waltl;Spanish Ribbed Newt
-6.508;37.063;Lagunas Peridunares de Donana;;;2010;Nov;Animalia;Amphibia;Pelobatidae;Pelobates;Pelobates cultripes;Western Spadefoot
-6.507;36.987;Lagunas Peridunares de Donana;;;2017;Apr;Animalia;Amphibia;Pelobatidae;Pelobates;Pelobates cultripes;Western Spadefoot
-6.507;36.987;Lagunas Peridunares de Donana;;;2017;Apr;Animalia;Amphibia;Salamandridae;Pleurodeles;Pleurodeles waltl;Spanish Ribbed Newt
-13.526;29.14;Lanzarote - HaRia;;;2018;Mar;Animalia;Amphibia;Hylidae;Hyla;Hyla meridionalis;Mediterranean Tree Frog
-0.798;42.928;Larra;Navarra;Navarra - Nafarroa;2007;Jun;Animalia;Amphibia;Salamandridae;Salamandra;Salamandra salamandra;Fire Salamander
-1.859;43.01;Larraun;Navarra;Navarra - Nafarroa;2007;Jul;Animalia;Amphibia;Bufonidae;Bufo;Bufo spinosus;Spiny Toad
-1.856;43.014;Larraun;Navarra;Navarra - Nafarroa;2007;Jul;Animalia;Amphibia;Bufonidae;Bufo;Bufo spinosus;Spiny Toad
-5.496;37.993;Las Navas de la Concepcion;;;2013;Apr;Animalia;Amphibia;Hylidae;Hyla;Hyla meridionalis;Mediterranean Tree Frog
-5.496;37.993;Las Navas de la Concepcion;;;2013;Apr;Animalia;Amphibia;Alytidae;Discoglossus;Discoglossus galganoi;Iberian Painted Frog
-5.496;37.993;Las Navas de la Concepcion;;;2013;Apr;Animalia;Amphibia;Salamandridae;Pleurodeles;Pleurodeles waltl;Spanish Ribbed Newt
-5.496;37.993;Las Navas de la Concepcion;;;2013;Apr;Animalia;Amphibia;Salamandridae;Lissotriton;Lissotriton boscai;Bosca's Newt
-5.476;37.913;Las Navas de la Concepcion;;;2013;May;Animalia;Amphibia;Salamandridae;Pleurodeles;Pleurodeles waltl;Spanish Ribbed Newt
-17.925;27.806;Las Palmas;;;2009;Apr;Animalia;Amphibia;Hylidae;Hyla;Hyla meridionalis;Mediterranean Tree Frog
-9.001;43.175;Laxe;Coruna;Galicia;2008;Jun;Animalia;Amphibia;Bufonidae;Bufo;Bufo spinosus;Spiny Toad
1.077;42.381;Lleida;Lleida;;2014;Jul;Animalia;Amphibia;Salamandridae;Calotriton;Calotriton asper;Pyrenean Brook Newt
-2.352;42.453;Logrono;;;2014;Sep;Animalia;Amphibia;Bufonidae;Bufo;Bufo spinosus;Spiny Toad
-4.255;37.024;Loja;;;2014;Apr;Animalia;Amphibia;Hylidae;Hyla;Hyla meridionalis;Mediterranean Tree Frog
-5.581;36.16;Los Barrios;;;2017;Apr;Animalia;Amphibia;Bufonidae;Bufo;Bufo spinosus;Spiny Toad
-5.597;36.143;Los Barrios;;;2019;Mar;Animalia;Amphibia;Bufonidae;Bufo;Bufo spinosus;Spiny Toad
-5.577;36.179;Los Barrios;;;2019;Mar;Animalia;Amphibia;Hylidae;Hyla;Hyla meridionalis;Mediterranean Tree Frog
-6.285;37.071;Los Caracoles;;;2017;Dec;Animalia;Amphibia;Pelodytidae;Pelodytes;Pelodytes ibericus;Iberian Parsley Frog
-6.322;37.071;Los Caracoles;;;2018;Mar;Animalia;Amphibia;Pelodytidae;Pelodytes;Pelodytes ibericus;Iberian Parsley Frog
-6.315;37.071;Los Caracoles;;;2018;Mar;Animalia;Amphibia;Pelodytidae;Pelodytes;Pelodytes ibericus;Iberian Parsley Frog
-6.312;37.071;Los Caracoles;;;2018;Mar;Animalia;Amphibia;Pelodytidae;Pelodytes;Pelodytes ibericus;Iberian Parsley Frog
-6.284;37.071;Los Caracoles;;;2018;Apr;Animalia;Amphibia;Salamandridae;Pleurodeles;Pleurodeles waltl;Spanish Ribbed Newt
-1.278;42.65;Lumbier;;;2017;May;Animalia;Amphibia;Bufonidae;Bufo;Bufo spinosus;Spiny Toad
-2.63;42.068;Lumbreras;;;2018;Jun;Animalia;Amphibia;Salamandridae;Triturus;Triturus marmoratus;Marbled Newt
-4.24;37.52;Luque;;;2018;Apr;Animalia;Amphibia;Bufonidae;Bufo;Bufo spinosus;Spiny Toad
-4.24;37.52;Luque;;;2018;Mar;Animalia;Amphibia;Bufonidae;Bufo;Bufo spinosus;Spiny Toad
-4.3;37.49;Luque;;;2019;Apr;Animalia;Amphibia;Bufonidae;Bufo;Bufo spinosus;Spiny Toad
-1.341;43.026;Luzaide;;;2019;Jul;Animalia;Amphibia;Bufonidae;Bufo;Bufo spinosus;Spiny Toad
-5.731;39.426;Madronera;;;2017;Apr;Animalia;Amphibia;Salamandridae;Lissotriton;Lissotriton boscai;Bosca's Newt
-5.251;36.376;Manilva;;;2019;Feb;Animalia;Amphibia;Bufonidae;Bufo;Bufo spinosus;Spiny Toad
-6.55;41.9;Manzanal de Arriba;;;2017;Apr;Animalia;Amphibia;Salamandridae;Salamandra;Salamandra salamandra;Fire Salamander
-4.179;43.313;Mazcuerras;;;2016;Sep;Animalia;Amphibia;Bufonidae;Bufo;Bufo spinosus;Spiny Toad
-5.242;40.302;Sierra de Gredos;Avila;Castilla-La Mancha;2001;Apr;Animalia;Mammalia;Bovidae;Capra;Capra pyrenaica;Western Spanish Ibex
-5.238;40.248;Sierra de Gredos;Avila;Castilla-La Mancha;2001;May;Animalia;Mammalia;Bovidae;Capra;Capra pyrenaica;Western Spanish Ibex
-5.227;40.285;Sierra de Gredos;Avila;Castilla-La Mancha;2003;May;Animalia;Mammalia;Bovidae;Capra;Capra pyrenaica;Western Spanish Ibex
-5.239;40.27;Sierra de Gredos;Avila;Castilla-La Mancha;2005;May;Animalia;Mammalia;Bovidae;Capra;Capra pyrenaica;Western Spanish Ibex
-5.238;40.269;Sierra de Gredos;Avila;Castilla-La Mancha;2005;May;Animalia;Mammalia;Bovidae;Capra;Capra pyrenaica;Western Spanish Ibex
-5.249;40.28;Sierra de Gredos;Avila;Castilla-La Mancha;2007;May;Animalia;Mammalia;Bovidae;Capra;Capra pyrenaica;Western Spanish Ibex
-5.156;40.23;Sierra de Gredos;Avila;Castilla-La Mancha;2011;Apr;Animalia;Mammalia;Bovidae;Capra;Capra pyrenaica;Western Spanish Ibex
-5.26;40.281;Sierra de Gredos;Avila;Castilla-La Mancha;2013;May;Animalia;Mammalia;Bovidae;Capra;Capra pyrenaica;Western Spanish Ibex
-5.242;40.27;Sierra de Gredos;Avila;Castilla-La Mancha;2013;May;Animalia;Mammalia;Bovidae;Capra;Capra pyrenaica;Western Spanish Ibex
-5.24;40.269;Sierra de Gredos;Avila;Castilla-La Mancha;2013;May;Animalia;Mammalia;Bovidae;Capra;Capra pyrenaica;Western Spanish Ibex
-5.24;40.267;Sierra de Gredos;Avila;Castilla-La Mancha;2013;May;Animalia;Mammalia;Bovidae;Capra;Capra pyrenaica;Western Spanish Ibex
-5.232;40.275;Sierra de Gredos;Avila;Castilla-La Mancha;2013;May;Animalia;Mammalia;Bovidae;Capra;Capra pyrenaica;Western Spanish Ibex
-5.217;40.293;Sierra de Gredos;Avila;Castilla-La Mancha;2014;Apr;Animalia;Mammalia;Bovidae;Capra;Capra pyrenaica;Western Spanish Ibex
-5.3;40.2;Sierra de Gredos;Avila;Castilla-La Mancha;2015;May;Animalia;Mammalia;Canidae;Vulpes;Vulpes vulpes;Red Fox
-5.234;40.272;Sierra de Gredos;Avila;Castilla-La Mancha;2015;Apr;Animalia;Mammalia;Bovidae;Capra;Capra pyrenaica;Western Spanish Ibex
-5.042;36.693;Sierra de las Nieves; Malaga;Andalucia;2014;Apr;Animalia;Mammalia;Bovidae;Capra;Capra pyrenaica;South-eastern Spanish Ibex
-5.014;36.697;Sierra de las Nieves; Malaga;Andalucia;2015;May;Animalia;Mammalia;Bovidae;Capra;Capra pyrenaica;Iberian Ibex
-4.19;37.14;Sierra de Loja;Granada;Andalucia;2019;Apr;Animalia;Mammalia;Bovidae;Capra;Capra pyrenaica;Iberian Ibex
-4.19;37.15;Sierra de Loja;Granada;Andalucia;2019;Mar;Animalia;Mammalia;Bovidae;Capra;Capra pyrenaica;Iberian Ibex
-4.113;36.914;Sierra de Tejeda;;;2013;Apr;Animalia;Mammalia;Bovidae;Capra;Capra pyrenaica;South-eastern Spanish Ibex
-4.04;36.9;Sierra de Tejeda;;;2014;Apr;Animalia;Mammalia;Bovidae;Capra;Capra pyrenaica;South-eastern Spanish Ibex
-0.55;38.7;Sierra Mariola;Alicante;Comunitat Valenciana;2018;Apr;Animalia;Mammalia;Canidae;Vulpes;Vulpes vulpes;Red Fox
-0.55;38.7;Sierra Mariola;Alicante;Comunitat Valenciana;2018;Feb;Animalia;Mammalia;Canidae;Vulpes;Vulpes vulpes;Red Fox
-0.55;38.7;Sierra Mariola;Alicante;Comunitat Valenciana;2018;Mar;Animalia;Mammalia;Canidae;Vulpes;Vulpes vulpes;Red Fox
-3.395;37.102;Sierra Nevada;Granada;Andalucia;2010;May;Animalia;Mammalia;Bovidae;Capra;Capra pyrenaica;South-eastern Spanish Ibex
-3.321;37.047;Sierra Nevada;Granada;Andalucia;2010;May;Animalia;Mammalia;Bovidae;Capra;Capra pyrenaica;South-eastern Spanish Ibex
-3.221;37.118;Sierra Nevada;Granada;Andalucia;2010;May;Animalia;Mammalia;Bovidae;Capra;Capra pyrenaica;South-eastern Spanish Ibex
-3.1;37.3;Sierra Nevada;Granada;Andalucia;2016;Apr;Animalia;Mammalia;Canidae;Vulpes;Vulpes vulpes;Red Fox
-3.421;37.109;Sierra Nevada P.N.;Granada;Andalucia;2011;Apr;Animalia;Mammalia;Bovidae;Capra;Capra pyrenaica;Iberian Ibex
-3.441;37.119;Sierra Nevada P.N.;Granada;Andalucia;2013;May;Animalia;Mammalia;Bovidae;Capra;Capra pyrenaica;Iberian Ibex
-3.363;36.931;Sierra Nevada P.N.;Granada;Andalucia;2013;May;Animalia;Mammalia;Bovidae;Capra;Capra pyrenaica;South-eastern Spanish Ibex
-3.35;37;Sierra Nevada P.N.;Granada;Andalucia;2013;Jun;Animalia;Mammalia;Canidae;Vulpes;Vulpes vulpes;Red Fox
-3.15;36.95;Sierra Nevada P.N.;Granada;Andalucia;2013;Jun;Animalia;Mammalia;Canidae;Vulpes;Vulpes vulpes;Red Fox
-3.336;37.01;Sierra Nevada P.N.;Granada;Andalucia;2014;Apr;Animalia;Mammalia;Bovidae;Capra;Capra pyrenaica;Iberian Ibex
-3.2;36.95;Sierra Nevada P.N.;Granada;Andalucia;2015;May;Animalia;Mammalia;Canidae;Vulpes;Vulpes vulpes;Red Fox
-3.487;37.137;Sierra Nevada P.N.;Granada;Andalucia;2016;Apr;Animalia;Mammalia;Bovidae;Capra;Capra pyrenaica;Iberian Ibex
-3.388;37.092;Sierra Nevada P.N.;Granada;Andalucia;2016;Apr;Animalia;Mammalia;Bovidae;Capra;Capra pyrenaica;Iberian Ibex
-3.385;37.096;Sierra Nevada P.N.;Granada;Andalucia;2016;Apr;Animalia;Mammalia;Bovidae;Capra;Capra pyrenaica;Iberian Ibex
-3.974;38.222;Sierras de Andujar; Caceres;Extremadura;2014;Feb;Animalia;Mammalia;Bovidae;Capra;Capra pyrenaica;Iberian Ibex
-3.976;38.224;Sierras de Andujar; Caceres;Extremadura;2017;Feb;Animalia;Mammalia;Bovidae;Capra;Capra pyrenaica;Iberian Ibex
-3.976;38.223;Sierras de Andujar; Caceres;Extremadura;2017;Feb;Animalia;Mammalia;Bovidae;Capra;Capra pyrenaica;Iberian Ibex
-3.972;38.221;Sierras de Andujar; Caceres;Extremadura;2017;Feb;Animalia;Mammalia;Bovidae;Capra;Capra pyrenaica;Iberian Ibex
-4;38.2;Sierras de Andujar; Caceres;Extremadura;2018;Mar;Animalia;Mammalia;Canidae;Vulpes;Vulpes vulpes;Red Fox
-3.974;38.223;Sierras de Andujar; Caceres;Extremadura;2018;Apr;Animalia;Mammalia;Bovidae;Capra;Capra pyrenaica;Iberian Ibex
-3.974;38.225;Sierras de Andujar; Caceres;Extremadura;2018;Apr;Animalia;Mammalia;Bovidae;Capra;Capra pyrenaica;South-eastern Spanish Ibex
-3.973;38.224;Sierras de Andujar; Caceres;Extremadura;2018;Apr;Animalia;Mammalia;Bovidae;Capra;Capra pyrenaica;South-eastern Spanish Ibex
-3.979;38.223;Sierras de Andujar; Caceres;Extremadura;2019;Apr;Animalia;Mammalia;Bovidae;Capra;Capra pyrenaica;Iberian Ibex
-3.976;38.22;Sierras de Andujar; Caceres;Extremadura;2019;Apr;Animalia;Mammalia;Bovidae;Capra;Capra pyrenaica;Iberian Ibex
-3.975;38.225;Sierras de Andujar; Caceres;Extremadura;2019;Feb;Animalia;Mammalia;Bovidae;Capra;Capra pyrenaica;Iberian Ibex
-3.974;38.225;Sierras de Andujar; Caceres;Extremadura;2019;Apr;Animalia;Mammalia;Bovidae;Capra;Capra pyrenaica;Iberian Ibex
-3.974;38.222;Sierras de Andujar; Caceres;Extremadura;2019;Apr;Animalia;Mammalia;Bovidae;Capra;Capra pyrenaica;Iberian Ibex
-3.974;38.223;Sierras de Andujar; Caceres;Extremadura;2019;Apr;Animalia;Mammalia;Bovidae;Capra;Capra pyrenaica;Iberian Ibex
-3.974;38.223;Sierras de Andujar; Caceres;Extremadura;2019;Feb;Animalia;Mammalia;Bovidae;Capra;Capra pyrenaica;South-eastern Spanish Ibex
-3.974;38.223;Sierras de Andujar; Caceres;Extremadura;2019;Feb;Animalia;Mammalia;Bovidae;Capra;Capra pyrenaica;Iberian Ibex
-4;38.2;Sierras de Andujar; Caceres;Extremadura;2020;Apr;Animalia;Mammalia;Bovidae;Capra;Capra pyrenaica;Iberian Ibex
-4;38.2;Sierras de Andujar; Caceres;Extremadura;2020;Feb;Animalia;Mammalia;Bovidae;Capra;Capra pyrenaica;Iberian Ibex
-3.998;38.161;Sierras de Andujar; Caceres;Extremadura;2020;Feb;Animalia;Mammalia;Canidae;Vulpes;Vulpes vulpes;Red Fox
-3.976;38.227;Sierras de Andujar; Caceres;Extremadura;2020;Feb;Animalia;Mammalia;Bovidae;Capra;Capra pyrenaica;South-eastern Spanish Ibex
-3.975;38.225;Sierras de Andujar; Caceres;Extremadura;2020;Feb;Animalia;Mammalia;Bovidae;Capra;Capra pyrenaica;South-eastern Spanish Ibex
-3.972;38.222;Sierras de Andujar; Caceres;Extremadura;2020;Apr;Animalia;Mammalia;Mustelidae;Lutra;Lutra lutra;Eurasian Otter
-3.969;38.221;Sierras de Andujar; Caceres;Extremadura;2020;Feb;Animalia;Mammalia;Bovidae;Capra;Capra pyrenaica;South-eastern Spanish Ibex
-3.968;38.219;Sierras de Andujar; Caceres;Extremadura;2020;Feb;Animalia;Mammalia;Bovidae;Capra;Capra pyrenaica;Iberian Ibex
-3.963;36.835;Sierras de Tejeda, Almijara y Alhama;;;2006;Apr;Animalia;Mammalia;Bovidae;Capra;Capra pyrenaica;Iberian Ibex
-3.393;37;Soportujar;;;2010;Jul;Animalia;Mammalia;Bovidae;Capra;Capra pyrenaica;Iberian Ibex
-3.85;40.75;Soto del Real;Comunidad de Madrid;Comunidad de Madrid;2016;Apr;Animalia;Mammalia;Canidae;Vulpes;Vulpes vulpes;Red Fox
-3.85;40.8;Soto del Real;Comunidad de Madrid;Comunidad de Madrid;2019;Feb;Animalia;Mammalia;Canidae;Vulpes;Vulpes vulpes;Red Fox
-3.836;40.801;Soto del Real;Comunidad de Madrid;Comunidad de Madrid;2019;Feb;Animalia;Mammalia;Bovidae;Capra;Capra pyrenaica;Iberian Ibex
-3.835;40.801;Soto del Real;Comunidad de Madrid;Comunidad de Madrid;2019;Feb;Animalia;Mammalia;Bovidae;Capra;Capra pyrenaica;Iberian Ibex
-3.832;40.802;Soto del Real;Comunidad de Madrid;Comunidad de Madrid;2019;Feb;Animalia;Mammalia;Bovidae;Capra;Capra pyrenaica;Iberian Ibex
-3.826;40.801;Soto del Real;Comunidad de Madrid;Comunidad de Madrid;2019;Feb;Animalia;Mammalia;Bovidae;Capra;Capra pyrenaica;Iberian Ibex
-0.65;41.35;Spain;;;2013;Apr;Animalia;Mammalia;Canidae;Vulpes;Vulpes vulpes;Red Fox
-3.533;38.522;Spain- Castilla-La Mancha;;;2010;Sep;Animalia;Mammalia;Herpestidae;Herpestes;Herpestes ichneumon;Egyptian Mongoose
-5.9;40;Tejeda de Tietar;;;2020;Apr;Animalia;Mammalia;Mustelidae;Meles;Meles meles;Eurasian Badger
-4.558;36.96;Torcal de Antequera; Malaga;Andalucia;2009;Feb;Animalia;Mammalia;Bovidae;Capra;Capra pyrenaica;Iberian Ibex
-4.55;36.95;Torcal de Antequera; Malaga;Andalucia;2010;Mar;Animalia;Mammalia;Bovidae;Capra;Capra pyrenaica;Iberian Ibex
-4.547;36.963;Torcal de Antequera; Malaga;Andalucia;2011;Apr;Animalia;Mammalia;Bovidae;Capra;Capra pyrenaica;Iberian Ibex
-4.542;36.961;Torcal de Antequera; Malaga;Andalucia;2011;Mar;Animalia;Mammalia;Bovidae;Capra;Capra pyrenaica;South-eastern Spanish Ibex
-4.52;36.971;Torcal de Antequera; Malaga;Andalucia;2011;Apr;Animalia;Mammalia;Bovidae;Capra;Capra pyrenaica;Iberian Ibex
-4.536;36.965;Torcal de Antequera; Malaga;Andalucia;2013;Apr;Animalia;Mammalia;Bovidae;Capra;Capra pyrenaica;Iberian Ibex
-4.561;36.963;Torcal de Antequera; Malaga;Andalucia;2014;May;Animalia;Mammalia;Bovidae;Capra;Capra pyrenaica;Iberian Ibex
-4.548;36.952;Torcal de Antequera; Malaga;Andalucia;2014;Apr;Animalia;Mammalia;Bovidae;Capra;Capra pyrenaica;Iberian Ibex
-4.542;36.955;Torcal de Antequera; Malaga;Andalucia;2014;Apr;Animalia;Mammalia;Bovidae;Capra;Capra pyrenaica;Iberian Ibex
-4.525;36.963;Torcal de Antequera; Malaga;Andalucia;2014;Feb;Animalia;Mammalia;Bovidae;Capra;Capra pyrenaica;Iberian Ibex
-4.549;36.95;Torcal de Antequera; Malaga;Andalucia;2015;May;Animalia;Mammalia;Bovidae;Capra;Capra pyrenaica;Iberian Ibex
-4.545;36.953;Torcal de Antequera; Malaga;Andalucia;2016;Feb;Animalia;Mammalia;Bovidae;Capra;Capra pyrenaica;Iberian Ibex
-4.548;36.957;Torcal de Antequera; Malaga;Andalucia;2017;Apr;Animalia;Mammalia;Bovidae;Capra;Capra pyrenaica;South-eastern Spanish Ibex
-4.548;36.951;Torcal de Antequera; Malaga;Andalucia;2017;Mar;Animalia;Mammalia;Bovidae;Capra;Capra pyrenaica;Iberian Ibex
-4.55;36.952;Torcal de Antequera; Malaga;Andalucia;2018;Feb;Animalia;Mammalia;Bovidae;Capra;Capra pyrenaica;South-eastern Spanish Ibex
-4.551;36.953;Torcal de Antequera; Malaga;Andalucia;2019;Feb;Animalia;Mammalia;Bovidae;Capra;Capra pyrenaica;South-eastern Spanish Ibex
-4.541;36.956;Torcal de Antequera; Malaga;Andalucia;2019;Feb;Animalia;Mammalia;Bovidae;Capra;Capra pyrenaica;Iberian Ibex
-4.533;36.958;Torcal de Antequera; Malaga;Andalucia;2019;Feb;Animalia;Mammalia;Bovidae;Capra;Capra pyrenaica;Iberian Ibex
-4.6;36.95;Torcal de Antequera; Malaga;Andalucia;2020;Feb;Animalia;Mammalia;Bovidae;Capra;Capra pyrenaica;Iberian Ibex
-4.549;36.952;Torcal de Antequera; Malaga;Andalucia;2020;Feb;Animalia;Mammalia;Bovidae;Capra;Capra pyrenaica;Iberian Ibex
-6;39.8;Toril; Caceres;Extremadura;2003;Jul;Animalia;Mammalia;Canidae;Vulpes;Vulpes vulpes;Red Fox
-5.959;39.857;Toril; Caceres;Extremadura;2005;Apr;Animalia;Mammalia;Canidae;Vulpes;Vulpes vulpes;Red Fox
-6;39.8;Toril; Caceres;Extremadura;2006;Jul;Animalia;Mammalia;Canidae;Vulpes;Vulpes vulpes;Red Fox
-5.9;39.8;Toril; Caceres;Extremadura;2006;Jul;Animalia;Mammalia;Canidae;Vulpes;Vulpes vulpes;Red Fox
-6;39.8;Toril; Caceres;Extremadura;2013;Jul;Animalia;Mammalia;Canidae;Vulpes;Vulpes vulpes;Red Fox
-6;39.8;Toril; Caceres;Extremadura;2014;Apr;Animalia;Mammalia;Canidae;Vulpes;Vulpes vulpes;Red Fox
-5.95;39.85;Toril; Caceres;Extremadura;2015;Apr;Animalia;Mammalia;Canidae;Vulpes;Vulpes vulpes;Red Fox
-5.9;39.85;Toril; Caceres;Extremadura;2017;Apr;Animalia;Mammalia;Canidae;Vulpes;Vulpes vulpes;Red Fox
-5.925;39.863;Toril; Caceres;Extremadura;2018;Feb;Animalia;Mammalia;Herpestidae;Herpestes;Herpestes ichneumon;Egyptian Mongoose
-5.9;39.9;Toril; Caceres;Extremadura;2018;Apr;Animalia;Mammalia;Canidae;Vulpes;Vulpes vulpes;Red Fox
-6;39.85;Toril; Caceres;Extremadura;2019;Apr;Animalia;Mammalia;Canidae;Vulpes;Vulpes vulpes;Red Fox
-5.96;39.857;Toril; Caceres;Extremadura;2020;Apr;Animalia;Mammalia;Mustelidae;Lutra;Lutra lutra;Eurasian Otter
-6.05;39.8;Torrejon el Rubio; Caceres;Extremadura;2016;Mar;Animalia;Mammalia;Canidae;Vulpes;Vulpes vulpes;Red Fox
-0.669;38.019;Torrevieja;Alicante;Comunitat Valenciana;2020;Apr;Animalia;Mammalia;Sciuridae;Sciurus;Sciurus vulgaris;Eurasian Red Squirrel
-1.801;42.32;Tramos Bajos del Aragon y del Arga;Navarra;Navarra - Nafarroa;2020;Apr;Animalia;Mammalia;Mustelidae;Meles;Meles meles;Eurasian Badger
-1.789;42.377;Tramos Bajos del Aragon y del Arga;Navarra;Navarra - Nafarroa;2020;Apr;Animalia;Mammalia;Mustelidae;Lutra;Lutra lutra;Eurasian Otter
-1.756;42.221;Tramos Bajos del Aragon y del Arga;Navarra;Navarra - Nafarroa;2020;Apr;Animalia;Mammalia;Mustelidae;Lutra;Lutra lutra;Eurasian Otter
-6.2;36.85;Trebujena;;;2020;Apr;Animalia;Mammalia;Canidae;Vulpes;Vulpes vulpes;Red Fox
-6.9;37.45;Trigueros;;;2020;Feb;Animalia;Mammalia;Mustelidae;Meles;Meles meles;Eurasian Badger
-6.28;38.94;Trujillanos;;;2020;Apr;Animalia;Mammalia;Herpestidae;Herpestes;Herpestes ichneumon;Egyptian Mongoose
-5.95;39.45;Trujillo; Caceres;Extremadura;2016;Apr;Animalia;Mammalia;Canidae;Vulpes;Vulpes vulpes;Red Fox
-6;39.55;Trujillo; Caceres;Extremadura;2017;Apr;Animalia;Mammalia;Canidae;Vulpes;Vulpes vulpes;Red Fox
-5.95;39.6;Trujillo; Caceres;Extremadura;2017;Apr;Animalia;Mammalia;Canidae;Vulpes;Vulpes vulpes;Red Fox
-5.8;39.35;Trujillo; Caceres;Extremadura;2017;Apr;Animalia;Mammalia;Mustelidae;Meles;Meles meles;Eurasian Badger
-5.8;39.5;Trujillo; Caceres;Extremadura;2019;Feb;Animalia;Mammalia;Canidae;Vulpes;Vulpes vulpes;Red Fox
-5.81;39.528;Trujillo; Caceres;Extremadura;2020;Feb;Animalia;Mammalia;Mustelidae;Meles;Meles meles;Eurasian Badger
-1.615;42.057;Tudela;Navarra;Navarra - Nafarroa;2020;Feb;Animalia;Mammalia;Mustelidae;Meles;Meles meles;Eurasian Badger
-1.979;42.926;Uharte-Arakil;;;2017;Apr;Animalia;Mammalia;Mustelidae;Meles;Meles meles;Eurasian Badger
-1.75;43;Ultzama;;;2017;Mar;Animalia;Mammalia;Canidae;Vulpes;Vulpes vulpes;Red Fox
-1.65;42.65;Unzue;;;2013;Apr;Animalia;Mammalia;Mustelidae;Meles;Meles meles;Eurasian Badger
-2.145;42.908;Urdiain;Navarra;Navarra - Nafarroa;2020;Mar;Animalia;Mammalia;Mustelidae;Meles;Meles meles;Eurasian Badger
-2.145;42.907;Urdiain;Navarra;Navarra - Nafarroa;2020;Mar;Animalia;Mammalia;Mustelidae;Meles;Meles meles;Eurasian Badger
-4.05;42.9;Valdeprado del Rio;;;2020;Apr;Animalia;Mammalia;Mustelidae;Meles;Meles meles;Eurasian Badger
-4.05;42.9;Valdeprado del Rio;;;2020;Apr;Animalia;Mammalia;Canidae;Vulpes;Vulpes vulpes;Red Fox
-4.003;42.905;Valdeprado del Rio;;;2020;Apr;Animalia;Mammalia;Mustelidae;Martes;Martes martes;Pine Marten
-3.9;42.8;Valderredible;Cantabria;Cantabria;2008;Jul;Animalia;Mammalia;Canidae;Vulpes;Vulpes vulpes;Red Fox
-3.9;42.8;Valderredible;Cantabria;Cantabria;2009;Feb;Animalia;Mammalia;Canidae;Vulpes;Vulpes vulpes;Red Fox
-3.95;42.8;Valderredible;Cantabria;Cantabria;2011;Apr;Animalia;Mammalia;Canidae;Vulpes;Vulpes vulpes;Red Fox
-4;42.75;Valderredible;Cantabria;Cantabria;2012;May;Animalia;Mammalia;Canidae;Vulpes;Vulpes vulpes;Red Fox
-3.9;42.8;Valderredible;Cantabria;Cantabria;2012;Jul;Animalia;Mammalia;Canidae;Vulpes;Vulpes vulpes;Red Fox
-0.8;42.7;Valle de Hecho;Huesca;Aragon;2015;May;Animalia;Mammalia;Canidae;Vulpes;Vulpes vulpes;Red Fox
-0.75;42.75;Valle de Hecho;Huesca;Aragon;2017;Apr;Animalia;Mammalia;Canidae;Vulpes;Vulpes vulpes;Red Fox
-5.951;36.239;Vejer de la Frontera;;;2019;Feb;Animalia;Mammalia;Herpestidae;Herpestes;Herpestes ichneumon;Egyptian Mongoose
-5.941;36.273;Vejer de la Frontera;;;2019;Mar;Animalia;Mammalia;Herpestidae;Herpestes;Herpestes ichneumon;Egyptian Mongoose
-6.3;36.95;Veta La Palma - Parque Natural de Donana ;Huelva;Andalucia;2016;Feb;Animalia;Mammalia;Canidae;Vulpes;Vulpes vulpes;Red Fox
-6.3;36.95;Veta La Palma - Parque Natural de Donana ;Huelva;Andalucia;2016;Apr;Animalia;Mammalia;Canidae;Vulpes;Vulpes vulpes;Red Fox
-6.25;36.95;Veta La Palma - Parque Natural de Donana ;Huelva;Andalucia;2016;Mar;Animalia;Mammalia;Canidae;Vulpes;Vulpes vulpes;Red Fox
-6.25;36.9;Veta La Palma - Parque Natural de Donana ;Huelva;Andalucia;2016;Mar;Animalia;Mammalia;Canidae;Vulpes;Vulpes vulpes;Red Fox
-6.25;36.9;Veta La Palma - Parque Natural de Donana ;Huelva;Andalucia;2016;Apr;Animalia;Mammalia;Canidae;Vulpes;Vulpes vulpes;Red Fox
-7.233;42.13;Vilarino de Conso;Ourense;Galicia;2019;Apr;Animalia;Mammalia;Bovidae;Capra;Capra pyrenaica;Western Spanish Ibex
-4.45;40.65;Villacastin;Segovia;Castilla-La Mancha;2015;Jul;Animalia;Mammalia;Mustelidae;Meles;Meles meles;Eurasian Badger
-4.45;40.65;Villacastin;Segovia;Castilla-La Mancha;2018;Apr;Animalia;Mammalia;Canidae;Vulpes;Vulpes vulpes;Red Fox
-4.45;40.65;Villacastin;Segovia;Castilla-La Mancha;2019;Apr;Animalia;Mammalia;Canidae;Vulpes;Vulpes vulpes;Red Fox
-6.9;42.7;Villafranca del Bierzo;Leon;Castilla-La Mancha;2013;Jul;Animalia;Mammalia;Canidae;Vulpes;Vulpes vulpes;Red Fox
-5.376;36.681;Villaluenga del Rosario;Cadiz;Andalucia;2016;Mar;Animalia;Mammalia;Bovidae;Capra;Capra pyrenaica;South-eastern Spanish Ibex
-5.368;36.698;Villaluenga del Rosario;Cadiz;Andalucia;2016;Mar;Animalia;Mammalia;Bovidae;Capra;Capra pyrenaica;South-eastern Spanish Ibex
-0.519;39.055;Villanueva de Castellon;Valencia;Comunitat Valenciana;2019;Apr;Animalia;Mammalia;Bovidae;Capra;Capra pyrenaica;South-eastern Spanish Ibex
-3.95;38.15;Villanueva de la Reina;Jaen;Andalucia;2018;Apr;Animalia;Mammalia;Canidae;Vulpes;Vulpes vulpes;Red Fox
-5.45;40.45;Villar de Corneja;Avila;Castilla-La Mancha;2018;Mar;Animalia;Mammalia;Mustelidae;Meles;Meles meles;Eurasian Badger
-6.1;40.1;Villar de Plasencia; Caceres;Extremadura;2019;Apr;Animalia;Mammalia;Canidae;Vulpes;Vulpes vulpes;Red Fox
-6.05;40.1;Villar de Plasencia; Caceres;Extremadura;2019;Mar;Animalia;Mammalia;Canidae;Vulpes;Vulpes vulpes;Red Fox
-6.28;41.91;Villardeciervos;Zamora;;2014;Apr;Animalia;Mammalia;Canidae;Canis;Canis lupus;Iberian Wolf
-0.6;40.65;Villarluengo;Teruel;Aragon;2020;Apr;Animalia;Mammalia;Mustelidae;Meles;Meles meles;Eurasian Badger
-0.597;40.693;Villarluengo;Teruel;Aragon;2020;Apr;Animalia;Mammalia;Bovidae;Capra;Capra pyrenaica;South-eastern Spanish Ibex
-0.57;40.69;Villarluengo;Teruel;Aragon;2020;Apr;Animalia;Mammalia;Bovidae;Capra;Capra pyrenaica;South-eastern Spanish Ibex
-0.566;40.694;Villarluengo;Teruel;Aragon;2020;Aug;Animalia;Mammalia;Bovidae;Capra;Capra pyrenaica;South-eastern Spanish Ibex
-0.555;40.677;Villarluengo;Teruel;Aragon;2020;Aug;Animalia;Mammalia;Bovidae;Capra;Capra pyrenaica;South-eastern Spanish Ibex
-1.85;42.75;Zabalza;Teruel;Aragon;2010;Jun;Animalia;Mammalia;Mustelidae;Meles;Meles meles;Eurasian Badger
-5.399;36.813;Zahara;;;2013;May;Animalia;Mammalia;Bovidae;Capra;Capra pyrenaica;Iberian Ibex
-5.398;36.815;Zahara;;;2020;Feb;Animalia;Mammalia;Bovidae;Capra;Capra pyrenaica;Iberian Ibex
-2.786;42.652;Zambrana;Alava;Euskadi;2020;Feb;Animalia;Mammalia;Mustelidae;Meles;Meles meles;Eurasian Badger
-5.295;40.313;Zapardiel de la Ribera;Avila;Castilla-La Mancha;2007;Jul;Animalia;Mammalia;Bovidae;Capra;Capra pyrenaica;Iberian Ibex
-0.7;41.35;Zaragoza;Zaragoza;Aragon;2015;Jun;Animalia;Mammalia;Canidae;Vulpes;Vulpes vulpes;Red Fox
-0.65;41.35;Zaragoza;Zaragoza;Aragon;2015;Jul;Animalia;Mammalia;Canidae;Vulpes;Vulpes vulpes;Red Fox
-6.1;40.25;Zarza de Granadilla; Caceres;Extremadura;2019;Feb;Animalia;Mammalia;Canidae;Vulpes;Vulpes vulpes;Red Fox
-6.008;40.208;Zarza de Granadilla; Caceres;;2020;Aug;Animalia;Mammalia;Viverridae;Genetta;Genetta genetta;Common Genet
-5.2;37.35;ZEPA Campinas de Sevilla;Sevilla;Andalucia;2018;Aug;Animalia;Mammalia;Canidae;Vulpes;Vulpes vulpes;Red Fox
-5.15;37.3;ZEPA Campinas de Sevilla;Sevilla;Andalucia;2020;Feb;Animalia;Mammalia;Canidae;Vulpes;Vulpes vulpes;Red Fox
-5.116;37.405;ZEPA Campinas de Sevilla;Sevilla;Andalucia;2020;Aug;Animalia;Mammalia;Canidae;Vulpes;Vulpes vulpes;Red Fox
-3.9;42.85;ZEPA Hoces del Ebro;;;2011;Sep;Animalia;Mammalia;Canidae;Vulpes;Vulpes vulpes;Red Fox
-3.85;42.8;ZEPA Hoces del Ebro;Burgos;Castilla-La Mancha;2011;Jun;Animalia;Mammalia;Canidae;Vulpes;Vulpes vulpes;Red Fox
-3.9;42.8;ZEPA Hoces del Ebro;Burgos;Castilla-La Mancha;2015;Aug;Animalia;Mammalia;Canidae;Vulpes;Vulpes vulpes;Red Fox
-4.741;37.131;Zona Protegida Laguna de Fuente de Piedra; Malaga;Andalucia;2020;Feb;Animalia;Mammalia;Herpestidae;Herpestes;Herpestes ichneumon;Egyptian Mongoose
